13054001,20140101000000,43.438,5.216,9,0,7.5,14.1,11,62,79,73,4,-999,1.4,144,397
13054001,20140102000000,43.438,5.216,9,0,10.5,15.7,13.1,73,89,82,4.1,-999,0,76,356
13054001,20140103000000,43.438,5.216,9,0,10.4,16.1,12.7,68,85,79,4,-999,0.2,99,384
13054001,20140104000000,43.438,5.216,9,0,12.5,15.9,13.3,66,89,81,7.5,-999,1.8,21,179
13054001,20140105000000,43.438,5.216,9,0,7,12.5,9.7,44,87,60,9.5,-999,0,481,772
13054001,20140106000000,43.438,5.216,9,0,3.7,16.3,10.5,47,79,64,3.2,-999,0,335,591
13054001,20140107000000,43.438,5.216,9,0,9.6,15.3,12.6,70,84,77,4,-999,0,3,249
13054001,20140108000000,43.438,5.216,9,0,10.8,16.5,12.6,66,85,79,3.3,-999,0,234,514
13054001,20140109000000,43.438,5.216,9,0,9.1,15.6,11.7,63,89,80,2.5,-999,0,130,509
13054001,20140110000000,43.438,5.216,9,0,7.4,14.2,11.5,66,93,80,1,-999,0,253,524
13054001,20140111000000,43.438,5.216,9,0,10.7,14.3,11.6,67,91,77,2.2,-999,0,0,239
13054001,20140112000000,43.438,5.216,9,0,7,13.9,11.1,67,91,82,1,-999,0,0,373
13054001,20140113000000,43.438,5.216,9,0,9.6,13,11,81,91,87,2.2,-999,9.7,0,113
13054001,20140114000000,43.438,5.216,9,0,5.4,12.1,8.4,58,92,80,3.5,-999,0.8,439,798
13054001,20140115000000,43.438,5.216,9,0,5.5,11.7,7.3,51,85,71,4.7,-999,0.4,364,723
13054001,20140116000000,43.438,5.216,9,0,4.6,14.4,12.7,61,90,81,7.1,-999,1.8,0,91
13054001,20140117000000,43.438,5.216,9,0,10.6,15.5,13.1,62,86,79,4.5,-999,0,243,580
13054001,20140118000000,43.438,5.216,9,0,9.9,13.9,12.3,70,91,82,6.5,-999,27.1,0,97
13054001,20140119000000,43.438,5.216,9,0,10.2,14.3,11.5,67,92,82,4.9,-999,12.4,55,360
13054001,20140120000000,43.438,5.216,9,0,8,11,9.1,58,93,75,8.9,-999,0,302,687
13054001,20140121000000,43.438,5.216,9,0,7.1,10.8,7.8,57,82,69,9.1,-999,0,518,918
13054001,20140122000000,43.438,5.216,9,0,-0.8,10.9,5.1,48,93,78,1.5,-999,0,444,849
13054001,20140123000000,43.438,5.216,9,0,4.5,13.1,8.1,45,86,71,5.2,-999,0,302,776
13054001,20140124000000,43.438,5.216,9,0,6.1,10.5,7.3,49,75,65,7.4,-999,0,313,815
13054001,20140125000000,43.438,5.216,9,0,-1.1,11.6,6.5,28,84,57,6,-999,0,272,703
13054001,20140126000000,43.438,5.216,9,0,7.8,14.2,10.8,38,86,61,6.2,-999,0,402,880
13054001,20140127000000,43.438,5.216,9,0,7.6,12.9,9.7,41,87,66,6.2,-999,0,391,868
13054001,20140128000000,43.438,5.216,9,0,0.7,10.6,6.3,47,80,69,3.6,-999,6.6,354,857
13054001,20140129000000,43.438,5.216,9,0,4.6,10.2,7.3,70,87,80,6.6,-999,21,212,635
13054001,20140130000000,43.438,5.216,9,0,5.4,7.7,6.5,69,93,86,5.4,-999,46.2,0,54
13054001,20140131000000,43.438,5.216,9,0,4.5,7.8,5.8,75,93,86,2.9,-999,1.6,0,227
13054001,20140201000000,43.438,5.216,9,0,3.4,12.2,8,62,94,81,3.6,-999,13.7,152,501
13054001,20140202000000,43.438,5.216,9,0,6.1,9.4,7.4,56,88,70,8.3,-999,0,70,537
13054001,20140203000000,43.438,5.216,9,0,1.1,12.7,7.9,57,90,75,4,-999,1.2,383,928
13054001,20140204000000,43.438,5.216,9,0,5.7,12,9.1,64,89,78,3.3,-999,8.1,424,952
13054001,20140205000000,43.438,5.216,9,0,6.8,13,8.9,74,93,86,5.7,-999,21.5,18,130
13054001,20140206000000,43.438,5.216,9,0,1.2,14.9,8.9,38,95,75,4.4,-999,0.2,521,1036
13054001,20140207000000,43.438,5.216,9,0,9.8,14.1,11.3,67,90,82,5,-999,1.8,179,602
13054001,20140208000000,43.438,5.216,9,0,3.5,14.6,10.3,64,92,79,5.6,-999,1.4,2,286
13054001,20140209000000,43.438,5.216,9,0,5.9,12.5,9.8,51,83,66,5.1,-999,16.9,353,876
13054001,20140210000000,43.438,5.216,9,0,9.6,13,10.3,62,90,79,7.3,-999,7.1,16,296
13054001,20140211000000,43.438,5.216,9,0,6.5,12.9,8.9,41,83,65,6.1,-999,0,515,1249
13054001,20140212000000,43.438,5.216,9,0,5.3,13.9,9.2,46,88,68,5.1,-999,0,562,1276
13054001,20140213000000,43.438,5.216,9,0,3.7,17.3,10.2,43,84,72,3.8,-999,0.4,300,933
13054001,20140214000000,43.438,5.216,9,0,6.5,16.2,11.7,46,79,68,4.2,-999,0,254,953
13054001,20140215000000,43.438,5.216,9,0,13.3,18.2,15.3,58,83,71,5.9,-999,0,178,836
13054001,20140216000000,43.438,5.216,9,0,9.6,14.1,10.6,64,92,82,2.7,-999,3,102,597
13054001,20140217000000,43.438,5.216,9,0,3.6,13.9,9.2,46,92,71,1.8,-999,0,602,1364
13054001,20140218000000,43.438,5.216,9,0,4.7,16.8,10.5,49,87,74,1.6,-999,2.6,33,630
13054001,20140219000000,43.438,5.216,9,0,9,15,11.6,41,88,65,6.6,-999,0,358,1036
13054001,20140220000000,43.438,5.216,9,0,9.8,16.4,12,40,82,64,5.3,-999,0,552,1345
13054001,20140221000000,43.438,5.216,9,0,9.9,13.6,10.7,62,90,78,4.5,-999,2.6,32,595
13054001,20140222000000,43.438,5.216,9,0,5.4,14.4,9.3,41,87,66,5.6,-999,0,629,1472
13054001,20140223000000,43.438,5.216,9,0,2.1,16.5,9.1,31,91,69,2.5,-999,0,635,1483
13054001,20140224000000,43.438,5.216,9,0,7.1,16.4,11.5,43,78,62,5.1,-999,0,603,1509
13054001,20140225000000,43.438,5.216,9,0,7.6,14.4,11.3,64,86,75,5.3,-999,2.8,102,648
13054001,20140226000000,43.438,5.216,9,0,7.2,10.7,8.5,66,90,82,4.9,-999,7,182,630
13054001,20140227000000,43.438,5.216,9,0,4.6,12.1,8,47,90,75,3.3,-999,0.2,265,1031
13054001,20140228000000,43.438,5.216,9,0,3.6,12.5,8.1,61,94,79,5,-999,5.1,63,507
13054001,20140301000000,43.438,5.216,9,0,4.4,12.3,8.5,41,79,61,8.8,-999,0,562,1386
13054001,20140302000000,43.438,5.216,9,0,6.3,13.6,9.3,44,73,60,5.6,-999,6.3,596,1616
13054001,20140303000000,43.438,5.216,9,0,5.8,12.9,9.2,50,90,70,7.4,-999,8.5,216,856
13054001,20140304000000,43.438,5.216,9,0,5.2,12.5,9,29,78,59,12.1,-999,0,622,1534
13054001,20140305000000,43.438,5.216,9,0,1.4,15.4,9.3,43,88,62,4,-999,0,659,1693
13054001,20140306000000,43.438,5.216,9,0,1.8,17.3,9.5,32,86,63,2.7,-999,0,553,1615
13054001,20140307000000,43.438,5.216,9,0,3.3,19,10.6,29,82,61,1.9,-999,0,662,1746
13054001,20140308000000,43.438,5.216,9,0,2.7,19.6,10.7,32,88,66,1.9,-999,0,666,1758
13054001,20140309000000,43.438,5.216,9,0,4.4,18.1,11.1,40,85,65,1.9,-999,0,659,1720
13054001,20140310000000,43.438,5.216,9,0,3.8,17.5,10.3,33,85,63,2,-999,0,369,1335
13054001,20140311000000,43.438,5.216,9,0,4.9,16.9,10.8,43,83,68,1.7,-999,0,315,1308
13054001,20140312000000,43.438,5.216,9,0,5.4,18.8,11.2,30,85,62,1.9,-999,0,545,1632
13054001,20140313000000,43.438,5.216,9,0,3.4,19,10.6,27,81,58,2,-999,0,642,1726
13054001,20140314000000,43.438,5.216,9,0,4.4,19.5,11.9,29,82,61,2.1,-999,0,665,1781
13054001,20140315000000,43.438,5.216,9,0,4.6,20.4,13.1,34,94,60,7.8,-999,0,456,1482
13054001,20140316000000,43.438,5.216,9,0,10.9,21.7,15.2,39,80,56,5.3,-999,0,625,1808
13054001,20140317000000,43.438,5.216,9,0,6.4,20.2,13.7,46,92,74,2.4,-999,0,691,1911
13054001,20140318000000,43.438,5.216,9,0,10.3,17,13.2,69,92,83,2.3,-999,0,417,1606
13054001,20140319000000,43.438,5.216,9,0,10.6,19.6,14,39,89,65,4.1,-999,0,652,1895
13054001,20140320000000,43.438,5.216,9,0,7.1,18.7,13.1,65,93,81,2.4,-999,0,427,1412
13054001,20140321000000,43.438,5.216,9,0,12.1,16.8,13.7,57,90,77,2.9,-999,0,24,783
13054001,20140322000000,43.438,5.216,9,0,11.2,14.4,12.6,79,92,86,5.3,-999,6.6,0,172
13054001,20140323000000,43.438,5.216,9,0,7.5,14.9,9.7,32,82,63,9.5,-999,0.5,498,1703
13054001,20140324000000,43.438,5.216,9,0,5.5,13.8,9.5,35,76,54,7.5,-999,0,598,1954
13054001,20140325000000,43.438,5.216,9,0,7.5,14.5,10.1,48,88,63,4.8,-999,0.2,284,1424
13054001,20140326000000,43.438,5.216,9,0,7.3,15.7,10.7,39,87,67,2.8,-999,0,320,1322
13054001,20140327000000,43.438,5.216,9,0,6.5,16.6,10.5,33,87,60,3.3,-999,0,632,2011
13054001,20140328000000,43.438,5.216,9,0,4.4,16.5,10.9,50,83,68,3,-999,0.2,691,2064
13054001,20140329000000,43.438,5.216,9,0,6.9,21.4,16,25,79,44,5.4,-999,0,357,1498
13054001,20140330000000,43.438,5.216,9,0,13.2,20.7,15,30,76,59,4.1,-999,0,181,1260
13054001,20140331000000,43.438,5.216,9,0,6.8,18,12.8,51,87,71,2.3,-999,0,542,1788
13054001,20140401000000,43.438,5.216,9,0,8.9,17.8,13.9,60,89,75,4,-999,0,484,1827
13054001,20140402000000,43.438,5.216,9,0,11.1,20.9,16.4,40,82,57,5.7,-999,0,385,1493
13054001,20140403000000,43.438,5.216,9,0,16.1,20.3,17.8,34,55,45,7.5,-999,0,25,620
13054001,20140404000000,43.438,5.216,9,0,13.9,20.6,16.8,42,76,59,5.5,-999,0,58,906
13054001,20140405000000,43.438,5.216,9,0,13.9,20.9,16.9,48,73,59,6.9,-999,0,688,2151
13054001,20140406000000,43.438,5.216,9,0,8.7,23.4,16.4,33,85,60,2,-999,0,718,2246
13054001,20140407000000,43.438,5.216,9,0,10,22.6,16.1,42,92,67,2.9,-999,0,633,2142
13054001,20140408000000,43.438,5.216,9,0,11.3,20.4,15.6,42,92,72,4.3,-999,0.8,210,1059
13054001,20140409000000,43.438,5.216,9,0,11.5,21.4,15.6,35,77,51,4.6,-999,0,750,2286
13054001,20140410000000,43.438,5.216,9,0,7.1,20.9,14,42,91,70,2.5,-999,0,761,2380
13054001,20140411000000,43.438,5.216,9,0,8.4,20.2,14.2,48,92,75,2.6,-999,0.2,585,1931
13054001,20140412000000,43.438,5.216,9,0,9,20,14.6,61,90,76,2.3,-999,0,733,2314
13054001,20140413000000,43.438,5.216,9,0,10.5,24,17.7,28,92,57,5,-999,0,649,2207
13054001,20140414000000,43.438,5.216,9,0,9.2,24,17.6,22,90,53,5.3,-999,0.2,763,2473
13054001,20140415000000,43.438,5.216,9,0,12.5,21.8,16.2,24,70,43,7,-999,0,757,2486
13054001,20140416000000,43.438,5.216,9,0,6,19.8,13.1,32,74,50,3.6,-999,0,655,2125
13054001,20140417000000,43.438,5.216,9,0,5.4,18.7,13.4,48,85,66,3,-999,0,758,2512
13054001,20140418000000,43.438,5.216,9,0,9.5,21.5,15.8,22,91,57,5.4,-999,0,242,1515
13054001,20140419000000,43.438,5.216,9,0,10.1,17.8,13.4,29,68,46,9.1,-999,0,789,2651
13054001,20140420000000,43.438,5.216,9,0,7.7,14.8,12.6,59,91,77,2,-999,1.6,0,398
13054001,20140421000000,43.438,5.216,9,0,11.5,18.7,14.4,57,92,79,2.2,-999,0,149,1063
13054001,20140422000000,43.438,5.216,9,0,11.3,18.3,14.8,67,92,81,2.1,-999,2,25,967
13054001,20140423000000,43.438,5.216,9,0,11,21.9,16.2,54,96,78,2.6,-999,0,772,2543
13054001,20140424000000,43.438,5.216,9,0,9.6,24.9,17.3,32,95,66,2.3,-999,0.2,746,2433
13054001,20140425000000,43.438,5.216,9,0,13.9,20,16.1,54,89,74,4.9,-999,3.6,149,1174
13054001,20140426000000,43.438,5.216,9,0,11.7,21.7,16.2,41,84,65,4.2,-999,0.8,610,2347
13054001,20140427000000,43.438,5.216,9,0,10.6,21,15.3,38,87,57,10.4,-999,0,623,2329
13054001,20140428000000,43.438,5.216,9,0,10.4,20.6,15.2,35,74,56,8.6,-999,0,648,2462
13054001,20140429000000,43.438,5.216,9,0,12.3,22.4,17.3,34,74,57,8.2,-999,0,771,2700
13054001,20140430000000,43.438,5.216,9,0,13.7,21.4,17,33,76,54,8.5,-999,0,663,2480
13054001,20140501000000,43.438,5.216,9,0,12.5,23.1,17.7,39,70,54,7.6,-999,0,640,2380
13054001,20140502000000,43.438,5.216,9,0,13,18.8,16.1,46,67,57,10.9,-999,0,319,1239
13054001,20140503000000,43.438,5.216,9,0,14.5,20,16,42,67,56,10.4,-999,0,745,2738
13054001,20140504000000,43.438,5.216,9,0,10.2,21.3,15.4,36,76,54,4.4,-999,0,812,2804
13054001,20140505000000,43.438,5.216,9,0,8.4,23.4,16.3,28,79,56,3.1,-999,0,811,2839
13054001,20140506000000,43.438,5.216,9,0,8.9,21.9,16.9,34,79,53,3,-999,0.2,501,2240
13054001,20140507000000,43.438,5.216,9,0,14.4,22.9,18.5,45,84,64,3,-999,0,582,2444
13054001,20140508000000,43.438,5.216,9,0,14.1,25.1,18.7,26,82,58,3.5,-999,0,806,2584
13054001,20140509000000,43.438,5.216,9,0,11.7,27.3,20,39,85,63,4.1,-999,0,804,2749
13054001,20140510000000,43.438,5.216,9,0,16.5,25.6,19.8,40,78,60,4,-999,0,697,2395
13054001,20140511000000,43.438,5.216,9,0,14.1,22.6,18.6,29,87,56,6,-999,0,206,1279
13054001,20140512000000,43.438,5.216,9,0,13.4,22.1,17.5,26,70,47,7,-999,0,723,2736
13054001,20140513000000,43.438,5.216,9,0,12.9,20.6,16.2,28,60,46,11.2,-999,0,802,2861
13054001,20140514000000,43.438,5.216,9,0,11.9,20.9,16.4,31,64,47,13.9,-999,0,845,2991
13054001,20140515000000,43.438,5.216,9,0,12.5,21.9,16.9,31,60,45,9.6,-999,0,844,2970
13054001,20140516000000,43.438,5.216,9,0,11.4,22.3,16.5,30,67,45,5.5,-999,0,805,2918
13054001,20140517000000,43.438,5.216,9,0,8.2,22.9,16.5,35,82,62,3.4,-999,0,822,2908
13054001,20140518000000,43.438,5.216,9,0,10.8,22,17.6,39,83,58,3.6,-999,4,815,2883
13054001,20140519000000,43.438,5.216,9,0,15.1,20.2,16.9,60,88,73,5.1,-999,1.4,41,801
13054001,20140520000000,43.438,5.216,9,0,13.7,25.5,20.5,41,80,59,5.9,-999,0,688,2648
13054001,20140521000000,43.438,5.216,9,0,18.3,29.9,23.6,24,70,45,9.7,-999,0,567,2423
13054001,20140522000000,43.438,5.216,9,0,18.6,24.5,20.2,57,87,70,6.4,-999,0.4,158,1199
13054001,20140523000000,43.438,5.216,9,0,14.7,23.2,18,41,83,64,5.3,-999,0.4,773,2883
13054001,20140524000000,43.438,5.216,9,0,9.4,24.1,17.1,25,89,56,4.1,-999,0,822,3037
13054001,20140525000000,43.438,5.216,9,0,12.6,21.5,17.5,48,73,58,2.7,-999,0,134,1317
13054001,20140526000000,43.438,5.216,9,0,13.3,22.4,17.2,35,84,64,4.9,-999,0,499,2122
13054001,20140527000000,43.438,5.216,9,0,13.2,23.2,17.8,39,69,52,7.7,-999,0,683,2460
13054001,20140528000000,43.438,5.216,9,0,12.1,23.5,17.6,34,85,60,4.5,-999,0,842,2879
13054001,20140529000000,43.438,5.216,9,0,12.2,25.8,20.1,28,87,49,5.7,-999,0,728,2549
13054001,20140530000000,43.438,5.216,9,0,15.8,27.4,20.6,30,79,52,5.7,-999,0,719,2864
13054001,20140531000000,43.438,5.216,9,0,13.9,25.6,19.2,39,83,63,3.6,-999,0,618,2436
13054001,20140601000000,43.438,5.216,9,0,12.7,25.2,18.9,42,88,65,2.7,-999,0,854,2964
13054001,20140602000000,43.438,5.216,9,0,11.5,26.1,20.6,29,82,49,4.4,-999,0,850,3021
13054001,20140603000000,43.438,5.216,9,0,14.8,27.8,21.7,30,72,48,3.5,-999,0,692,2905
13054001,20140604000000,43.438,5.216,9,0,17.1,25.1,20.7,39,73,57,4.1,-999,0.2,312,1946
13054001,20140605000000,43.438,5.216,9,0,14.1,25.5,20.1,30,74,52,2.7,-999,0,843,2937
13054001,20140606000000,43.438,5.216,9,0,15.4,28.7,22.6,33,76,54,3.8,-999,0,589,2352
13054001,20140607000000,43.438,5.216,9,0,15.8,30.2,23.5,28,74,47,3.3,-999,0,821,2817
13054001,20140608000000,43.438,5.216,9,0,16.1,34,25.2,17,68,39,3.4,-999,0,768,2834
13054001,20140609000000,43.438,5.216,9,0,17.1,33,25.6,19,62,41,2.5,-999,0,803,2900
13054001,20140610000000,43.438,5.216,9,0,18.1,33.8,26,27,66,47,3,-999,0,683,2716
13054001,20140611000000,43.438,5.216,9,0,19.1,33.8,26.4,28,71,49,2.4,-999,0,849,2988
13054001,20140612000000,43.438,5.216,9,0,19,34.6,27.1,31,76,55,2.9,-999,0,684,2724
13054001,20140613000000,43.438,5.216,9,0,19.8,34.9,28.2,25,83,52,4.4,-999,0,596,2689
13054001,20140614000000,43.438,5.216,9,0,24.1,32.5,27.5,27,56,41,8.7,-999,29.8,864,2956
13054001,20140615000000,43.438,5.216,9,0,16.6,25,20.1,44,89,70,3.3,-999,1.8,35,1215
13054001,20140616000000,43.438,5.216,9,0,16.6,27.5,21.4,38,89,64,3.1,-999,0,583,2660
13054001,20140617000000,43.438,5.216,9,0,17.2,27.2,21.1,34,83,60,3.3,-999,0.6,665,2844
13054001,20140618000000,43.438,5.216,9,0,16.6,25.1,19.5,42,83,65,3.1,-999,0.2,248,1827
13054001,20140619000000,43.438,5.216,9,0,14.4,27.2,21.5,30,87,63,3.8,-999,0,860,3037
13054001,20140620000000,43.438,5.216,9,0,15.8,32,24.5,18,84,53,5.3,-999,0,867,3085
13054001,20140621000000,43.438,5.216,9,0,15.4,29.6,23.3,37,82,58,3.5,-999,0,844,2989
13054001,20140622000000,43.438,5.216,9,0,17.1,29.2,24,24,73,49,3.5,-999,0,738,2861
13054001,20140623000000,43.438,5.216,9,0,18,30.7,24.1,38,77,60,3.1,-999,0,758,2757
13054001,20140624000000,43.438,5.216,9,0,19.9,29.6,24.5,49,86,68,3.5,-999,6.1,773,2792
13054001,20140625000000,43.438,5.216,9,0,17.9,25.6,21.6,51,91,73,3.8,-999,0.4,341,1393
13054001,20140626000000,43.438,5.216,9,0,17,31.1,25,23,75,45,4.4,-999,0,753,2962
13054001,20140627000000,43.438,5.216,9,0,19.8,29.6,24.2,33,71,52,3.8,-999,0,872,3047
13054001,20140628000000,43.438,5.216,9,0,19.2,28.3,24.3,44,72,56,7,-999,0.2,540,2232
13054001,20140629000000,43.438,5.216,9,0,19.9,27.5,22.8,31,86,55,8.7,-999,0,497,2407
13054001,20140630000000,43.438,5.216,9,0,17.1,27.5,22.4,25,67,45,8.7,-999,0,783,3035
13054001,20140701000000,43.438,5.216,9,0,16.2,28.3,22.8,34,81,57,4.3,-999,0,574,2666
13054001,20140702000000,43.438,5.216,9,0,19.9,29,23.6,39,76,58,3,-999,0,674,2832
13054001,20140703000000,43.438,5.216,9,0,17.3,29.8,25.6,31,82,53,4.1,-999,0,781,2731
13054001,20140704000000,43.438,5.216,9,0,22.7,29.4,25.5,32,88,57,7.2,-999,2,263,1678
13054001,20140705000000,43.438,5.216,9,0,17.6,29.3,23.5,40,91,69,3.2,-999,0,826,2789
13054001,20140706000000,43.438,5.216,9,0,19.7,30.3,25.3,36,86,53,6,-999,0,604,2589
13054001,20140707000000,43.438,5.216,9,0,20.1,26.5,21.8,45,83,65,4.2,-999,0,129,1462
13054001,20140708000000,43.438,5.216,9,0,17.4,26.7,21.6,33,78,54,8.7,-999,0,701,2612
13054001,20140709000000,43.438,5.216,9,0,17.8,25,21,33,69,50,10.3,-999,0,792,2849
13054001,20140710000000,43.438,5.216,9,0,16.1,24.3,19.7,41,67,56,10.9,-999,0,273,1600
13054001,20140711000000,43.438,5.216,9,0,17.9,27.3,22.1,43,72,56,11.8,-999,0,849,3000
13054001,20140712000000,43.438,5.216,9,0,18.7,27.6,22.9,35,65,51,9.4,-999,0,733,2739
13054001,20140713000000,43.438,5.216,9,0,18.8,27.9,23,41,74,59,6.4,-999,0,699,2602
13054001,20140714000000,43.438,5.216,9,0,19,30.7,24.8,32,84,53,6.9,-999,0,854,2912
13054001,20140715000000,43.438,5.216,9,0,16.6,30.9,24.4,34,69,50,2.9,-999,0,861,2936
13054001,20140716000000,43.438,5.216,9,0,17.1,31.9,24.8,30,77,56,2.7,-999,0,860,2971
13054001,20140717000000,43.438,5.216,9,0,18.2,31.7,24.7,33,79,61,3,-999,0,846,2926
13054001,20140718000000,43.438,5.216,9,0,17.5,31.7,25.5,25,82,53,2.8,-999,0,797,2787
13054001,20140719000000,43.438,5.216,9,0,20.7,35.2,29,20,56,33,6,-999,0.8,444,1983
13054001,20140720000000,43.438,5.216,9,0,19.7,31.6,24.3,35,85,60,4.9,-999,5.1,124,1072
13054001,20140721000000,43.438,5.216,9,0,18.1,28.2,23.1,42,85,62,9.5,-999,0,635,2457
13054001,20140722000000,43.438,5.216,9,0,20.5,28.3,23.8,45,73,60,9.9,-999,0,700,2650
13054001,20140723000000,43.438,5.216,9,0,16.9,31.2,24.3,40,86,63,2.6,-999,0,841,2807
13054001,20140724000000,43.438,5.216,9,0,21.6,31.2,25.8,46,79,63,2.9,-999,0,744,2680
13054001,20140725000000,43.438,5.216,9,0,21,29.3,23.5,51,87,73,3.2,-999,2.2,251,1626
13054001,20140726000000,43.438,5.216,9,0,17.5,31.4,24.5,30,90,59,6.8,-999,0,703,2635
13054001,20140727000000,43.438,5.216,9,0,22.1,31.7,26.6,32,64,49,7.7,-999,0,842,2830
13054001,20140728000000,43.438,5.216,9,0,21.8,28.3,23.8,48,77,63,5.5,-999,0,415,1654
13054001,20140729000000,43.438,5.216,9,0,17.1,25.1,20.9,41,81,61,8.9,-999,0,472,2037
13054001,20140730000000,43.438,5.216,9,0,18.2,28.7,23.9,48,77,60,11.1,-999,0,812,2724
13054001,20140731000000,43.438,5.216,9,0,20.6,30.9,25.2,35,74,57,4.7,-999,0,832,2779
13054001,20140801000000,43.438,5.216,9,0,17.8,30.2,24.4,39,85,60,2.7,-999,0.6,674,2515
13054001,20140802000000,43.438,5.216,9,0,19.8,28.8,23.5,47,94,70,4.6,-999,25.9,646,2531
13054001,20140803000000,43.438,5.216,9,0,17.9,28.8,23.4,51,88,72,2.5,-999,0,774,2679
13054001,20140804000000,43.438,5.216,9,0,19.7,30.6,24.9,37,89,65,3.7,-999,0,736,2617
13054001,20140805000000,43.438,5.216,9,0,19.9,29.5,24.7,30,77,51,7.4,-999,0,801,2752
13054001,20140806000000,43.438,5.216,9,0,16.6,31.9,24.7,26,76,51,4.1,-999,0,812,2677
13054001,20140807000000,43.438,5.216,9,0,21.4,31.1,25.9,35,76,56,4.6,-999,0,645,2450
13054001,20140808000000,43.438,5.216,9,0,20,30.1,25.2,47,89,67,4.3,-999,10,801,2575
13054001,20140809000000,43.438,5.216,9,0,19.1,30.7,24.6,48,84,67,3.1,-999,0,534,2189
13054001,20140810000000,43.438,5.216,9,0,21.2,32.3,26.7,38,80,59,4.7,-999,0,712,2345
13054001,20140811000000,43.438,5.216,9,0,22.2,32.3,26.5,42,84,63,4.2,-999,0,759,2463
13054001,20140812000000,43.438,5.216,9,0,18.6,30.4,24.2,28,80,55,5.3,-999,3.4,782,2617
13054001,20140813000000,43.438,5.216,9,0,17.8,26.5,22.2,32,92,60,6.5,-999,28.3,457,1966
13054001,20140814000000,43.438,5.216,9,0,16.6,26.5,21.7,33,67,50,8.2,-999,0,814,2659
13054001,20140815000000,43.438,5.216,9,0,17.4,26.5,21.9,30,68,50,7.1,-999,0,794,2649
13054001,20140816000000,43.438,5.216,9,0,17.9,25.7,21.5,33,62,48,9.6,-999,0,805,2636
13054001,20140817000000,43.438,5.216,9,0,13.3,26.8,20.1,32,78,59,2.8,-999,0,805,2594
13054001,20140818000000,43.438,5.216,9,0,14.3,27,21.9,34,90,67,3.1,-999,16.5,560,2247
13054001,20140819000000,43.438,5.216,9,0,19.5,27.4,22.8,40,93,73,3.2,-999,0,604,2271
13054001,20140820000000,43.438,5.216,9,0,17.5,25.7,21.3,41,87,62,4.3,-999,0,618,1976
13054001,20140821000000,43.438,5.216,9,0,16.2,26.7,20.9,29,79,55,4.7,-999,0,777,2527
13054001,20140822000000,43.438,5.216,9,0,15.6,26.1,21.1,37,83,62,2.9,-999,0,360,1613
13054001,20140823000000,43.438,5.216,9,0,18.7,26.9,22.3,32,84,52,6.5,-999,0,678,2427
13054001,20140824000000,43.438,5.216,9,0,18,25.9,21.4,32,65,49,7.5,-999,0,569,2214
13054001,20140825000000,43.438,5.216,9,0,13.3,27,21,30,74,52,2.8,-999,0,688,2192
13054001,20140826000000,43.438,5.216,9,0,19.7,27.2,24,67,87,77,3.3,-999,1,110,1247
13054001,20140827000000,43.438,5.216,9,0,20.1,29.8,24.1,34,90,63,4.7,-999,0,744,2362
13054001,20140828000000,43.438,5.216,9,0,19.1,31.3,23.6,33,69,51,3.6,-999,0,736,2364
13054001,20140829000000,43.438,5.216,9,0,17.9,28.3,22.8,42,85,68,2.1,-999,3.4,513,1673
13054001,20140830000000,43.438,5.216,9,0,17.8,28.6,23.3,45,89,65,3.3,-999,0,571,1920
13054001,20140831000000,43.438,5.216,9,0,16,29.5,23.9,32,81,52,7.5,-999,0,765,2341
13054001,20140901000000,43.438,5.216,9,0,18.5,25.5,21.7,34,60,47,14,-999,0,766,2417
13054001,20140902000000,43.438,5.216,9,0,14.4,27.6,21.5,31,71,49,5,-999,0.4,763,2364
13054001,20140903000000,43.438,5.216,9,0,12.6,28.1,20.3,31,83,63,2.9,-999,0,755,2305
13054001,20140904000000,43.438,5.216,9,0,15.3,28.3,21.6,29,85,59,2.4,-999,0.2,725,2267
13054001,20140905000000,43.438,5.216,9,0,16.5,28.6,22.1,41,78,64,2.5,-999,0,604,2090
13054001,20140906000000,43.438,5.216,9,0,16.7,29.3,22.8,48,83,67,2.3,-999,0,698,2133
13054001,20140907000000,43.438,5.216,9,0,17.2,28.5,23.4,56,90,76,2.6,-999,0,654,2010
13054001,20140908000000,43.438,5.216,9,0,21.4,29.2,24.6,54,89,77,3.8,-999,0,430,1837
13054001,20140909000000,43.438,5.216,9,0,19.5,28.9,23.6,42,90,71,2.4,-999,0.2,615,1960
13054001,20140910000000,43.438,5.216,9,0,17.9,30.3,23.7,37,93,69,4.3,-999,0,556,1878
13054001,20140911000000,43.438,5.216,9,0,17.1,29.2,23.3,21,84,53,6.2,-999,0,726,2151
13054001,20140912000000,43.438,5.216,9,0,17.6,27.1,21.8,29,63,47,7.7,-999,0,734,2176
13054001,20140913000000,43.438,5.216,9,0,13.8,26.7,21.2,39,80,57,3.5,-999,0,714,2090
13054001,20140914000000,43.438,5.216,9,0,14.9,27.2,21.4,45,83,69,2.9,-999,1.6,667,2022
13054001,20140915000000,43.438,5.216,9,0,19.8,27.5,22.9,44,86,71,3.1,-999,0.8,324,1411
13054001,20140916000000,43.438,5.216,9,0,17.7,27.5,22.4,49,90,72,3.3,-999,0,619,1819
13054001,20140917000000,43.438,5.216,9,0,20.6,29.2,24.1,44,81,61,6.9,-999,5.8,269,1273
13054001,20140918000000,43.438,5.216,9,0,20,29.6,24.5,50,76,63,6.2,-999,0,381,1583
13054001,20140919000000,43.438,5.216,9,0,21.4,29.1,24.7,49,86,69,5.2,-999,6,370,1299
13054001,20140920000000,43.438,5.216,9,0,21.4,28.2,23.9,60,91,79,2.9,-999,0,567,1792
13054001,20140921000000,43.438,5.216,9,0,19.8,27.9,22.7,50,95,77,3,-999,0,288,1117
13054001,20140922000000,43.438,5.216,9,0,18.2,23.9,20.2,48,76,60,7.2,-999,0,558,1761
13054001,20140923000000,43.438,5.216,9,0,13.3,26.1,19.9,38,80,62,3.5,-999,0.4,93,886
13054001,20140924000000,43.438,5.216,9,0,16.7,20.3,17.9,48,90,78,4.7,-999,8.1,18,468
13054001,20140925000000,43.438,5.216,9,0,14.5,22.3,17.8,47,91,64,6.2,-999,0,678,1833
13054001,20140926000000,43.438,5.216,9,0,11,25.4,18.1,42,89,65,2.7,-999,0,686,1826
13054001,20140927000000,43.438,5.216,9,0,10.7,25.9,18.8,36,88,68,2.3,-999,0,689,1798
13054001,20140928000000,43.438,5.216,9,0,15,29,21.4,32,85,61,3.3,-999,0,598,1666
13054001,20140929000000,43.438,5.216,9,0,18.2,26.3,22.8,42,71,58,4.1,-999,2.8,16,577
13054001,20140930000000,43.438,5.216,9,0,18.2,22.3,19.3,71,92,83,3.3,-999,48.7,0,318
13054001,20141001000000,43.438,5.216,9,0,16.6,26.1,20.4,52,93,76,2.6,-999,0,575,1580
13054001,20141002000000,43.438,5.216,9,0,15,25.4,19.8,60,92,80,1.8,-999,0,666,1646
13054001,20141003000000,43.438,5.216,9,0,15.2,25.6,19.8,49,91,73,2.2,-999,0,670,1669
13054001,20141004000000,43.438,5.216,9,0,13.9,24.8,19.5,51,91,75,1.9,-999,0,641,1629
13054001,20141005000000,43.438,5.216,9,0,15.3,22.2,17.5,46,92,76,2.1,-999,0,227,754
13054001,20141006000000,43.438,5.216,9,0,12.3,24.2,19.5,54,85,69,4.3,-999,0,195,1041
13054001,20141007000000,43.438,5.216,9,0,19,25.4,22,63,81,72,6.4,-999,0,401,1262
13054001,20141008000000,43.438,5.216,9,0,20.6,26.7,23,58,80,71,6.4,-999,0,586,1531
13054001,20141009000000,43.438,5.216,9,0,17.5,27.9,22.8,52,78,69,4.9,-999,0,628,1521
13054001,20141010000000,43.438,5.216,9,0,20.4,27.4,23.5,50,83,69,6.1,-999,7.9,579,1441
13054001,20141011000000,43.438,5.216,9,0,18.9,25.2,21.5,67,91,81,3.6,-999,0,487,1394
13054001,20141012000000,43.438,5.216,9,0,17.7,27.5,22.8,48,86,68,7.1,-999,0.8,426,1309
13054001,20141013000000,43.438,5.216,9,0,20.6,24.7,21.8,55,87,74,4.2,-999,0,205,893
13054001,20141014000000,43.438,5.216,9,0,18,22.1,19,66,90,79,3.4,-999,10.2,5,487
13054001,20141015000000,43.438,5.216,9,0,14.1,23,18.5,55,92,77,1.8,-999,0,438,1127
13054001,20141016000000,43.438,5.216,9,0,16.1,24.8,20.4,58,88,76,3.3,-999,0,530,1289
13054001,20141017000000,43.438,5.216,9,0,18.3,25.9,21.2,60,91,78,2.2,-999,0.2,614,1348
13054001,20141018000000,43.438,5.216,9,0,15.4,26.2,20.9,57,93,76,3.3,-999,0.2,590,1341
13054001,20141019000000,43.438,5.216,9,0,16.6,25.2,20.3,62,93,82,1.9,-999,0,557,1259
13054001,20141020000000,43.438,5.216,9,0,16.9,24,19.2,65,94,85,1.7,-999,0.2,295,985
13054001,20141021000000,43.438,5.216,9,0,15.5,25.1,20.8,46,92,70,7.7,-999,0,381,1054
13054001,20141022000000,43.438,5.216,9,0,12.8,16,13.9,32,57,45,15.4,-999,0,604,1401
13054001,20141023000000,43.438,5.216,9,0,11.5,18.3,14,34,61,50,12.1,-999,0.4,603,1361
13054001,20141024000000,43.438,5.216,9,0,9.5,20.7,14,36,78,58,3.6,-999,0,599,1357
13054001,20141025000000,43.438,5.216,9,0,8.4,22,14.8,45,86,70,1.5,-999,0,491,1146
13054001,20141026000000,43.438,5.216,9,0,11,21.4,15.6,57,90,79,1.7,-999,0.2,313,970
13054001,20141027000000,43.438,5.216,9,0,12.3,20.7,16.6,58,89,74,1.6,-999,0,142,735
13054001,20141028000000,43.438,5.216,9,0,13.4,20.6,16.1,45,74,61,3.8,-999,0,565,1199
13054001,20141029000000,43.438,5.216,9,0,7.7,19.9,13.7,50,88,71,2.1,-999,0.2,567,1230
13054001,20141030000000,43.438,5.216,9,0,7.4,20.1,13.3,51,92,78,1.8,-999,0,571,1140
13054001,20141031000000,43.438,5.216,9,0,9.6,20.8,14.6,54,91,78,1.6,-999,0.4,555,1113
13054001,20141101000000,43.438,5.216,9,0,8.2,20.9,13.9,52,93,81,1.9,-999,0.2,565,1161
13054001,20141102000000,43.438,5.216,9,0,8.8,21.8,15.4,53,93,76,2.5,-999,0.4,519,1034
13054001,20141103000000,43.438,5.216,9,0,14,20.9,18.1,65,89,75,8.5,-999,4,110,578
13054001,20141104000000,43.438,5.216,9,0,15.2,19.9,16.7,67,90,84,7.2,-999,36.6,1,181
13054001,20141105000000,43.438,5.216,9,0,9.5,13.8,11.1,58,90,72,6.5,-999,0,149,557
13054001,20141106000000,43.438,5.216,9,0,9,15.5,10.8,51,88,67,6,-999,0,574,1106
13054001,20141107000000,43.438,5.216,9,0,4.1,16.3,10.8,41,91,71,2.7,-999,0,522,1056
13054001,20141108000000,43.438,5.216,9,0,6.8,17.7,13.1,47,86,67,3.4,-999,0,502,1075
13054001,20141109000000,43.438,5.216,9,0,11.6,16.5,14.5,60,93,80,4.5,-999,31.3,0,22
13054001,20141110000000,43.438,5.216,9,0,11.4,18,14.6,65,93,82,2.4,-999,4.1,199,651
13054001,20141111000000,43.438,5.216,9,0,13.5,18.9,16.5,56,87,78,4.9,-999,9.7,167,565
13054001,20141112000000,43.438,5.216,9,0,12.7,16.1,13.5,68,91,82,4.1,-999,9.5,245,497
13054001,20141113000000,43.438,5.216,9,0,10.8,16.8,12.7,57,84,73,3.5,-999,0,538,1009
13054001,20141114000000,43.438,5.216,9,0,9.1,19.7,16.3,66,89,78,6.6,-999,10.5,65,421
13054001,20141115000000,43.438,5.216,9,0,11.3,16.4,14.1,75,93,86,3.5,-999,0.2,96,285
13054001,20141116000000,43.438,5.216,9,0,6.3,16.7,11.7,46,91,73,1.9,-999,0,539,941
13054001,20141117000000,43.438,5.216,9,0,10.3,13.5,11.5,65,84,75,3.7,-999,0,220,608
13054001,20141118000000,43.438,5.216,9,0,5.2,15.6,10,57,91,78,1.9,-999,0,522,919
13054001,20141119000000,43.438,5.216,9,0,4.8,16.3,9.8,57,92,78,1.7,-999,0,548,928
13054001,20141120000000,43.438,5.216,9,0,7.2,18,13.7,58,86,73,1.8,-999,0,42,458
13054001,20141121000000,43.438,5.216,9,0,9.1,18.7,14.6,65,86,76,2.3,-999,0,398,800
13054001,20141122000000,43.438,5.216,9,0,14.4,20,16.3,62,80,73,4.4,-999,0,284,624
13054001,20141123000000,43.438,5.216,9,0,14.2,22,18.1,62,82,71,2.8,-999,0,364,696
13054001,20141124000000,43.438,5.216,9,0,13.9,19.9,17.3,66,92,76,2.9,-999,7.7,0,320
13054001,20141125000000,43.438,5.216,9,0,14.4,19.4,16.7,75,93,84,3.5,-999,8.8,36,352
13054001,20141126000000,43.438,5.216,9,0,15,18.7,15.9,71,89,83,3.6,-999,6.2,14,249
13054001,20141127000000,43.438,5.216,9,0,14.4,18.1,15.9,62,89,80,5.5,-999,1.4,135,425
13054001,20141128000000,43.438,5.216,9,0,14.8,19.8,17.5,60,76,67,9.9,-999,0.2,178,560
13054001,20141129000000,43.438,5.216,9,0,16.8,20.6,18.7,58,79,65,9.9,-999,0.4,0,259
13054001,20141130000000,43.438,5.216,9,0,16.5,19.2,17.8,56,88,68,9.1,-999,15,0,125
13054001,20141201000000,43.438,5.216,9,0,9.2,13.1,11.5,74,91,86,4.2,-999,7.6,0,221
13054001,20141202000000,43.438,5.216,9,0,7.7,11.5,8.8,63,90,78,4.9,-999,0,366,696
13054001,20141203000000,43.438,5.216,9,0,6.9,10.3,8.3,68,86,76,3.5,-999,0,32,419
13054001,20141204000000,43.438,5.216,9,0,7.1,12.4,9.6,79,93,87,1.1,-999,3.4,2,230
13054001,20141205000000,43.438,5.216,9,0,8.8,10.7,9.5,74,88,83,5.4,-999,22.4,0,128
13054001,20141206000000,43.438,5.216,9,0,5.8,7.5,6.7,71,88,81,6.1,-999,9.6,0,115
13054001,20141207000000,43.438,5.216,9,0,5.5,10.9,8,59,80,70,7.9,-999,0,444,734
13054001,20141208000000,43.438,5.216,9,0,6.6,11.6,8.7,58,72,64,8.3,-999,0,197,517
13054001,20141209000000,43.438,5.216,9,0,6.3,9.4,7.1,50,68,59,10.9,-999,0,238,480
13054001,20141210000000,43.438,5.216,9,0,0.6,10.9,6.8,34,83,66,5.5,-999,0,204,504
13054001,20141211000000,43.438,5.216,9,0,7.4,13.2,10.2,43,84,61,8.8,-999,0,510,774
13054001,20141212000000,43.438,5.216,9,0,2.1,15,9.8,57,88,74,3.3,-999,0,180,535
13054001,20141213000000,43.438,5.216,9,0,10.6,17.2,15,65,78,72,6.1,-999,0,173,480
13054001,20141214000000,43.438,5.216,9,0,12.4,17.6,14.5,72,88,80,4.1,-999,0,58,410
13054001,20141215000000,43.438,5.216,9,0,8.4,13.2,11.4,75,91,84,1.4,-999,0,31,269
13054001,20141216000000,43.438,5.216,9,0,7.5,13.5,10.5,59,94,76,4.4,-999,0,63,359
13054001,20141217000000,43.438,5.216,9,0,8.4,12,9.3,50,91,73,6.6,-999,0.6,34,347
13054001,20141218000000,43.438,5.216,9,0,7.8,17.3,13.6,63,90,74,6.4,-999,0,84,394
13054001,20141219000000,43.438,5.216,9,0,8.6,17,12.2,60,92,77,3.6,-999,0,509,741
13054001,20141220000000,43.438,5.216,9,0,9.7,17.1,12,50,82,68,7.9,-999,0,453,692
13054001,20141221000000,43.438,5.216,9,0,7.7,13.2,8.4,49,87,65,5.2,-999,0,512,757
13054001,20141222000000,43.438,5.216,9,0,1.5,14.8,6.6,60,92,80,1.1,-999,0,496,728
13054001,20141223000000,43.438,5.216,9,0,0.9,12.5,7.7,71,95,83,1.2,-999,0,279,544
13054001,20141224000000,43.438,5.216,9,0,8.2,13.2,10.3,69,89,77,1.9,-999,0,198,493
13054001,20141225000000,43.438,5.216,9,0,3.7,15.4,10.5,46,82,64,9.2,-999,0,481,733
13054001,20141226000000,43.438,5.216,9,0,6.9,9.8,7.7,46,65,56,10.8,-999,0,486,759
13054001,20141227000000,43.438,5.216,9,0,1.5,11.4,6.2,60,85,75,3.1,-999,0.8,0,57
13054001,20141228000000,43.438,5.216,9,0,2.6,7.1,4.3,54,87,69,10.3,-999,0,507,762
13054001,20141229000000,43.438,5.216,9,0,-0.3,6.1,2.6,37,68,55,7.9,-999,0,481,764
13054001,20141230000000,43.438,5.216,9,0,-0.7,6.5,3.1,48,71,62,7.6,-999,0,438,725
13054001,20141231000000,43.438,5.216,9,0,-1.7,8.3,3.9,48,84,65,3.3,-999,0,504,754
13054001,20150101000000,43.438,5.216,9,0,0.5,9.5,3.8,55,89,74,2.1,-999,0,500,740
13054001,20150102000000,43.438,5.216,9,0,-1.4,13.4,6.9,28,90,62,4.2,-999,0,460,742
13054001,20150103000000,43.438,5.216,9,0,8,16.2,11.1,60,84,73,5.7,-999,0,431,628
13054001,20150104000000,43.438,5.216,9,0,8,16.3,11.6,49,85,66,8,-999,0,519,789
13054001,20150105000000,43.438,5.216,9,0,0.1,13.7,5.4,49,90,75,1.1,-999,0,516,783
13054001,20150106000000,43.438,5.216,9,0,-0.6,11.8,4.2,44,87,73,1.1,-999,0,511,803
13054001,20150107000000,43.438,5.216,9,0,-1.7,11.1,3.7,56,92,78,1.3,-999,0,491,738
13054001,20150108000000,43.438,5.216,9,0,-1,12.6,5.3,51,93,79,1.6,-999,0,487,775
13054001,20150109000000,43.438,5.216,9,0,4.7,14,11.1,51,80,67,6,-999,0,464,754
13054001,20150110000000,43.438,5.216,9,0,8.8,17.4,11.7,62,90,78,2.9,-999,0,431,733
13054001,20150111000000,43.438,5.216,9,0,5.5,13.3,9.7,40,88,62,9.5,-999,0,462,739
13054001,20150112000000,43.438,5.216,9,0,1.1,13.5,7.1,39,78,59,2.3,-999,0,531,877
13054001,20150113000000,43.438,5.216,9,0,1.8,15.2,12.1,65,81,76,5.2,-999,0,78,390
13054001,20150114000000,43.438,5.216,9,0,7.2,14.3,9.3,62,89,79,2.2,-999,0,353,698
13054001,20150115000000,43.438,5.216,9,0,3.7,16.4,12.3,64,90,76,6.8,-999,0,157,563
13054001,20150116000000,43.438,5.216,9,0,11.2,15.2,13.1,69,91,81,6.3,-999,6.9,0,223
13054001,20150117000000,43.438,5.216,9,0,6,10.8,7.3,52,90,74,5.3,-999,0,444,803
13054001,20150118000000,43.438,5.216,9,0,-1.3,12.2,6.6,46,86,68,3.3,-999,6.2,275,613
13054001,20150119000000,43.438,5.216,9,0,7.4,9.9,8.2,70,93,82,3.5,-999,14.7,0,224
13054001,20150120000000,43.438,5.216,9,0,6.5,8,7.1,84,93,90,1.5,-999,9.5,0,146
13054001,20150121000000,43.438,5.216,9,0,4.8,7.9,6,84,95,92,2.9,-999,28.2,0,83
13054001,20150122000000,43.438,5.216,9,0,2.9,11,6.2,61,94,81,2.9,-999,0,380,814
13054001,20150123000000,43.438,5.216,9,0,4,7.7,5.4,59,82,67,8.3,-999,0,535,935
13054001,20150124000000,43.438,5.216,9,0,4,9.2,5.8,42,70,61,11.3,-999,0,392,800
13054001,20150125000000,43.438,5.216,9,0,4.5,9.2,5.7,44,72,57,8.4,-999,0,547,976
13054001,20150126000000,43.438,5.216,9,0,-1.4,8.8,5,46,81,63,4.5,-999,0,246,726
13054001,20150127000000,43.438,5.216,9,0,6,9,7.4,53,78,63,12.6,-999,0,111,372
13054001,20150128000000,43.438,5.216,9,0,3.7,10.7,6.5,44,82,62,5.5,-999,0,498,997
13054001,20150129000000,43.438,5.216,9,0,2.7,12.3,8.2,62,91,80,3.8,-999,5.8,52,267
13054001,20150130000000,43.438,5.216,9,0,4.9,9.7,7.4,40,90,64,7.7,-999,0,502,1048
13054001,20150131000000,43.438,5.216,9,0,-0.4,10.6,5,51,92,73,3.7,-999,0,540,1071
13054001,20150201000000,43.438,5.216,9,0,-0.3,9.2,4.9,42,87,64,6.6,-999,0,392,862
13054001,20150202000000,43.438,5.216,9,0,2.4,9.1,4.5,41,81,66,5.8,-999,0,516,1093
13054001,20150203000000,43.438,5.216,9,0,-2.2,8.1,2.9,43,90,74,4.2,-999,12.5,0,195
13054001,20150204000000,43.438,5.216,9,0,2,4.5,3.2,68,91,83,5.4,-999,3.8,0,143
13054001,20150205000000,43.438,5.216,9,0,1.5,2.6,2.1,61,83,68,8.3,-999,0,0,215
13054001,20150206000000,43.438,5.216,9,0,0.1,4.7,2.4,60,74,68,5.2,-999,0,0,374
13054001,20150207000000,43.438,5.216,9,0,-1.4,9.8,3.2,47,88,69,2.9,-999,0,390,979
13054001,20150208000000,43.438,5.216,9,0,-2.1,8,3.9,46,84,59,7.6,-999,0,533,1154
13054001,20150209000000,43.438,5.216,9,0,-1.6,11.2,4.3,44,80,62,3.2,-999,0,581,1198
13054001,20150210000000,43.438,5.216,9,0,-3,12.5,3.9,41,88,68,1.6,-999,0,585,1222
13054001,20150211000000,43.438,5.216,9,0,-0.5,13.7,6.1,63,94,82,1,-999,0,587,1215
13054001,20150212000000,43.438,5.216,9,0,0.3,14.9,7.5,60,96,82,1.2,-999,0,438,1034
13054001,20150213000000,43.438,5.216,9,0,7.5,15.1,11.1,61,86,78,2.8,-999,2.6,36,630
13054001,20150214000000,43.438,5.216,9,0,8.8,11.1,9.3,74,92,84,2,-999,20.8,26,284
13054001,20150215000000,43.438,5.216,9,0,6.7,11.9,8.8,66,91,80,3.5,-999,11.1,47,362
13054001,20150216000000,43.438,5.216,9,0,6.1,13.5,9,55,93,78,2.6,-999,2,381,1078
13054001,20150217000000,43.438,5.216,9,0,7.1,12,7.8,63,93,81,1.9,-999,0,91,505
13054001,20150218000000,43.438,5.216,9,0,0.9,13.3,6.4,55,91,77,1.7,-999,0,604,1331
13054001,20150219000000,43.438,5.216,9,0,1.1,14.4,7,46,93,77,0.9,-999,0,599,1375
13054001,20150220000000,43.438,5.216,9,0,1.3,13.6,7.9,46,91,71,2.9,-999,0.4,314,1066
13054001,20150221000000,43.438,5.216,9,0,7.5,12.7,9.1,67,91,81,6.2,-999,19.9,0,189
13054001,20150222000000,43.438,5.216,9,0,4.9,10.7,7.1,50,73,60,11.4,-999,0,622,1467
13054001,20150223000000,43.438,5.216,9,0,3.6,14,7.8,53,86,64,2.8,-999,0,260,900
13054001,20150224000000,43.438,5.216,9,0,6.5,11.7,9,37,77,58,13,-999,0,554,1393
13054001,20150225000000,43.438,5.216,9,0,7.2,13,9.3,35,67,52,11.3,-999,0,595,1526
13054001,20150226000000,43.438,5.216,9,0,-1,14.4,7.8,33,84,56,2,-999,1.8,451,1379
13054001,20150227000000,43.438,5.216,9,0,6.7,11.7,8.3,52,88,68,7.1,-999,3.2,280,859
13054001,20150228000000,43.438,5.216,9,0,4.8,12.5,7.4,45,83,62,3.7,-999,0,515,1425
13054001,20150301000000,43.438,5.216,9,0,2.4,11.8,7.9,80,94,88,0.5,-999,4.6,6,500
13054001,20150302000000,43.438,5.216,9,0,8.6,16.8,11.8,65,96,81,3.8,-999,0,78,721
13054001,20150303000000,43.438,5.216,9,0,7.5,16.1,11.2,40,83,67,4.2,-999,0,494,1523
13054001,20150304000000,43.438,5.216,9,0,7.2,11.8,8.9,41,93,65,10.3,-999,0,114,620
13054001,20150305000000,43.438,5.216,9,0,6.1,12.6,8.7,35,59,47,12.4,-999,0,659,1743
13054001,20150306000000,43.438,5.216,9,0,-0.2,14.6,7.5,26,72,51,2.1,-999,0,661,1737
13054001,20150307000000,43.438,5.216,9,0,0.6,14.9,8,37,86,66,1.1,-999,0,575,1369
13054001,20150308000000,43.438,5.216,9,0,2.6,14.9,8.8,44,90,71,1.5,-999,0,619,1628
13054001,20150309000000,43.438,5.216,9,0,3.4,15.5,9.1,52,89,74,1.5,-999,0,564,1572
13054001,20150310000000,43.438,5.216,9,0,4.7,16.6,10,50,91,77,1.8,-999,0,423,1399
13054001,20150311000000,43.438,5.216,9,0,5.5,19.8,12.8,34,91,61,5.5,-999,0,526,1434
13054001,20150312000000,43.438,5.216,9,0,4.6,17,11,51,90,70,3.1,-999,0.2,614,1575
13054001,20150313000000,43.438,5.216,9,0,3.9,16.7,10.9,41,94,73,3.9,-999,0,293,1346
13054001,20150314000000,43.438,5.216,9,0,8.5,14.7,10.4,41,90,69,4.3,-999,6.4,197,1204
13054001,20150315000000,43.438,5.216,9,0,8.1,10.8,9.5,65,92,76,6,-999,3,0,138
13054001,20150316000000,43.438,5.216,9,0,8.7,13.7,10.7,58,93,77,3.4,-999,13.4,157,976
13054001,20150317000000,43.438,5.216,9,0,9.1,13.7,10.9,72,96,90,1.9,-999,0.8,0,362
13054001,20150318000000,43.438,5.216,9,0,8.3,17.7,12.5,48,94,74,1.9,-999,0,446,1511
13054001,20150319000000,43.438,5.216,9,0,6.4,17.8,11.8,42,93,74,1.8,-999,0,579,1720
13054001,20150320000000,43.438,5.216,9,0,7.8,18.4,13.6,47,91,67,2.8,-999,0,274,1104
13054001,20150321000000,43.438,5.216,9,0,11.1,14.6,12.3,48,89,69,5,-999,13.5,0,289
13054001,20150322000000,43.438,5.216,9,0,8.9,11.8,10.1,79,96,90,2,-999,1.8,0,539
13054001,20150323000000,43.438,5.216,9,0,4.8,17.3,11.4,48,97,78,2,-999,0,505,1845
13054001,20150324000000,43.438,5.216,9,0,6.9,17.1,12.4,50,91,75,3,-999,7.5,193,952
13054001,20150325000000,43.438,5.216,9,0,7.2,11,9.3,63,94,79,8.2,-999,3.8,2,494
13054001,20150326000000,43.438,5.216,9,0,7.4,14.4,11,33,71,54,10,-999,0,664,2033
13054001,20150327000000,43.438,5.216,9,0,10.8,16.6,13.3,32,61,45,12.9,-999,0,702,2152
13054001,20150328000000,43.438,5.216,9,0,9.9,19.6,14.3,30,75,52,12.5,-999,0,679,2088
13054001,20150329000000,43.438,5.216,9,0,11.3,19.6,15.1,47,76,63,9.4,-999,0,514,1821
13054001,20150330000000,43.438,5.216,9,0,12.8,21.6,16.6,40,78,61,9.6,-999,0,662,2111
13054001,20150331000000,43.438,5.216,9,0,12.4,20.2,16.2,43,81,59,11.8,-999,0,676,2153
13054001,20150401000000,43.438,5.216,9,0,11.7,15.2,13.1,28,60,40,15.3,-999,0,711,2259
13054001,20150402000000,43.438,5.216,9,0,9.9,18.6,13.8,33,62,47,13.6,-999,0,719,2248
13054001,20150403000000,43.438,5.216,9,0,11.9,19.5,14.3,39,80,61,6.8,-999,0,624,1839
13054001,20150404000000,43.438,5.216,9,0,9,18.8,13.9,34,85,58,8.8,-999,0,613,2190
13054001,20150405000000,43.438,5.216,9,0,7.6,15.8,11.2,35,68,50,7.9,-999,0,738,2314
13054001,20150406000000,43.438,5.216,9,0,8,16,11.8,27,68,49,3.9,-999,0,684,2323
13054001,20150407000000,43.438,5.216,9,0,6.6,16.8,11.2,31,80,56,2.7,-999,0,748,2329
13054001,20150408000000,43.438,5.216,9,0,4.1,17.4,10.8,29,85,62,2.9,-999,0,754,2368
13054001,20150409000000,43.438,5.216,9,0,4.1,18.3,11.1,26,88,60,2.3,-999,0,749,2408
13054001,20150410000000,43.438,5.216,9,0,3.4,19,12,13,68,42,3.2,-999,0,706,2330
13054001,20150411000000,43.438,5.216,9,0,5.1,19.5,12.2,17,92,66,2.3,-999,0.2,706,2336
13054001,20150412000000,43.438,5.216,9,0,5.9,18.9,13.4,54,93,75,2.3,-999,0.2,754,2365
13054001,20150413000000,43.438,5.216,9,0,8,23.3,15,38,95,69,2.8,-999,0,752,2387
13054001,20150414000000,43.438,5.216,9,0,7.6,22.6,15.2,36,91,66,2.8,-999,0,765,2469
13054001,20150415000000,43.438,5.216,9,0,7.5,22.7,15.9,36,83,56,2.8,-999,0,707,2399
13054001,20150416000000,43.438,5.216,9,0,12.8,21.6,17.9,33,61,45,4.2,-999,4.8,37,840
13054001,20150417000000,43.438,5.216,9,0,13.4,20.7,16.1,56,92,79,3.5,-999,0.2,399,1859
13054001,20150418000000,43.438,5.216,9,0,11.8,21.5,16.4,49,93,74,4.1,-999,0,710,2254
13054001,20150419000000,43.438,5.216,9,0,12.1,16.6,13.9,55,95,78,3.7,-999,8.7,8,603
13054001,20150420000000,43.438,5.216,9,0,11.4,18.6,14,46,91,76,2.8,-999,0.6,314,1561
13054001,20150421000000,43.438,5.216,9,0,8.1,22.7,15.1,41,94,70,2.7,-999,0,791,2592
13054001,20150422000000,43.438,5.216,9,0,7,22.1,14.9,36,92,65,2.1,-999,0,387,1678
13054001,20150423000000,43.438,5.216,9,0,8.8,21.8,16.1,39,89,67,2.5,-999,0.2,702,2466
13054001,20150424000000,43.438,5.216,9,0,9.7,21.1,16.3,54,92,74,3.2,-999,2,746,2498
13054001,20150425000000,43.438,5.216,9,0,14.5,20.7,17.1,58,88,71,4.6,-999,0,112,1488
13054001,20150426000000,43.438,5.216,9,0,14.5,21.7,17.4,43,79,64,5.8,-999,2,185,1187
13054001,20150427000000,43.438,5.216,9,0,12.9,15.9,14.7,75,96,89,5.7,-999,31.5,0,492
13054001,20150428000000,43.438,5.216,9,0,11.7,17.4,13.9,33,83,49,14.2,-999,0,697,2602
13054001,20150429000000,43.438,5.216,9,0,6.2,18.8,13,39,88,60,3.1,-999,0.2,643,2421
13054001,20150430000000,43.438,5.216,9,0,7.4,21,14.9,32,94,64,2.6,-999,0,743,2618
13054001,20150501000000,43.438,5.216,9,0,13.7,19,16.2,75,95,84,2.8,-999,0.8,0,761
13054001,20150502000000,43.438,5.216,9,0,12.3,22.7,18.2,45,97,72,3.2,-999,0,638,2497
13054001,20150503000000,43.438,5.216,9,0,15.5,25.8,20.4,38,84,62,3.4,-999,0,391,2022
13054001,20150504000000,43.438,5.216,9,0,16.7,25.9,21.2,41,84,57,2.6,-999,0,80,1337
13054001,20150505000000,43.438,5.216,9,0,16.2,24.4,19.3,52,89,75,2.9,-999,0,244,1646
13054001,20150506000000,43.438,5.216,9,0,13.6,26.6,20.3,28,94,63,4.1,-999,0,790,2729
13054001,20150507000000,43.438,5.216,9,0,13.9,23.9,17.9,30,75,53,4.7,-999,0,811,2738
13054001,20150508000000,43.438,5.216,9,0,11.1,23.2,18.3,42,90,61,3.9,-999,0,520,2192
13054001,20150509000000,43.438,5.216,9,0,15.8,26.4,21.1,28,75,52,8.4,-999,0,703,2537
13054001,20150510000000,43.438,5.216,9,0,16.1,27.9,21.3,28,77,48,3.4,-999,0,819,2712
13054001,20150511000000,43.438,5.216,9,0,12.9,26.7,19.3,33,83,61,2.8,-999,0,800,2692
13054001,20150512000000,43.438,5.216,9,0,12.8,22.5,17.1,57,98,79,2.7,-999,0,667,2663
13054001,20150513000000,43.438,5.216,9,0,12.2,23.4,18.5,48,94,76,3,-999,0,606,2248
13054001,20150514000000,43.438,5.216,9,0,16.8,27.6,21.7,39,92,69,4.3,-999,0,397,2039
13054001,20150515000000,43.438,5.216,9,0,13.5,19.9,15.6,31,66,51,12.7,-999,0,507,2270
13054001,20150516000000,43.438,5.216,9,0,9.2,24.5,18.7,38,80,53,6.4,-999,0,749,2800
13054001,20150517000000,43.438,5.216,9,0,16.3,26.7,21.2,32,66,50,4.8,-999,0,846,2827
13054001,20150518000000,43.438,5.216,9,0,11.6,24.9,18.2,33,84,61,3,-999,0,848,2916
13054001,20150519000000,43.438,5.216,9,0,12.6,23,18,43,83,63,6,-999,0.2,160,1258
13054001,20150520000000,43.438,5.216,9,0,14.1,20.7,16.6,22,54,40,12.1,-999,0,783,2960
13054001,20150521000000,43.438,5.216,9,0,11.5,19.6,16.1,29,57,40,14.5,-999,0,845,3028
13054001,20150522000000,43.438,5.216,9,0,12.7,24,18.6,23,53,36,6.6,-999,0,847,2995
13054001,20150523000000,43.438,5.216,9,0,9.1,24.3,19,27,70,42,4.2,-999,0,784,2653
13054001,20150524000000,43.438,5.216,9,0,11.6,23.5,18.1,29,87,56,2.6,-999,0,814,2866
13054001,20150525000000,43.438,5.216,9,0,11,27.5,20.6,25,83,49,6,-999,0,829,2824
13054001,20150526000000,43.438,5.216,9,0,17.2,23.6,19.4,35,67,47,12.2,-999,0,835,2988
13054001,20150527000000,43.438,5.216,9,0,13.4,25.6,19.3,27,60,42,5.1,-999,0,862,2992
13054001,20150528000000,43.438,5.216,9,0,9.9,25.8,18.4,28,79,54,3,-999,0,853,2971
13054001,20150529000000,43.438,5.216,9,0,12.3,25,18.6,35,88,66,4,-999,0,788,2840
13054001,20150530000000,43.438,5.216,9,0,14.9,26.7,20.5,36,88,63,3.5,-999,0,825,2905
13054001,20150531000000,43.438,5.216,9,0,13.4,25.7,19.7,35,86,61,2.7,-999,0,828,2970
13054001,20150601000000,43.438,5.216,9,0,13.9,26.3,20.3,40,88,61,2.6,-999,0,800,2762
13054001,20150602000000,43.438,5.216,9,0,14.3,27.5,21.2,33,85,64,3,-999,0,822,2906
13054001,20150603000000,43.438,5.216,9,0,15.5,27.7,21.9,43,90,67,3,-999,0,844,2901
13054001,20150604000000,43.438,5.216,9,0,16.9,30,23.4,29,90,61,3.2,-999,0,839,2896
13054001,20150605000000,43.438,5.216,9,0,16.3,30.5,24,27,85,53,3.1,-999,0,854,2933
13054001,20150606000000,43.438,5.216,9,0,17.3,33.8,25.9,23,76,47,2.5,-999,0,853,2932
13054001,20150607000000,43.438,5.216,9,0,19.6,31.7,25.8,31,71,46,2.6,-999,0,604,2470
13054001,20150608000000,43.438,5.216,9,0,19.7,32,25.3,27,69,52,2.9,-999,0,587,2424
13054001,20150609000000,43.438,5.216,9,0,19.3,29.5,23.9,36,82,54,3.5,-999,7.9,674,2704
13054001,20150610000000,43.438,5.216,9,0,19.7,29.4,24,43,87,66,4.7,-999,0,554,2507
13054001,20150611000000,43.438,5.216,9,0,17.8,30.9,25.7,31,86,51,4.4,-999,8.3,794,2711
13054001,20150612000000,43.438,5.216,9,0,16.7,28.8,21.4,32,96,67,7.1,-999,37.6,114,890
13054001,20150613000000,43.438,5.216,9,0,16.6,27,22.4,54,88,73,2.9,-999,0.8,503,2163
13054001,20150614000000,43.438,5.216,9,0,18.7,26.5,22.2,54,91,72,3.8,-999,0,565,2506
13054001,20150615000000,43.438,5.216,9,0,19.1,28,23,42,93,67,3.8,-999,0,727,2935
13054001,20150616000000,43.438,5.216,9,0,17.6,27.7,21.7,41,86,70,5.1,-999,29,532,2170
13054001,20150617000000,43.438,5.216,9,0,19.1,27.7,23.1,35,78,51,6.5,-999,0,878,3001
13054001,20150618000000,43.438,5.216,9,0,18.3,29.7,24.5,28,59,44,6.3,-999,0,870,2970
13054001,20150619000000,43.438,5.216,9,0,21.6,27.2,24.1,25,64,43,12.6,-999,0,884,3015
13054001,20150620000000,43.438,5.216,9,0,19.3,27.9,23.5,22,48,36,11,-999,0,879,3059
13054001,20150621000000,43.438,5.216,9,0,18.1,29.7,24.1,24,75,44,5.4,-999,0,873,2926
13054001,20150622000000,43.438,5.216,9,0,16.6,29.7,23.8,29,91,59,3.3,-999,0,849,2996
13054001,20150623000000,43.438,5.216,9,0,19.4,29,23.8,24,93,53,6.8,-999,0,743,2932
13054001,20150624000000,43.438,5.216,9,0,17,27.4,22.1,33,81,50,3.5,-999,0,881,3047
13054001,20150625000000,43.438,5.216,9,0,15.8,28.9,23,29,87,57,3,-999,0,807,2985
13054001,20150626000000,43.438,5.216,9,0,18.1,30.1,24,29,86,51,2.9,-999,0,862,2902
13054001,20150627000000,43.438,5.216,9,0,17.9,33.1,25.8,30,83,58,3.4,-999,0,837,2898
13054001,20150628000000,43.438,5.216,9,0,21.8,32.3,26.6,28,71,48,4.2,-999,0,878,3022
13054001,20150629000000,43.438,5.216,9,0,18.1,30.8,25.1,32,84,55,2.9,-999,0,851,2934
13054001,20150630000000,43.438,5.216,9,0,19.9,30.3,25.2,41,87,65,3.2,-999,0,856,2932
13054001,20150701000000,43.438,5.216,9,0,20.4,30.7,25.6,31,91,57,3.6,-999,0,854,2909
13054001,20150702000000,43.438,5.216,9,0,19,32.6,26.3,23,88,54,2.3,-999,0,748,2763
13054001,20150703000000,43.438,5.216,9,0,21.5,34.6,28.4,24,80,43,2.5,-999,0,682,2561
13054001,20150704000000,43.438,5.216,9,0,22.7,35.6,28.6,21,64,45,2.4,-999,0,781,2817
13054001,20150705000000,43.438,5.216,9,0,21.4,35,28.6,25,64,42,3.7,-999,0,734,2763
13054001,20150706000000,43.438,5.216,9,0,21,33.6,27.3,29,71,53,2.9,-999,0,806,2779
13054001,20150707000000,43.438,5.216,9,0,21.8,33.4,27.7,31,79,54,4.1,-999,0,749,2723
13054001,20150708000000,43.438,5.216,9,0,22.9,33.1,27.6,26,91,46,9,-999,0,772,2850
13054001,20150709000000,43.438,5.216,9,0,21.5,30.4,25.8,26,44,33,10.4,-999,0,865,3020
13054001,20150710000000,43.438,5.216,9,0,17.4,33.5,25.5,29,79,47,3.4,-999,0,838,2839
13054001,20150711000000,43.438,5.216,9,0,19.6,32.5,26.4,39,85,63,3.3,-999,0,822,2814
13054001,20150712000000,43.438,5.216,9,0,20.3,34.8,27.5,25,84,52,4.4,-999,0,802,2858
13054001,20150713000000,43.438,5.216,9,0,24.1,34.3,29.2,17,43,30,9,-999,0,781,2830
13054001,20150714000000,43.438,5.216,9,0,24.6,34.9,29.1,22,60,39,4.3,-999,0,811,2836
13054001,20150715000000,43.438,5.216,9,0,19.5,33,26.9,32,87,53,2.6,-999,0,663,2444
13054001,20150716000000,43.438,5.216,9,0,21.6,31.6,26.1,48,92,73,3.3,-999,0,737,2693
13054001,20150717000000,43.438,5.216,9,0,21.7,32.8,26.6,29,93,67,2.5,-999,0,746,2729
13054001,20150718000000,43.438,5.216,9,0,21.9,34.1,27.6,22,82,51,2.5,-999,0,808,2744
13054001,20150719000000,43.438,5.216,9,0,21,32.5,27.7,30,75,57,2.9,-999,0,825,2727
13054001,20150720000000,43.438,5.216,9,0,22.2,35.7,28.6,28,86,55,4.3,-999,0,846,2834
13054001,20150721000000,43.438,5.216,9,0,22.1,33.2,28.3,42,89,65,2.7,-999,0,762,2730
13054001,20150722000000,43.438,5.216,9,0,23.3,33.3,28.7,33,93,63,3.8,-999,0,828,2725
13054001,20150723000000,43.438,5.216,9,0,24.7,34.4,29.6,29,65,46,5.8,-999,0,828,2799
13054001,20150724000000,43.438,5.216,9,0,22.7,33,27.9,39,84,63,3.2,-999,0,699,2663
13054001,20150725000000,43.438,5.216,9,0,24,31.5,27.1,19,91,43,8.4,-999,0,806,2750
13054001,20150726000000,43.438,5.216,9,0,20.1,29.4,24.3,21,74,42,5.8,-999,0,745,2716
13054001,20150727000000,43.438,5.216,9,0,19.9,32.8,26.6,23,84,47,6.4,-999,0,832,2794
13054001,20150728000000,43.438,5.216,9,0,21.5,30.6,25.4,24,63,44,7.9,-999,0,847,2840
13054001,20150729000000,43.438,5.216,9,0,21,31.1,26,31,66,48,4.2,-999,0,729,2670
13054001,20150730000000,43.438,5.216,9,0,20.6,27.1,23,26,62,41,7.3,-999,0,271,1942
13054001,20150731000000,43.438,5.216,9,0,14.4,29.8,23.1,31,85,50,3.6,-999,0.8,716,2676
13054001,20150801000000,43.438,5.216,9,0,20.1,28.3,23.6,43,91,70,3.3,-999,0,381,1843
13054001,20150802000000,43.438,5.216,9,0,17.4,30,23.9,34,90,64,2.8,-999,0,835,2738
13054001,20150803000000,43.438,5.216,9,0,17.7,31,24.6,33,90,67,3.1,-999,0,814,2720
13054001,20150804000000,43.438,5.216,9,0,22.2,34,27.9,28,88,60,4.2,-999,0,626,2280
13054001,20150805000000,43.438,5.216,9,0,21.4,33,27.1,38,83,63,2.8,-999,0,812,2582
13054001,20150806000000,43.438,5.216,9,0,20.7,34.5,27.4,27,85,61,2.8,-999,0,807,2572
13054001,20150807000000,43.438,5.216,9,0,20.4,36,27.9,20,86,55,3.1,-999,0,796,2535
13054001,20150808000000,43.438,5.216,9,0,21,35.1,27.9,27,78,51,4.5,-999,0.2,645,2339
13054001,20150809000000,43.438,5.216,9,0,19.7,29.3,24.4,38,91,63,6.6,-999,0,584,2168
13054001,20150810000000,43.438,5.216,9,0,21,30.1,24.6,39,82,61,4.5,-999,0.8,435,1596
13054001,20150811000000,43.438,5.216,9,0,19.3,32.9,26,26,81,55,2.6,-999,0,789,2501
13054001,20150812000000,43.438,5.216,9,0,19.9,34.8,27.1,23,81,55,2.9,-999,0,794,2474
13054001,20150813000000,43.438,5.216,9,0,20,29.4,24.7,42,94,70,2.7,-999,1.8,301,1255
13054001,20150814000000,43.438,5.216,9,0,19.9,28.9,23.8,40,97,66,6.4,-999,0,712,2457
13054001,20150815000000,43.438,5.216,9,0,19.2,28.8,23.5,24,73,48,8.7,-999,0,643,2470
13054001,20150816000000,43.438,5.216,9,0,18.4,27.8,22.7,25,64,46,8.6,-999,0,686,2547
13054001,20150817000000,43.438,5.216,9,0,18,29.1,22.9,24,71,51,6.1,-999,0,794,2566
13054001,20150818000000,43.438,5.216,9,0,18.6,28.2,22.7,28,64,49,5.6,-999,0,651,2319
13054001,20150819000000,43.438,5.216,9,0,18.7,29,23.9,20,57,37,8,-999,0,798,2569
13054001,20150820000000,43.438,5.216,9,0,16.4,31.3,24.5,19,63,39,4.7,-999,0,795,2526
13054001,20150821000000,43.438,5.216,9,0,16.5,31.8,23.7,23,67,45,2.7,-999,0,789,2454
13054001,20150822000000,43.438,5.216,9,0,17.7,29.8,24,34,86,61,3.6,-999,1.6,720,2312
13054001,20150823000000,43.438,5.216,9,0,19.2,28.4,23.1,39,97,71,5.7,-999,41.6,255,1050
13054001,20150824000000,43.438,5.216,9,0,19.9,28.3,24.3,38,94,65,6.2,-999,5.6,404,1803
13054001,20150825000000,43.438,5.216,9,0,16.4,26.6,21.5,26,78,54,5.8,-999,0,782,2487
13054001,20150826000000,43.438,5.216,9,0,15.3,28.9,22.4,29,91,63,3.2,-999,0,778,2422
13054001,20150827000000,43.438,5.216,9,0,16.8,28.9,22.9,32,92,63,3.7,-999,0,766,2415
13054001,20150828000000,43.438,5.216,9,0,17.7,29.3,23.5,41,86,64,2,-999,0,770,2343
13054001,20150829000000,43.438,5.216,9,0,18.4,31.1,24.4,32,88,61,2.4,-999,0,769,2341
13054001,20150830000000,43.438,5.216,9,0,17.5,30.8,24.5,29,88,60,2.8,-999,0,763,2372
13054001,20150831000000,43.438,5.216,9,0,18.8,32.5,26.8,23,83,43,3.3,-999,3,674,2061
13054001,20150901000000,43.438,5.216,9,0,20.2,28.4,23.8,46,88,67,3.8,-999,0,408,1790
13054001,20150902000000,43.438,5.216,9,0,17.9,27.2,22.2,36,79,61,5.6,-999,0,689,2128
13054001,20150903000000,43.438,5.216,9,0,16.9,25.7,21.4,31,84,59,3.5,-999,0,409,1694
13054001,20150904000000,43.438,5.216,9,0,15.7,24.1,20.6,41,74,56,4.9,-999,0,248,1195
13054001,20150905000000,43.438,5.216,9,0,16,23.8,19.8,26,55,39,10.2,-999,0,757,2293
13054001,20150906000000,43.438,5.216,9,0,15.4,26,20.1,29,61,43,5.6,-999,0,734,2218
13054001,20150907000000,43.438,5.216,9,0,14.3,25.4,19.3,32,68,46,3.8,-999,0,747,2205
13054001,20150908000000,43.438,5.216,9,0,12.9,26.5,19.7,39,87,64,2.6,-999,0,649,1880
13054001,20150909000000,43.438,5.216,9,0,13.3,26.9,19.9,31,90,62,2.7,-999,0,733,2106
13054001,20150910000000,43.438,5.216,9,0,13,26.8,20.3,25,89,64,2.5,-999,0,693,2010
13054001,20150911000000,43.438,5.216,9,0,17.5,25.5,21.5,43,95,71,4.2,-999,0.6,542,1869
13054001,20150912000000,43.438,5.216,9,0,19.2,28.4,23.9,31,83,54,7.2,-999,37.9,409,1641
13054001,20150913000000,43.438,5.216,9,0,16.7,27.4,22.8,51,98,75,8.5,-999,0.8,308,1448
13054001,20150914000000,43.438,5.216,9,0,20.5,25.7,22.2,45,96,70,4.4,-999,0,552,1833
13054001,20150915000000,43.438,5.216,9,0,15,25.4,21.3,44,85,66,4.8,-999,0,204,1341
13054001,20150916000000,43.438,5.216,9,0,22.1,26.5,24.2,68,87,78,8.6,-999,0,256,1368
13054001,20150917000000,43.438,5.216,9,0,21.7,25,22.6,38,94,69,5.6,-999,2.8,419,1461
13054001,20150918000000,43.438,5.216,9,0,15.7,24.2,19.8,32,84,59,5,-999,0,720,2036
13054001,20150919000000,43.438,5.216,9,0,15.6,24.4,19.7,34,72,54,8.6,-999,0,704,1976
13054001,20150920000000,43.438,5.216,9,0,15.4,24.4,18.9,36,83,59,5.7,-999,0,717,2019
13054001,20150921000000,43.438,5.216,9,0,10.3,24.8,17.6,36,94,72,2.9,-999,0.2,711,1977
13054001,20150922000000,43.438,5.216,9,0,12.2,22.7,18,44,97,71,4.8,-999,0,453,1488
13054001,20150923000000,43.438,5.216,9,0,14.3,20.5,17.3,33,70,52,12.6,-999,0,707,1967
13054001,20150924000000,43.438,5.216,9,0,13.7,22.9,17.9,35,81,53,6.8,-999,0,696,1937
13054001,20150925000000,43.438,5.216,9,0,9.7,25.4,17.6,31,87,59,3.4,-999,0,699,1783
13054001,20150926000000,43.438,5.216,9,0,10.6,24.2,17.4,40,90,66,2.2,-999,0,601,1647
13054001,20150927000000,43.438,5.216,9,0,11.9,25.5,18.2,30,87,62,1.8,-999,0,584,1574
13054001,20150928000000,43.438,5.216,9,0,15.6,24.3,19.5,50,94,72,2.9,-999,8.7,560,1546
13054001,20150929000000,43.438,5.216,9,0,14.8,21.3,17.8,36,91,60,3.2,-999,0,25,656
13054001,20150930000000,43.438,5.216,9,0,16.6,23.3,18.7,28,80,44,4.1,-999,0,229,1046
13054001,20151001000000,43.438,5.216,9,0,10.8,22.2,16.9,40,88,64,1.8,-999,0,573,1424
13054001,20151002000000,43.438,5.216,9,0,13,19.4,15.7,64,92,81,2.3,-999,0,131,798
13054001,20151003000000,43.438,5.216,9,0,13.9,20.8,16.9,75,99,89,6.2,-999,21.2,3,168
13054001,20151004000000,43.438,5.216,9,0,11.1,22.3,17.3,27,100,78,1.4,-999,0,392,1337
13054001,20151005000000,43.438,5.216,9,0,15.4,26.8,20.5,50,92,77,3.2,-999,0,309,1197
13054001,20151006000000,43.438,5.216,9,0,19,25.3,21,61,97,80,3,-999,1,300,981
13054001,20151007000000,43.438,5.216,9,0,14.8,21.3,17.8,42,96,63,8.1,-999,0,665,1682
13054001,20151008000000,43.438,5.216,9,0,9.8,22.3,16.5,47,90,66,3,-999,0,302,1122
13054001,20151009000000,43.438,5.216,9,0,11.5,22.8,16.7,61,96,83,1.6,-999,0,255,984
13054001,20151010000000,43.438,5.216,9,0,11.5,23,16.9,47,97,74,3.8,-999,0.2,632,1576
13054001,20151011000000,43.438,5.216,9,0,8,21.8,14.9,50,98,80,1.9,-999,0.2,627,1579
13054001,20151012000000,43.438,5.216,9,0,12.9,21.1,18.2,72,87,81,4.3,-999,3.2,0,377
13054001,20151013000000,43.438,5.216,9,0,16,19.9,16.6,63,97,84,4.1,-999,12.6,81,645
13054001,20151014000000,43.438,5.216,9,0,9.1,14.5,10.8,44,72,59,9.7,-999,0,572,1519
13054001,20151015000000,43.438,5.216,9,0,6.1,16.3,10.5,45,72,60,9.7,-999,0,583,1511
13054001,20151016000000,43.438,5.216,9,0,6.9,14.6,10,45,78,64,6.5,-999,0,631,1486
13054001,20151017000000,43.438,5.216,9,0,2.7,17.6,11.1,47,95,73,2,-999,0,430,1279
13054001,20151018000000,43.438,5.216,9,0,12.6,18.6,15.8,63,97,84,3,-999,2.8,2,245
13054001,20151019000000,43.438,5.216,9,0,13.6,18.7,14.2,65,99,88,2.5,-999,0,367,1079
13054001,20151020000000,43.438,5.216,9,0,8,17.1,12.6,59,98,76,3.1,-999,0,190,909
13054001,20151021000000,43.438,5.216,9,0,9.6,17.4,12.3,45,89,66,4.7,-999,0,413,1056
13054001,20151022000000,43.438,5.216,9,0,4.3,17.5,11.9,43,97,71,5.7,-999,0.2,420,1132
13054001,20151023000000,43.438,5.216,9,0,6.4,21.2,13.7,44,97,79,1.9,-999,0.2,602,1339
13054001,20151024000000,43.438,5.216,9,0,8.8,21.6,14.5,51,99,82,1.7,-999,0.2,371,1016
13054001,20151025000000,43.438,5.216,9,0,9.6,20.4,14.4,57,100,86,1.3,-999,0,290,880
13054001,20151026000000,43.438,5.216,9,0,12.8,22.5,17.5,41,93,70,4,-999,0,282,933
13054001,20151027000000,43.438,5.216,9,0,16,21.5,18.5,53,73,62,5.5,-999,0,7,430
13054001,20151028000000,43.438,5.216,9,0,14,21,16,64,96,84,5.4,-999,10.6,152,564
13054001,20151029000000,43.438,5.216,9,0,8,19.3,13.3,48,99,78,4,-999,0.2,547,1256
13054001,20151030000000,43.438,5.216,9,0,8.8,20.2,14.3,53,97,79,1.2,-999,0.2,596,1212
13054001,20151031000000,43.438,5.216,9,0,8.4,21.2,14.1,52,97,83,1.9,-999,0.2,576,1145
13054001,20151101000000,43.438,5.216,9,0,7.3,21.1,13.4,45,95,74,1.7,-999,0,578,1158
13054001,20151102000000,43.438,5.216,9,0,8.6,21.9,17.3,28,88,46,5.3,-999,2,504,1083
13054001,20151103000000,43.438,5.216,9,0,14.5,18.1,16,37,87,73,7.6,-999,6.5,113,446
13054001,20151104000000,43.438,5.216,9,0,14.6,19.9,15.9,78,100,90,2.7,-999,8.9,117,503
13054001,20151105000000,43.438,5.216,9,0,10,20.1,14.5,59,100,89,1.6,-999,0,544,1094
13054001,20151106000000,43.438,5.216,9,0,8.9,19.5,13.8,70,100,92,1.4,-999,0,568,1066
13054001,20151107000000,43.438,5.216,9,0,9.8,19.4,14.2,75,100,93,1.8,-999,0,405,925
13054001,20151108000000,43.438,5.216,9,0,8.9,18.6,13.5,72,100,96,1.2,-999,0.2,159,527
13054001,20151109000000,43.438,5.216,9,0,11.5,20,16.8,68,98,82,3.2,-999,0,391,887
13054001,20151110000000,43.438,5.216,9,0,9.5,20.5,14.5,58,99,86,1.6,-999,0.2,560,1030
13054001,20151111000000,43.438,5.216,9,0,8,19,12.5,71,100,94,1.6,-999,0.2,446,931
13054001,20151112000000,43.438,5.216,9,0,9.2,19.2,13.5,63,100,91,1,-999,0.2,414,826
13054001,20151113000000,43.438,5.216,9,0,11.9,18.5,14.5,64,98,86,2.2,-999,0,156,513
13054001,20151114000000,43.438,5.216,9,0,12.4,18.7,15.1,42,76,58,6.2,-999,0,524,998
13054001,20151115000000,43.438,5.216,9,0,11.1,20.5,13.7,31,93,57,2.8,-999,0,542,983
13054001,20151116000000,43.438,5.216,9,0,6.5,19.3,11.7,46,98,84,1.8,-999,0.2,535,940
13054001,20151117000000,43.438,5.216,9,0,7.1,18.2,12.8,58,100,88,2,-999,0.2,327,747
13054001,20151118000000,43.438,5.216,9,0,12.3,21.8,16.2,34,96,68,5.2,-999,0,491,944
13054001,20151119000000,43.438,5.216,9,0,6.4,20.2,13.4,47,94,74,3.6,-999,0,540,950
13054001,20151120000000,43.438,5.216,9,0,10.5,19.3,16.6,52,90,72,6.7,-999,3,251,531
13054001,20151121000000,43.438,5.216,9,0,7.3,13.4,10.7,48,96,71,10.5,-999,1.8,181,531
13054001,20151122000000,43.438,5.216,9,0,4.3,9.8,6.5,51,81,67,8.6,-999,0,484,881
13054001,20151123000000,43.438,5.216,9,0,2.8,10.8,5.9,39,80,60,4.3,-999,0,412,818
13054001,20151124000000,43.438,5.216,9,0,-1.1,10.2,4.7,43,91,66,2.8,-999,0.2,526,897
13054001,20151125000000,43.438,5.216,9,0,2.4,12.1,7.6,60,91,76,5.2,-999,0,287,676
13054001,20151126000000,43.438,5.216,9,0,7.1,10.9,8.3,46,87,60,11.7,-999,0,535,891
13054001,20151127000000,43.438,5.216,9,0,1.2,10.6,6.1,46,86,63,5.3,-999,0,534,878
13054001,20151128000000,43.438,5.216,9,0,4.4,13,8.8,44,60,54,9.1,-999,0,472,808
13054001,20151129000000,43.438,5.216,9,0,6.1,14.3,9.5,44,82,62,6.3,-999,0,482,789
13054001,20151130000000,43.438,5.216,9,0,7.3,16.8,11.2,41,87,66,4.9,-999,0,501,838
13054001,20151201000000,43.438,5.216,9,0,8.4,17,11.2,39,93,63,5.7,-999,0,530,848
13054001,20151202000000,43.438,5.216,9,0,1.7,15.7,8.8,65,98,88,1,-999,0,415,741
13054001,20151203000000,43.438,5.216,9,0,10,15.5,13,55,97,69,2.6,-999,0,0,295
13054001,20151204000000,43.438,5.216,9,0,10.2,15.1,11.7,59,92,76,1,-999,0.6,176,513
13054001,20151205000000,43.438,5.216,9,0,8.9,13.8,11.6,88,99,95,1.4,-999,2.2,0,184
13054001,20151206000000,43.438,5.216,9,0,11.9,16.7,13.6,68,93,87,2.8,-999,0.2,79,399
13054001,20151207000000,43.438,5.216,9,0,10.7,18.2,13.5,60,97,80,3.2,-999,0,123,470
13054001,20151208000000,43.438,5.216,9,0,8.3,17.9,12.7,58,100,87,1.4,-999,0.6,80,440
13054001,20151209000000,43.438,5.216,9,0,7.8,14.8,10.3,52,100,79,4.5,-999,0,491,768
13054001,20151210000000,43.438,5.216,9,0,1.6,15.1,7.6,54,99,83,1.3,-999,0.4,492,758
13054001,20151211000000,43.438,5.216,9,0,4.3,13.7,7.8,63,99,88,1.5,-999,0,370,661
13054001,20151212000000,43.438,5.216,9,0,0.2,11.9,6,58,100,85,1.1,-999,0.2,400,611
13054001,20151213000000,43.438,5.216,9,0,4.8,15.8,12.3,69,94,83,2.2,-999,0.2,44,262
13054001,20151214000000,43.438,5.216,9,0,11.8,17,13,58,89,77,3.8,-999,0.2,196,455
13054001,20151215000000,43.438,5.216,9,0,9.5,17.1,12.6,63,96,81,1.8,-999,0,121,419
13054001,20151216000000,43.438,5.216,9,0,6,15.9,10.8,68,100,90,1.3,-999,0.2,332,614
13054001,20151217000000,43.438,5.216,9,0,7.2,14.5,11.4,78,99,92,0.8,-999,0,190,460
13054001,20151218000000,43.438,5.216,9,0,11.3,15.3,12.2,80,100,93,0.7,-999,0,8,337
13054001,20151219000000,43.438,5.216,9,0,8.1,15.4,12.8,71,100,84,1.8,-999,0.2,0,193
13054001,20151220000000,43.438,5.216,9,0,12.4,16.9,14.4,71,95,80,3.8,-999,0,136,313
13054001,20151221000000,43.438,5.216,9,0,11.3,16.8,13.6,75,97,88,2.7,-999,0,12,265
13054001,20151222000000,43.438,5.216,9,0,10.1,16.9,13.4,71,99,90,2.7,-999,0.6,142,430
13054001,20151223000000,43.438,5.216,9,0,12.8,16.7,14,78,98,92,2.8,-999,0.2,36,212
13054001,20151224000000,43.438,5.216,9,0,11.1,16.3,14.5,74,93,82,3.7,-999,0,5,245
13054001,20151225000000,43.438,5.216,9,0,9.4,17.5,12.8,65,96,85,1.6,-999,0.2,383,668
13054001,20151226000000,43.438,5.216,9,0,8.5,14.5,10.9,75,99,91,1,-999,0,270,583
13054001,20151227000000,43.438,5.216,9,0,8.3,15.3,12.2,74,99,86,1.3,-999,0,133,512
13054001,20151228000000,43.438,5.216,9,0,11.1,14.5,12.5,64,82,74,3.4,-999,0,0,161
13054001,20151229000000,43.438,5.216,9,0,9.7,14.8,11.8,69,99,81,3.2,-999,0.2,22,175
13054001,20151230000000,43.438,5.216,9,0,5.8,16.7,10.3,60,99,85,2.3,-999,0,455,718
13054001,20151231000000,43.438,5.216,9,0,8.2,14.3,11.9,56,94,72,2.3,-999,0.2,0,241
13054001,20160101000000,43.438,5.216,9,0,6.5,14.7,11.5,65,99,82,2.9,-999,0.4,43,351
13054001,20160102000000,43.438,5.216,9,0,10.3,14.7,11.7,70,96,88,5.9,-999,0.4,35,304
13054001,20160103000000,43.438,5.216,9,0,5.4,11.2,8.8,54,90,74,3.8,-999,0.8,51,391
13054001,20160104000000,43.438,5.216,9,0,7.7,12.8,10.3,69,98,84,1.3,-999,1,44,424
13054001,20160105000000,43.438,5.216,9,0,6,12,9.2,68,100,86,2.5,-999,0,116,480
13054001,20160106000000,43.438,5.216,9,0,1.9,11.7,7.6,62,96,81,3.4,-999,0.8,322,633
13054001,20160107000000,43.438,5.216,9,0,4.6,12.1,9,83,99,92,2.3,-999,0.2,26,131
13054001,20160108000000,43.438,5.216,9,0,6.3,17.5,10.6,53,99,86,1.8,-999,0,206,599
13054001,20160109000000,43.438,5.216,9,0,10.1,15.2,12.5,82,100,92,2.6,-999,0.2,0,159
13054001,20160110000000,43.438,5.216,9,0,7.2,17.4,12.2,53,100,86,3.3,-999,0,333,755
13054001,20160111000000,43.438,5.216,9,0,10.9,15.7,12.9,54,92,74,6.3,-999,0.8,126,290
13054001,20160112000000,43.438,5.216,9,0,8,12.8,9.9,55,77,67,7,-999,0,509,827
13054001,20160113000000,43.438,5.216,9,0,4.7,11.1,7.1,34,75,57,5.1,-999,0,523,842
13054001,20160114000000,43.438,5.216,9,0,2.2,10.4,8.2,40,99,81,3.9,-999,2.4,0,143
13054001,20160115000000,43.438,5.216,9,0,4.2,9.4,6.3,35,88,60,9.3,-999,0.2,461,764
13054001,20160116000000,43.438,5.216,9,0,3.4,7.8,5.2,48,70,57,12.2,-999,0,528,890
13054001,20160117000000,43.438,5.216,9,0,2.8,8.4,4.9,38,68,56,9.9,-999,0,534,897
13054001,20160118000000,43.438,5.216,9,0,-1.9,9,4,39,85,68,3.7,-999,1,0,212
13054001,20160119000000,43.438,5.216,9,0,3.5,10.1,6.4,52,95,81,1.4,-999,0.8,302,738
13054001,20160120000000,43.438,5.216,9,0,6.4,11,7,74,100,94,1.6,-999,0,302,605
13054001,20160121000000,43.438,5.216,9,0,0,10.3,4.1,59,100,89,2,-999,0,512,907
13054001,20160122000000,43.438,5.216,9,0,0.2,11.3,6.7,71,100,88,1,-999,0,119,571
13054001,20160123000000,43.438,5.216,9,0,5.5,13.9,9,55,100,85,2.1,-999,-999,195,696
13054001,20160124000000,43.438,5.216,9,0,1.2,13.3,6.7,66,100,89,1.1,-999,0,371,805
13054001,20160125000000,43.438,5.216,9,0,4.1,12.5,10,72,98,84,1.1,-999,0,0,193
13054001,20160126000000,43.438,5.216,9,0,6.3,12.7,10.4,78,100,90,0.4,-999,0,0,267
13054001,20160127000000,43.438,5.216,9,0,10.1,14.9,12.5,71,95,86,1.9,-999,0,3,301
13054001,20160128000000,43.438,5.216,9,0,12.1,16,13.9,71,96,84,4.3,-999,0.2,41,407
13054001,20160129000000,43.438,5.216,9,0,9.2,15.2,11.3,71,100,92,1.4,-999,0,0,546
13054001,20160130000000,43.438,5.216,9,0,5.6,15.1,9.1,55,100,87,1.3,-999,0,403,903
13054001,20160131000000,43.438,5.216,9,0,5.7,15.6,12.5,64,97,81,4.5,-999,0,412,805
13054001,20160201000000,43.438,5.216,9,0,11.1,19.2,14.2,42,94,69,6.7,-999,0,550,1106
13054001,20160202000000,43.438,5.216,9,0,9.2,14.7,11.3,70,96,84,1.6,-999,0,219,697
13054001,20160203000000,43.438,5.216,9,0,7.1,16.6,10.7,39,92,65,8.7,-999,0,361,960
13054001,20160204000000,43.438,5.216,9,0,6.5,12.2,9.2,39,73,55,10.6,-999,0,574,1143
13054001,20160205000000,43.438,5.216,9,0,7.9,17.4,12,44,87,69,4.8,-999,0,571,1144
13054001,20160206000000,43.438,5.216,9,0,6.9,16.1,12.9,55,86,71,6.5,-999,1.2,122,690
13054001,20160207000000,43.438,5.216,9,0,9.1,13.6,10.7,59,94,79,8.1,-999,21,215,530
13054001,20160208000000,43.438,5.216,9,0,2.9,16.1,10.6,59,94,72,2.1,-999,0,460,1113
13054001,20160209000000,43.438,5.216,9,0,8.6,15.1,11.7,68,94,80,5.3,-999,3,31,340
13054001,20160210000000,43.438,5.216,9,0,6.7,10.6,8.3,50,83,68,6.7,-999,0,221,684
13054001,20160211000000,43.438,5.216,9,0,-0.1,10.4,6.4,43,95,77,2.1,-999,0.2,196,827
13054001,20160212000000,43.438,5.216,9,0,3.2,13.8,8.2,76,96,89,3,-999,3.6,26,225
13054001,20160213000000,43.438,5.216,9,0,3.9,14.4,10.1,72,98,87,1.9,-999,3.4,158,497
13054001,20160214000000,43.438,5.216,9,0,8.2,14.5,10.1,52,98,78,3.5,-999,0,340,977
13054001,20160215000000,43.438,5.216,9,0,3.9,10.8,7.7,51,90,66,8.2,-999,0,537,1265
13054001,20160216000000,43.438,5.216,9,0,1.6,11.1,6.6,53,82,67,5.1,-999,0,504,1192
13054001,20160217000000,43.438,5.216,9,0,2.5,10,5.9,50,86,71,2.9,-999,0,591,1305
13054001,20160218000000,43.438,5.216,9,0,4.4,12.9,8.6,54,83,70,4.1,-999,0,204,794
13054001,20160219000000,43.438,5.216,9,0,4.4,11.6,7.7,29,85,57,9.2,-999,0,618,1427
13054001,20160220000000,43.438,5.216,9,0,2.6,13.6,8.2,47,93,68,3.6,-999,0,618,1399
13054001,20160221000000,43.438,5.216,9,0,2.7,19.2,11.2,51,96,74,2.3,-999,0,557,1382
13054001,20160222000000,43.438,5.216,9,0,8.6,16,12.5,51,98,76,3,-999,3.4,0,311
13054001,20160223000000,43.438,5.216,9,0,7.8,17.3,11.6,48,93,75,5.3,-999,0,485,1328
13054001,20160224000000,43.438,5.216,9,0,6.4,16,10.4,54,94,74,2.8,-999,0.2,573,1381
13054001,20160225000000,43.438,5.216,9,0,4.7,16.3,10,54,94,77,3.4,-999,0,564,1411
13054001,20160226000000,43.438,5.216,9,0,4,11.3,8.1,41,85,64,3.7,-999,0.6,446,1177
13054001,20160227000000,43.438,5.216,9,0,7.3,11.8,9.7,66,92,77,8.9,-999,20.9,0,273
13054001,20160228000000,43.438,5.216,9,0,7.6,13.7,10.2,53,90,73,6.2,-999,0.5,90,815
13054001,20160229000000,43.438,5.216,9,0,6.3,10.8,8.1,57,71,66,10.5,-999,0,227,973
13054001,20160301000000,43.438,5.216,9,0,6.4,12.7,9.6,21,69,47,12.9,-999,0,585,1572
13054001,20160302000000,43.438,5.216,9,0,6.9,15.9,10.7,49,81,66,7.4,-999,0,310,1055
13054001,20160303000000,43.438,5.216,9,0,5.7,14.9,9.9,37,78,58,8.8,-999,0,505,1519
13054001,20160304000000,43.438,5.216,9,0,3,15.2,10.4,52,90,74,5.8,-999,10.9,143,783
13054001,20160305000000,43.438,5.216,9,0,7.7,14,9.7,50,94,75,5.3,-999,0.6,385,1428
13054001,20160306000000,43.438,5.216,9,0,4.9,11.3,7.7,39,79,56,10.2,-999,0,655,1734
13054001,20160307000000,43.438,5.216,9,0,2.4,12.8,7.9,33,80,57,5.8,-999,0,607,1741
13054001,20160308000000,43.438,5.216,9,0,4,9.8,6.7,39,68,52,13.1,-999,0,672,1805
13054001,20160309000000,43.438,5.216,9,0,1.9,11.1,6.6,27,73,59,3.7,-999,0,316,1154
13054001,20160310000000,43.438,5.216,9,0,4.5,16.1,9.1,36,82,63,3.5,-999,0,544,1674
13054001,20160311000000,43.438,5.216,9,0,0.9,13.6,7.2,44,91,70,2.2,-999,0,1,703
13054001,20160312000000,43.438,5.216,9,0,1.7,14.8,8.2,42,91,67,3.9,-999,0,630,1705
13054001,20160313000000,43.438,5.216,9,0,1.3,15.5,9.1,45,90,69,2,-999,0.2,316,1296
13054001,20160314000000,43.438,5.216,9,0,4.8,14.6,10.2,52,96,77,1.6,-999,0.4,112,930
13054001,20160315000000,43.438,5.216,9,0,6.5,16.9,11.6,37,92,67,5,-999,1.6,604,1763
13054001,20160316000000,43.438,5.216,9,0,5.7,10.3,7.5,55,95,86,4.8,-999,23.5,0,169
13054001,20160317000000,43.438,5.216,9,0,6.5,16,11,44,92,73,4.2,-999,0,25,755
13054001,20160318000000,43.438,5.216,9,0,5.3,16.6,11,42,95,76,1.9,-999,0.2,643,1909
13054001,20160319000000,43.438,5.216,9,0,4.8,16.3,10.6,55,98,82,2.1,-999,0,626,1882
13054001,20160320000000,43.438,5.216,9,0,7.4,15.3,11.9,58,91,77,2,-999,0,120,1001
13054001,20160321000000,43.438,5.216,9,0,9.8,18.6,13,44,92,73,1.9,-999,0,584,1863
13054001,20160322000000,43.438,5.216,9,0,5.4,16.7,11.3,46,93,67,3.9,-999,0,445,1481
13054001,20160323000000,43.438,5.216,9,0,7.5,17.6,12.1,32,75,50,8.1,-999,0,647,1990
13054001,20160324000000,43.438,5.216,9,0,4.4,17.4,12.3,32,79,50,6.1,-999,0,674,2053
13054001,20160325000000,43.438,5.216,9,0,8.9,16.6,12.4,44,72,58,5.5,-999,0,226,1171
13054001,20160326000000,43.438,5.216,9,0,9.9,17.6,12.6,43,89,65,3.8,-999,0,721,2117
13054001,20160327000000,43.438,5.216,9,0,8.5,14.4,11,71,99,86,4,-999,1.6,7,208
13054001,20160328000000,43.438,5.216,9,0,5.8,17.5,12.1,45,98,79,2.3,-999,0.2,375,1556
13054001,20160329000000,43.438,5.216,9,0,6,20.7,13.3,35,98,77,2.6,-999,0.2,460,1780
13054001,20160330000000,43.438,5.216,9,0,10.2,21,15.8,43,90,66,4.5,-999,0,634,1985
13054001,20160331000000,43.438,5.216,9,0,13.4,23.4,17.8,36,84,58,6.9,-999,0,62,941
13054001,20160401000000,43.438,5.216,9,0,11,15.8,11.6,70,92,82,2.7,-999,1.6,0,380
13054001,20160402000000,43.438,5.216,9,0,10,18.6,15.5,53,94,76,3.9,-999,0.2,0,490
13054001,20160403000000,43.438,5.216,9,0,15.4,17.4,15.8,64,94,75,6,-999,2,0,307
13054001,20160404000000,43.438,5.216,9,0,11.8,18.7,15.8,62,93,74,6.4,-999,0,111,1158
13054001,20160405000000,43.438,5.216,9,0,14.5,18.1,15.7,57,93,81,3.4,-999,1.6,46,917
13054001,20160406000000,43.438,5.216,9,0,10.3,21.6,15.9,47,96,69,4.6,-999,0,483,1848
13054001,20160407000000,43.438,5.216,9,0,11.6,20,15.2,37,76,50,9.6,-999,0,736,2388
13054001,20160408000000,43.438,5.216,9,0,9.3,16,11.8,40,70,52,11.5,-999,3.2,711,2231
13054001,20160409000000,43.438,5.216,9,0,8.7,17.5,12.9,37,83,58,7.3,-999,0,645,2203
13054001,20160410000000,43.438,5.216,9,0,4.8,20,13.7,34,90,62,4.7,-999,0,737,2396
13054001,20160411000000,43.438,5.216,9,0,12,19.7,15.8,37,74,57,7,-999,0,746,2412
13054001,20160412000000,43.438,5.216,9,0,12.8,20.3,16.1,42,72,60,5.2,-999,0,448,1768
13054001,20160413000000,43.438,5.216,9,0,13.1,19.6,15.1,57,93,72,4.7,-999,0,587,2284
13054001,20160414000000,43.438,5.216,9,0,5.5,21.5,14.3,30,98,60,2.6,-999,0,746,2472
13054001,20160415000000,43.438,5.216,9,0,12.4,19.4,16.6,44,78,63,5.6,-999,0,675,2294
13054001,20160416000000,43.438,5.216,9,0,13.4,23,18.3,44,72,58,6.5,-999,0,635,2303
13054001,20160417000000,43.438,5.216,9,0,15.8,22.5,17.5,48,81,69,3.9,-999,0,390,2003
13054001,20160418000000,43.438,5.216,9,0,9.6,19.3,13.8,31,86,55,7.8,-999,0,783,2591
13054001,20160419000000,43.438,5.216,9,0,7.7,21.6,14.4,27,70,47,3.9,-999,0,773,2634
13054001,20160420000000,43.438,5.216,9,0,9,23.9,16.7,31,79,54,2.5,-999,0,545,2116
13054001,20160421000000,43.438,5.216,9,0,11.4,21.6,15.3,31,91,74,3.2,-999,1.6,0,531
13054001,20160422000000,43.438,5.216,9,0,10,19.3,15.3,60,96,78,3.5,-999,0,391,1882
13054001,20160423000000,43.438,5.216,9,0,11,22.7,16.3,39,95,65,7.2,-999,0,480,1966
13054001,20160424000000,43.438,5.216,9,0,9.5,15.7,12,32,71,48,16.8,-999,0,791,2707
13054001,20160425000000,43.438,5.216,9,0,8.3,16.9,12.1,24,63,45,10.3,-999,0,804,2768
13054001,20160426000000,43.438,5.216,9,0,4.7,18.2,13.4,36,74,56,6.2,-999,0,795,2759
13054001,20160427000000,43.438,5.216,9,0,8.9,17.1,13,26,75,47,6.2,-999,0,756,2725
13054001,20160428000000,43.438,5.216,9,0,7.9,20.6,13.9,18,63,41,4.4,-999,0,540,2326
13054001,20160429000000,43.438,5.216,9,0,5,19.8,13.1,27,70,50,3.2,-999,0,787,2794
13054001,20160430000000,43.438,5.216,9,0,7.5,16.6,11.9,38,90,69,4.3,-999,3.2,304,1235
13054001,20160501000000,43.438,5.216,9,0,8,14.1,10.5,50,78,64,13.1,-999,0.2,406,2011
13054001,20160502000000,43.438,5.216,9,0,9.6,22,16.5,35,70,53,7.2,-999,0,813,2794
13054001,20160503000000,43.438,5.216,9,0,14,22.6,17.7,30,63,45,11.4,-999,0,814,2749
13054001,20160504000000,43.438,5.216,9,0,8.1,23.3,16.6,20,67,40,3.4,-999,0,823,2864
13054001,20160505000000,43.438,5.216,9,0,7.9,25.1,17.4,17,68,45,4.1,-999,0,820,2851
13054001,20160506000000,43.438,5.216,9,0,10.6,24.4,18.1,29,71,48,4.8,-999,0,618,2247
13054001,20160507000000,43.438,5.216,9,0,13.4,23.6,18.4,32,62,48,4.7,-999,0,673,2511
13054001,20160508000000,43.438,5.216,9,0,14,21.6,17.6,46,91,64,6.6,-999,3.4,132,1256
13054001,20160509000000,43.438,5.216,9,0,14.6,23.3,18.8,45,87,62,7.8,-999,0.6,85,1095
13054001,20160510000000,43.438,5.216,9,0,17.7,25,19.9,47,89,67,6.7,-999,13.3,480,2019
13054001,20160511000000,43.438,5.216,9,0,15.2,18.9,16,74,95,86,3.4,-999,4.2,33,1020
13054001,20160512000000,43.438,5.216,9,0,12.9,21.2,16.5,42,91,70,4.2,-999,0,548,2482
13054001,20160513000000,43.438,5.216,9,0,11.5,18.9,15.8,60,92,77,6,-999,1,76,1002
13054001,20160514000000,43.438,5.216,9,0,14.8,23.6,18.9,41,80,59,12.7,-999,0,826,2843
13054001,20160515000000,43.438,5.216,9,0,12.8,20.9,16.4,20,67,45,12.6,-999,0,844,2988
13054001,20160516000000,43.438,5.216,9,0,11,23.2,16.9,23,52,41,7.5,-999,0,844,2996
13054001,20160517000000,43.438,5.216,9,0,13.4,23.6,17.6,31,73,47,4.6,-999,0,819,2939
13054001,20160518000000,43.438,5.216,9,0,11.4,22.3,17.1,41,94,67,3.3,-999,2,581,2476
13054001,20160519000000,43.438,5.216,9,0,13.9,22.3,17.5,31,94,54,9.8,-999,0,638,2390
13054001,20160520000000,43.438,5.216,9,0,12.7,26,18.9,29,76,53,4.4,-999,0,852,3015
13054001,20160521000000,43.438,5.216,9,0,11.4,25.8,18.6,33,84,63,3.4,-999,0,852,2932
13054001,20160522000000,43.438,5.216,9,0,12.9,25,18.2,28,93,58,6.1,-999,2.6,454,1948
13054001,20160523000000,43.438,5.216,9,0,11.3,21.4,16.3,30,89,53,9,-999,0,679,2465
13054001,20160524000000,43.438,5.216,9,0,12.7,22.8,17,35,85,59,7.5,-999,0,735,2761
13054001,20160525000000,43.438,5.216,9,0,12.5,24.2,17.9,25,91,64,3.6,-999,0,476,2374
13054001,20160526000000,43.438,5.216,9,0,13.6,26.3,19.8,35,86,63,2.7,-999,0,618,2635
13054001,20160527000000,43.438,5.216,9,0,14.7,26.7,20.9,35,90,58,2.8,-999,0,541,2510
13054001,20160528000000,43.438,5.216,9,0,14.2,22.5,19.2,59,92,75,4.3,-999,3.8,697,2594
13054001,20160529000000,43.438,5.216,9,0,16.3,24,19.8,49,93,72,5.5,-999,0,322,1890
13054001,20160530000000,43.438,5.216,9,0,14.7,24.2,19.5,43,81,63,6.8,-999,0,847,3037
13054001,20160531000000,43.438,5.216,9,0,15.5,24.2,18.5,42,87,65,7.2,-999,0,522,2489
13054001,20160601000000,43.438,5.216,9,0,15.6,21.3,18,54,85,72,7.4,-999,0,19,1116
13054001,20160602000000,43.438,5.216,9,0,15.2,24.5,20,49,89,68,5.4,-999,0,560,2524
13054001,20160603000000,43.438,5.216,9,0,17.7,25.6,20.6,46,80,65,3.6,-999,0,588,2701
13054001,20160604000000,43.438,5.216,9,0,15.1,26.5,20.6,45,87,69,2.5,-999,0.2,675,2786
13054001,20160605000000,43.438,5.216,9,0,15.6,27.2,21.6,42,91,66,3.2,-999,0,829,2994
13054001,20160606000000,43.438,5.216,9,0,15.8,26.7,21.3,47,87,71,3.1,-999,0,702,2828
13054001,20160607000000,43.438,5.216,9,0,15.8,29,22.2,47,88,69,2.9,-999,0,547,2431
13054001,20160608000000,43.438,5.216,9,0,17.4,31.7,24.9,29,89,57,5.7,-999,0,785,2891
13054001,20160609000000,43.438,5.216,9,0,20.8,30.3,24.8,34,71,52,8.2,-999,0,847,3010
13054001,20160610000000,43.438,5.216,9,0,16.6,27.7,22.3,37,88,62,3.2,-999,0,470,2275
13054001,20160611000000,43.438,5.216,9,0,18.3,27.7,22.6,39,91,64,5.5,-999,0,436,2327
13054001,20160612000000,43.438,5.216,9,0,19,28.6,23.6,30,64,48,8.2,-999,0,685,2711
13054001,20160613000000,43.438,5.216,9,0,20,28,23.1,37,73,58,9.7,-999,0,633,2772
13054001,20160614000000,43.438,5.216,9,0,18.4,27.2,22.2,29,71,50,9.4,-999,0,780,3059
13054001,20160615000000,43.438,5.216,9,0,17.4,25.2,20.9,42,80,64,5,-999,0.6,163,1816
13054001,20160616000000,43.438,5.216,9,0,19.3,23.7,20.3,42,90,71,5.3,-999,0.6,160,1237
13054001,20160617000000,43.438,5.216,9,0,14.7,23.6,19.1,36,80,59,4,-999,0,872,3078
13054001,20160618000000,43.438,5.216,9,0,14.8,23,18.9,46,84,66,4.9,-999,0,309,1979
13054001,20160619000000,43.438,5.216,9,0,17,25.7,21.1,36,69,53,11.6,-999,0,884,3093
13054001,20160620000000,43.438,5.216,9,0,16.4,28,22.5,30,69,51,4.5,-999,0,729,2912
13054001,20160621000000,43.438,5.216,9,0,19.3,30.1,23.4,35,67,52,2.9,-999,0,577,2624
13054001,20160622000000,43.438,5.216,9,0,17.9,28.9,23.9,34,72,54,2.5,-999,0,880,2984
13054001,20160623000000,43.438,5.216,9,0,16.6,31.6,24.3,24,79,50,3,-999,0,864,3026
13054001,20160624000000,43.438,5.216,9,0,18.2,32,24.9,32,66,50,3,-999,0,848,2996
13054001,20160625000000,43.438,5.216,9,0,20.5,33.3,26.9,32,80,54,5.4,-999,0,836,2919
13054001,20160626000000,43.438,5.216,9,0,21.1,30.5,25.2,24,62,42,8.7,-999,0,838,3072
13054001,20160627000000,43.438,5.216,9,0,18.8,29.1,24.1,27,55,42,10,-999,0,742,2844
13054001,20160628000000,43.438,5.216,9,0,17.1,31,23.9,31,76,53,3.1,-999,0,880,3035
13054001,20160629000000,43.438,5.216,9,0,17.8,30.5,23.5,37,85,67,2.9,-999,0,672,2542
13054001,20160630000000,43.438,5.216,9,0,20.7,30.9,25.1,42,87,64,3.2,-999,0,668,2640
13054001,20160701000000,43.438,5.216,9,0,20.7,30.1,24.9,43,82,64,3.4,-999,0,782,2877
13054001,20160702000000,43.438,5.216,9,0,19.3,31.4,25.7,42,80,59,5.1,-999,0,791,2767
13054001,20160703000000,43.438,5.216,9,0,20.1,30.6,25.4,19,60,39,10,-999,0,880,3043
13054001,20160704000000,43.438,5.216,9,0,16.9,32,24.9,31,79,52,3.1,-999,0,850,3029
13054001,20160705000000,43.438,5.216,9,0,21.1,35,27.6,23,77,51,5.2,-999,0,601,2490
13054001,20160706000000,43.438,5.216,9,0,22.1,33.7,27.5,21,59,41,8.5,-999,0,877,3124
13054001,20160707000000,43.438,5.216,9,0,16.9,33.4,25.8,19,68,48,3.2,-999,0,746,2931
13054001,20160708000000,43.438,5.216,9,0,22.7,32.5,27,32,76,55,3.3,-999,0,425,2283
13054001,20160709000000,43.438,5.216,9,0,20.6,35,27.5,30,83,56,3.4,-999,0,865,2960
13054001,20160710000000,43.438,5.216,9,0,20.5,31,26.5,56,89,67,3,-999,0,860,2875
13054001,20160711000000,43.438,5.216,9,0,21.5,35,26.6,30,90,66,3.1,-999,0,755,2739
13054001,20160712000000,43.438,5.216,9,0,22.3,33.1,25.8,32,90,63,5.8,-999,0,643,2620
13054001,20160713000000,43.438,5.216,9,0,18.8,27.2,22.2,28,65,44,11.2,-999,0,-999,-999
13054001,20160714000000,43.438,5.216,9,0,16.8,25.7,20.1,26,62,46,14,-999,0,707,2666
13054001,20160715000000,43.438,5.216,9,0,16.3,27.2,21.8,30,59,44,9.2,-999,0,864,3049
13054001,20160716000000,43.438,5.216,9,0,16,29.4,23.3,25,60,42,3.8,-999,0,862,2992
13054001,20160717000000,43.438,5.216,9,0,15.8,28.1,22.4,34,61,48,3,-999,0,862,2990
13054001,20160718000000,43.438,5.216,9,0,15.5,29.5,22.9,23,67,51,2.7,-999,0,867,2988
13054001,20160719000000,43.438,5.216,9,0,15.7,31.5,24.5,18,68,39,2.2,-999,0,867,3030
13054001,20160720000000,43.438,5.216,9,0,16.6,31.8,25.1,25,79,47,3.1,-999,0,711,2707
13054001,20160721000000,43.438,5.216,9,0,21.9,31.1,25.8,37,84,65,2.8,-999,0,670,2661
13054001,20160722000000,43.438,5.216,9,0,22.3,31,24.9,44,92,73,4.1,-999,2.2,214,1499
13054001,20160723000000,43.438,5.216,9,0,20.7,27.9,23,45,84,71,3,-999,0.6,75,929
13054001,20160724000000,43.438,5.216,9,0,17.5,33.2,25.6,34,91,59,3.3,-999,0,758,2683
13054001,20160725000000,43.438,5.216,9,0,19.7,34,27.6,34,78,52,4.6,-999,0,840,2745
13054001,20160726000000,43.438,5.216,9,0,23.3,35.1,29.2,27,62,46,5.1,-999,0,837,2756
13054001,20160727000000,43.438,5.216,9,0,23.5,33,28,29,66,47,6.3,-999,0,750,2607
13054001,20160728000000,43.438,5.216,9,0,22.5,34,27.5,26,65,47,5.9,-999,0,838,2804
13054001,20160729000000,43.438,5.216,9,0,22.5,33.1,26.5,34,73,53,3.9,-999,0,813,2791
13054001,20160730000000,43.438,5.216,9,0,20.7,32.9,26.4,36,77,60,3.5,-999,0,600,2227
13054001,20160731000000,43.438,5.216,9,0,21.9,32.4,26.1,41,76,57,5.9,-999,0,675,2503
13054001,20160801000000,43.438,5.216,9,0,20.8,31.1,25.8,26,69,45,9.8,-999,0,827,2833
13054001,20160802000000,43.438,5.216,9,0,17.2,33.5,25.6,22,70,50,3.5,-999,0,769,2737
13054001,20160803000000,43.438,5.216,9,0,19.7,34.3,26.3,23,76,53,3,-999,0,820,2763
13054001,20160804000000,43.438,5.216,9,0,19.4,31.6,25.3,38,91,68,4.4,-999,5.6,500,2280
13054001,20160805000000,43.438,5.216,9,0,19,27.1,23.1,37,91,58,11.4,-999,0,827,2792
13054001,20160806000000,43.438,5.216,9,0,19.9,30.7,24.7,29,62,46,8.2,-999,0,827,2684
13054001,20160807000000,43.438,5.216,9,0,19.5,31.6,25.5,25,63,46,3.4,-999,0,826,2716
13054001,20160808000000,43.438,5.216,9,0,18.8,33.5,26.1,22,67,47,2.2,-999,0,797,2677
13054001,20160809000000,43.438,5.216,9,0,21.8,29.7,25.2,33,69,51,7.5,-999,0,506,1833
13054001,20160810000000,43.438,5.216,9,0,18.6,26.9,22.5,25,62,43,12.5,-999,0,805,2762
13054001,20160811000000,43.438,5.216,9,0,17.4,27.8,22.3,29,56,42,7,-999,0,799,2615
13054001,20160812000000,43.438,5.216,9,0,15.3,29.5,22.9,27,63,44,2.7,-999,0,811,2584
13054001,20160813000000,43.438,5.216,9,0,17.1,29.7,23.3,29,66,48,2.3,-999,0,814,2617
13054001,20160814000000,43.438,5.216,9,0,16.2,30.1,23.5,24,62,42,2.7,-999,0,810,2611
13054001,20160815000000,43.438,5.216,9,0,16.5,30.4,23.7,28,79,47,2.5,-999,0,726,2537
13054001,20160816000000,43.438,5.216,9,0,18.2,28.9,23.3,51,88,71,2.5,-999,0.2,390,1703
13054001,20160817000000,43.438,5.216,9,0,20.4,29.1,24,57,90,77,2.8,-999,0,477,1713
13054001,20160818000000,43.438,5.216,9,0,19.3,31.8,25.3,39,87,64,2.6,-999,0,574,2158
13054001,20160819000000,43.438,5.216,9,0,20.7,31.1,25.1,43,83,64,2.6,-999,0,759,2390
13054001,20160820000000,43.438,5.216,9,0,21,29.9,24.6,48,77,66,3.8,-999,0,133,1332
13054001,20160821000000,43.438,5.216,9,0,18.7,28,23.7,28,70,46,11,-999,0,792,2573
13054001,20160822000000,43.438,5.216,9,0,18.8,31.5,24.7,25,65,42,3.8,-999,0,792,2489
13054001,20160823000000,43.438,5.216,9,0,18,31.4,24.9,28,66,48,2.3,-999,0,789,2479
13054001,20160824000000,43.438,5.216,9,0,18,32.3,25.4,26,69,47,2.4,-999,0,786,2449
13054001,20160825000000,43.438,5.216,9,0,18.7,32.7,25.8,31,63,49,2.6,-999,0,780,2392
13054001,20160826000000,43.438,5.216,9,0,19.6,32.1,26.3,34,64,50,2.6,-999,0,773,2347
13054001,20160827000000,43.438,5.216,9,0,20.1,32.6,25.6,31,79,57,2.9,-999,0,760,2308
13054001,20160828000000,43.438,5.216,9,0,18.2,29.6,24.5,42,86,72,2.7,-999,0,639,2228
13054001,20160829000000,43.438,5.216,9,0,22.3,33.6,26.8,34,87,57,5.5,-999,0,467,1922
13054001,20160830000000,43.438,5.216,9,0,19.5,28.4,23.7,47,80,64,3.6,-999,0,372,1659
13054001,20160831000000,43.438,5.216,9,0,18.9,31,25.1,40,84,63,2.7,-999,0,728,2163
13054001,20160901000000,43.438,5.216,9,0,20.1,33.6,26.4,35,83,59,3.5,-999,0,751,2225
13054001,20160902000000,43.438,5.216,9,0,19.6,33.2,25.6,28,75,55,2.7,-999,0,751,2276
13054001,20160903000000,43.438,5.216,9,0,18.4,34.1,25.7,26,78,54,2.5,-999,0,704,2126
13054001,20160904000000,43.438,5.216,9,0,18.6,33.6,25.9,32,80,56,2.6,-999,0,558,1898
13054001,20160905000000,43.438,5.216,9,0,22.4,32.1,26.6,34,78,48,10.7,-999,0,589,2058
13054001,20160906000000,43.438,5.216,9,0,21.4,31.8,26.2,32,69,51,4,-999,0,749,2204
13054001,20160907000000,43.438,5.216,9,0,20,28.8,24,44,75,58,2.3,-999,0,738,2144
13054001,20160908000000,43.438,5.216,9,0,17.9,30.3,24.2,33,82,63,2.6,-999,0,724,2135
13054001,20160909000000,43.438,5.216,9,0,18.3,32.2,24.8,30,87,58,2.5,-999,0,710,1954
13054001,20160910000000,43.438,5.216,9,0,19.7,32.2,25.5,31,75,54,2.6,-999,0,532,1771
13054001,20160911000000,43.438,5.216,9,0,19.1,32.8,25.3,32,80,59,2.2,-999,0,712,1916
13054001,20160912000000,43.438,5.216,9,0,20,31.3,25.7,34,79,61,3.2,-999,0,655,1934
13054001,20160913000000,43.438,5.216,9,0,19.7,30.9,25.4,38,82,60,3.8,-999,0,616,1872
13054001,20160914000000,43.438,5.216,9,0,22.2,26.7,23.7,49,87,70,6,-999,3.2,62,469
13054001,20160915000000,43.438,5.216,9,0,17.5,25.1,21.2,41,93,69,3.8,-999,0.2,536,1795
13054001,20160916000000,43.438,5.216,9,0,17.8,24.6,21.1,47,84,66,5.9,-999,0,368,1541
13054001,20160917000000,43.438,5.216,9,0,17.8,23.7,19.5,36,74,57,9.4,-999,0,477,1642
13054001,20160918000000,43.438,5.216,9,0,15.8,22.4,19,48,73,60,10.2,-999,0,458,1543
13054001,20160919000000,43.438,5.216,9,0,17.4,25.8,21.1,39,76,57,9.6,-999,0,710,1964
13054001,20160920000000,43.438,5.216,9,0,12.9,26.3,19.9,39,83,60,4.5,-999,0,688,1794
13054001,20160921000000,43.438,5.216,9,0,15.3,25.5,19.8,29,72,54,5.3,-999,0,698,1934
13054001,20160922000000,43.438,5.216,9,0,12.3,25.5,18.7,42,84,66,2.4,-999,0,698,1861
13054001,20160923000000,43.438,5.216,9,0,12.8,27.5,19.5,36,86,65,2.7,-999,0,672,1812
13054001,20160924000000,43.438,5.216,9,0,14.7,26.4,20.7,45,83,68,2.7,-999,0,601,1700
13054001,20160925000000,43.438,5.216,9,0,15.8,26.1,20.8,49,85,69,3.2,-999,0,552,1544
13054001,20160926000000,43.438,5.216,9,0,13.9,26.6,20.4,47,94,71,2.3,-999,0,543,1671
13054001,20160927000000,43.438,5.216,9,0,15.1,27.1,19.4,32,92,73,3,-999,2.8,570,1711
13054001,20160928000000,43.438,5.216,9,0,13.6,27.6,20.3,33,89,64,2.4,-999,0,682,1750
13054001,20160929000000,43.438,5.216,9,0,13.1,26.9,19.7,37,93,69,2.3,-999,0.2,679,1759
13054001,20160930000000,43.438,5.216,9,0,16.1,24.4,20.2,56,91,76,3.2,-999,3.6,415,1138
13054001,20161001000000,43.438,5.216,9,0,18.2,25,20.2,58,95,80,3.4,-999,10.1,151,748
13054001,20161002000000,43.438,5.216,9,0,15.7,24,18.9,52,96,80,3,-999,0.4,440,1299
13054001,20161003000000,43.438,5.216,9,0,13.8,23.2,17.1,32,84,58,4.8,-999,0,678,1789
13054001,20161004000000,43.438,5.216,9,0,10.1,25.3,17.1,31,87,63,2.3,-999,0,658,1704
13054001,20161005000000,43.438,5.216,9,0,10.2,24,17.6,36,87,62,4.4,-999,0,659,1661
13054001,20161006000000,43.438,5.216,9,0,10.3,18.6,14.7,60,93,80,2.8,-999,5.4,25,356
13054001,20161007000000,43.438,5.216,9,0,9,21.5,15.1,43,96,76,2.3,-999,0,530,1534
13054001,20161008000000,43.438,5.216,9,0,11.5,21.2,15.8,33,92,60,5.8,-999,0,642,1608
13054001,20161009000000,43.438,5.216,9,0,8.1,20.8,14.5,37,83,58,5.2,-999,0,488,1333
13054001,20161010000000,43.438,5.216,9,0,7.8,19.3,13.3,37,78,56,4.7,-999,0,440,1215
13054001,20161011000000,43.438,5.216,9,0,9.9,17.5,12.6,37,77,57,5.4,-999,0,437,1384
13054001,20161012000000,43.438,5.216,9,0,7.6,20,15.6,51,80,62,5,-999,1.4,51,594
13054001,20161013000000,43.438,5.216,9,0,14.6,19.3,16.7,59,78,65,11,-999,10.6,0,427
13054001,20161014000000,43.438,5.216,9,0,16.4,20.9,17.4,61,96,83,5.4,-999,3.8,40,543
13054001,20161015000000,43.438,5.216,9,0,10.6,21.5,15.4,49,98,79,1.6,-999,0,605,1462
13054001,20161016000000,43.438,5.216,9,0,12,23.2,18.5,58,83,72,4.2,-999,0,178,990
13054001,20161017000000,43.438,5.216,9,0,14.7,21.1,17.5,69,95,79,3.9,-999,17.8,2,290
13054001,20161018000000,43.438,5.216,9,0,11,21.2,16.1,41,98,71,5,-999,0,626,1434
13054001,20161019000000,43.438,5.216,9,0,12.7,19.9,15.3,42,80,61,7.9,-999,0,581,1405
13054001,20161020000000,43.438,5.216,9,0,10.1,17.3,13.1,42,70,58,7.4,-999,0,617,1379
13054001,20161021000000,43.438,5.216,9,0,5,18.7,11.6,40,89,67,2.8,-999,0,622,1394
13054001,20161022000000,43.438,5.216,9,0,4.9,19,12.7,44,91,74,3.8,-999,4,279,750
13054001,20161023000000,43.438,5.216,9,0,12.9,21,17.1,66,85,77,7,-999,0.6,102,645
13054001,20161024000000,43.438,5.216,9,0,17.1,26.9,21.6,48,85,68,4.7,-999,0.8,325,971
13054001,20161025000000,43.438,5.216,9,0,17.7,24.5,20.1,62,96,83,2.9,-999,0.4,11,375
13054001,20161026000000,43.438,5.216,9,0,14.1,19.7,16.8,68,98,84,3.6,-999,0.2,80,540
13054001,20161027000000,43.438,5.216,9,0,10.5,21.5,15.3,51,92,74,3.1,-999,0.2,603,1182
13054001,20161028000000,43.438,5.216,9,0,8.7,21,14.2,56,96,80,1.4,-999,0.2,597,1151
13054001,20161029000000,43.438,5.216,9,0,8,19.8,13.1,58,96,81,1.6,-999,0.2,593,1150
13054001,20161030000000,43.438,5.216,9,0,7,21.5,13.7,55,96,83,1.5,-999,0.4,592,1137
13054001,20161031000000,43.438,5.216,9,0,8.4,20.9,15,67,96,82,1.4,-999,0,465,1064
13054001,20161101000000,43.438,5.216,9,0,13.4,20.8,17,54,93,74,1.9,-999,0,184,779
13054001,20161102000000,43.438,5.216,9,0,11.8,20.1,16,53,97,75,4,-999,0.2,545,1079
13054001,20161103000000,43.438,5.216,9,0,10.9,16.8,12.3,48,88,67,5.4,-999,0,583,1099
13054001,20161104000000,43.438,5.216,9,0,7.6,20.6,14.6,58,94,80,3.1,-999,1,286,818
13054001,20161105000000,43.438,5.216,9,0,15.8,20.2,18,74,91,84,5.9,-999,0.2,0,377
13054001,20161106000000,43.438,5.216,9,0,10.4,14.6,11.6,41,83,64,7.2,-999,0,430,966
13054001,20161107000000,43.438,5.216,9,0,3.5,12.4,8.4,39,89,63,5.2,-999,0,568,1109
13054001,20161108000000,43.438,5.216,9,0,4.3,12.6,8.1,46,74,58,8.7,-999,0,557,1067
13054001,20161109000000,43.438,5.216,9,0,3.4,11.4,7.3,64,89,79,3.6,-999,2.4,222,575
13054001,20161110000000,43.438,5.216,9,0,2.5,15.7,11,62,94,79,5.5,-999,0,462,963
13054001,20161111000000,43.438,5.216,9,0,10.2,14.9,12.2,42,86,63,9.2,-999,0,431,959
13054001,20161112000000,43.438,5.216,9,0,6.7,12.8,8.3,41,86,61,6.1,-999,0,390,839
