20185003,20140101000000,42.632,9.3205,75,1,-1.4,14.6,6.3,28,98,71,0.7,-999,0.2,-999,-999
20185003,20140102000000,42.632,9.3205,75,1,5,15.9,9.9,52,95,79,0.4,-999,0.2,-999,-999
20185003,20140103000000,42.632,9.3205,75,1,4.4,16,9.9,65,99,88,0.4,-999,0,-999,-999
20185003,20140104000000,42.632,9.3205,75,1,8.4,18.4,12.4,58,97,84,1,-999,2.8,-999,-999
20185003,20140105000000,42.632,9.3205,75,1,8.5,12.7,10.7,59,95,84,3,-999,7.5,-999,-999
20185003,20140106000000,42.632,9.3205,75,1,4.7,16.5,8.3,47,99,82,0.6,-999,0.2,-999,-999
20185003,20140107000000,42.632,9.3205,75,1,3.5,16.2,8.2,54,100,86,0.6,-999,0.2,-999,-999
20185003,20140108000000,42.632,9.3205,75,1,4,15.8,7.7,59,99,88,0.3,-999,0.2,-999,-999
20185003,20140109000000,42.632,9.3205,75,1,2.5,15.4,7.5,56,100,89,0.6,-999,0.2,-999,-999
20185003,20140110000000,42.632,9.3205,75,1,4.5,14.8,10.3,69,100,87,0.8,-999,0,-999,-999
20185003,20140111000000,42.632,9.3205,75,1,7.1,16.6,10.6,56,99,82,1.1,-999,0.2,-999,-999
20185003,20140112000000,42.632,9.3205,75,1,5.1,15,9.4,68,99,91,0.7,-999,0,-999,-999
20185003,20140113000000,42.632,9.3205,75,1,4.8,16,11,60,99,84,1,-999,0.2,-999,-999
20185003,20140114000000,42.632,9.3205,75,1,9,14.8,9.6,33,93,72,2.2,-999,0,-999,-999
20185003,20140115000000,42.632,9.3205,75,1,2.4,13.5,6.5,57,99,86,0.6,-999,1,-999,-999
20185003,20140116000000,42.632,9.3205,75,1,2.1,15.5,8.7,42,99,79,0.7,-999,0,-999,-999
20185003,20140117000000,42.632,9.3205,75,1,7,14.1,10.3,70,98,88,0.6,-999,1.4,-999,-999
20185003,20140118000000,42.632,9.3205,75,1,8.6,15.5,11.7,61,98,81,2.3,-999,0,-999,-999
20185003,20140119000000,42.632,9.3205,75,1,7.1,18,10.5,48,98,84,1.4,-999,1.2,-999,-999
20185003,20140120000000,42.632,9.3205,75,1,4.8,13.6,9.5,68,98,91,0.7,-999,31,-999,-999
20185003,20140121000000,42.632,9.3205,75,1,6.5,14.5,8.7,61,99,90,0.9,-999,0.4,-999,-999
20185003,20140122000000,42.632,9.3205,75,1,2,13.6,8,46,100,83,0.8,-999,0,-999,-999
20185003,20140123000000,42.632,9.3205,75,1,7.3,12.2,9.3,70,98,89,0.6,-999,7.2,-999,-999
20185003,20140124000000,42.632,9.3205,75,1,7.5,13.2,10,35,99,65,3.4,-999,0,-999,-999
20185003,20140125000000,42.632,9.3205,75,1,2.7,14.1,6.9,36,93,65,1.3,-999,0,-999,-999
20185003,20140126000000,42.632,9.3205,75,1,-1.6,16.3,7,22,90,60,1.8,-999,0.2,-999,-999
20185003,20140127000000,42.632,9.3205,75,1,4.4,16,10.5,39,89,68,2.9,-999,9.8,-999,-999
20185003,20140128000000,42.632,9.3205,75,1,2.7,11.8,6,52,97,76,1.7,-999,0,-999,-999
20185003,20140129000000,42.632,9.3205,75,1,-0.7,14.4,7.1,44,95,70,1.5,-999,0.6,-999,-999
20185003,20140130000000,42.632,9.3205,75,1,4.2,13.3,10.5,64,95,82,2.1,-999,0.4,-999,-999
20185003,20140131000000,42.632,9.3205,75,1,5,11.4,8.3,67,98,85,0.6,-999,5.2,-999,-999
20185003,20140201000000,42.632,9.3205,75,1,7.6,10.8,8.9,87,99,94,1.6,-999,8.9,-999,-999
20185003,20140202000000,42.632,9.3205,75,1,6.3,11.4,8.4,75,98,91,0.6,-999,1,-999,-999
20185003,20140203000000,42.632,9.3205,75,1,7.2,13.3,9.7,74,99,93,0.8,-999,14.7,-999,-999
20185003,20140204000000,42.632,9.3205,75,1,5.2,15.3,8.7,55,98,88,1,-999,1,-999,-999
20185003,20140205000000,42.632,9.3205,75,1,2.1,12.3,8.5,56,99,78,2.9,-999,4,-999,-999
20185003,20140206000000,42.632,9.3205,75,1,7.8,16.5,11,39,86,62,3.8,-999,0,-999,-999
20185003,20140207000000,42.632,9.3205,75,1,5.9,20,12.1,42,98,75,2.2,-999,1,-999,-999
20185003,20140208000000,42.632,9.3205,75,1,2.7,16.7,9.7,37,97,71,1.3,-999,0.2,-999,-999
20185003,20140209000000,42.632,9.3205,75,1,7.4,15.2,11,18,91,50,5,-999,1,-999,-999
20185003,20140210000000,42.632,9.3205,75,1,6.2,15.3,11.3,56,93,79,3.1,-999,1.8,-999,-999
20185003,20140211000000,42.632,9.3205,75,1,5,14.1,9,62,98,85,1.4,-999,0.6,-999,-999
20185003,20140212000000,42.632,9.3205,75,1,2.6,13.9,7,47,98,83,1.1,-999,0.2,-999,-999
20185003,20140213000000,42.632,9.3205,75,1,0.6,17.2,9.8,25,95,69,1.9,-999,0.2,-999,-999
20185003,20140214000000,42.632,9.3205,75,1,7.1,18.6,14,18,96,53,5.3,-999,0,-999,-999
20185003,20140215000000,42.632,9.3205,75,1,6.4,19.5,12.4,52,98,75,1.2,-999,0.2,-999,-999
20185003,20140216000000,42.632,9.3205,75,1,5.1,19.3,10.6,57,98,85,0.7,-999,0.2,-999,-999
20185003,20140217000000,42.632,9.3205,75,1,6.3,15.4,11.2,71,98,86,1.4,-999,0.2,-999,-999
20185003,20140218000000,42.632,9.3205,75,1,7.8,18.3,14.2,51,96,73,5.2,-999,0,-999,-999
20185003,20140219000000,42.632,9.3205,75,1,10.4,16.2,12.6,65,96,87,1.4,-999,16.5,-999,-999
20185003,20140220000000,42.632,9.3205,75,1,8.5,11.2,10.1,83,97,93,0.7,-999,5,-999,-999
20185003,20140221000000,42.632,9.3205,75,1,6.8,15.1,10.9,60,96,85,1.3,-999,3.6,-999,-999
20185003,20140222000000,42.632,9.3205,75,1,3,15,8.5,35,95,70,2.5,-999,0,-999,-999
20185003,20140223000000,42.632,9.3205,75,1,1.1,17,8.5,33,93,68,1,-999,0.2,-999,-999
20185003,20140224000000,42.632,9.3205,75,1,4.1,14.5,8.3,36,88,61,1.6,-999,0,-999,-999
20185003,20140225000000,42.632,9.3205,75,1,0.3,14.2,7.4,38,94,77,1,-999,0.8,-999,-999
20185003,20140226000000,42.632,9.3205,75,1,5.4,15.1,8.6,55,95,82,1.3,-999,1.2,-999,-999
20185003,20140227000000,42.632,9.3205,75,1,0.7,15,8.4,40,96,66,2,-999,0,-999,-999
20185003,20140228000000,42.632,9.3205,75,1,2.9,15.3,10.1,45,92,66,2.4,-999,0,-999,-999
20185003,20140301000000,42.632,9.3205,75,1,5.6,10.9,7.6,53,91,77,2.4,-999,6.9,-999,-999
20185003,20140302000000,42.632,9.3205,75,1,4.5,12.5,6.9,57,96,84,0.8,-999,3.8,-999,-999
20185003,20140303000000,42.632,9.3205,75,1,1.5,13.5,8.1,46,97,75,2.4,-999,7.5,-999,-999
20185003,20140304000000,42.632,9.3205,75,1,6.5,9.1,7.7,81,94,89,2.3,-999,23.4,-999,-999
20185003,20140305000000,42.632,9.3205,75,1,7.1,13.4,9.4,51,94,76,1.4,-999,0,-999,-999
20185003,20140306000000,42.632,9.3205,75,1,5.6,15.6,10.5,37,85,60,2.3,-999,0,-999,-999
20185003,20140307000000,42.632,9.3205,75,1,6.2,17.6,10.5,38,93,67,1.4,-999,0,-999,-999
20185003,20140308000000,42.632,9.3205,75,1,2.4,17.6,10.7,30,94,61,2.1,-999,0,-999,-999
20185003,20140309000000,42.632,9.3205,75,1,7.4,16.7,12,33,77,57,2.3,-999,0,-999,-999
20185003,20140310000000,42.632,9.3205,75,1,6.2,15.5,11.9,40,79,56,3,-999,0,-999,-999
20185003,20140311000000,42.632,9.3205,75,1,7.4,15.7,11,38,81,64,1.5,-999,0,-999,-999
20185003,20140312000000,42.632,9.3205,75,1,4.1,16.8,9.9,25,85,56,2,-999,0,-999,-999
20185003,20140313000000,42.632,9.3205,75,1,2.3,19.2,9.9,23,93,62,1.5,-999,0,-999,-999
20185003,20140314000000,42.632,9.3205,75,1,2.8,16.9,9.7,52,93,73,0.8,-999,0.2,-999,-999
20185003,20140315000000,42.632,9.3205,75,1,1.5,18.6,9.8,32,97,72,1,-999,0,-999,-999
20185003,20140316000000,42.632,9.3205,75,1,3.2,18.3,10.1,42,97,80,1.2,-999,0.2,-999,-999
20185003,20140317000000,42.632,9.3205,75,1,4.4,17.3,11.4,65,98,87,1.2,-999,0.2,-999,-999
20185003,20140318000000,42.632,9.3205,75,1,5.9,19,11.9,49,98,79,1.2,-999,0.2,-999,-999
20185003,20140319000000,42.632,9.3205,75,1,5.5,19,13.5,51,98,74,1.6,-999,0,-999,-999
20185003,20140320000000,42.632,9.3205,75,1,9.7,19.2,14,50,94,75,3.5,-999,0,-999,-999
20185003,20140321000000,42.632,9.3205,75,1,5.6,17.2,11.9,61,98,83,1,-999,0.2,-999,-999
20185003,20140322000000,42.632,9.3205,75,1,9,17.8,12.8,59,96,82,1.2,-999,7.9,-999,-999
20185003,20140323000000,42.632,9.3205,75,1,9.2,14.8,11.4,30,94,63,4.5,-999,1.6,-999,-999
20185003,20140324000000,42.632,9.3205,75,1,8.9,14.9,10.3,23,90,52,4.1,-999,0,-999,-999
20185003,20140325000000,42.632,9.3205,75,1,1.7,12.6,7.7,51,95,77,1.2,-999,2.8,-999,-999
20185003,20140326000000,42.632,9.3205,75,1,3.6,11.9,8.9,62,96,80,2.7,-999,71,-999,-999
20185003,20140327000000,42.632,9.3205,75,1,8.5,11.1,9.9,77,94,88,1.9,-999,15.6,-999,-999
20185003,20140328000000,42.632,9.3205,75,1,5.5,16.3,10.7,41,96,74,1.5,-999,0,-999,-999
20185003,20140329000000,42.632,9.3205,75,1,5.2,17.5,14.3,30,86,55,4.6,-999,0,-999,-999
20185003,20140330000000,42.632,9.3205,75,1,14,19.5,14.3,36,91,55,4.4,-999,0.2,-999,-999
20185003,20140331000000,42.632,9.3205,75,1,4.3,18.3,11.1,38,96,77,1.4,-999,0,-999,-999
20185003,20140401000000,42.632,9.3205,75,1,4.8,16.8,10.7,57,97,84,1.1,-999,0.2,-999,-999
20185003,20140402000000,42.632,9.3205,75,1,5.5,19,13.1,51,97,77,1.7,-999,0,-999,-999
20185003,20140403000000,42.632,9.3205,75,1,10.1,16.8,15.3,36,78,63,6.7,-999,19,-999,-999
20185003,20140404000000,42.632,9.3205,75,1,11.2,14.5,11.5,61,96,87,1.6,-999,5,-999,-999
20185003,20140405000000,42.632,9.3205,75,1,6.3,15.5,11.2,72,97,88,0.5,-999,0,-999,-999
20185003,20140406000000,42.632,9.3205,75,1,7,21.4,13.4,41,96,76,0.7,-999,0.2,-999,-999
20185003,20140407000000,42.632,9.3205,75,1,7.1,23.5,13.7,35,96,75,1.2,-999,0.2,-999,-999
20185003,20140408000000,42.632,9.3205,75,1,7,21.7,12.9,40,96,85,1.7,-999,0.2,-999,-999
20185003,20140409000000,42.632,9.3205,75,1,6.9,19.2,12.9,45,96,80,1.6,-999,0.2,-999,-999
20185003,20140410000000,42.632,9.3205,75,1,6.6,18.3,12.5,65,98,84,1.3,-999,0.2,-999,-999
20185003,20140411000000,42.632,9.3205,75,1,7.1,19.5,12.6,59,97,86,1.2,-999,0.2,-999,-999
20185003,20140412000000,42.632,9.3205,75,1,9.1,20.2,13.8,54,97,83,1.4,-999,0,-999,-999
20185003,20140413000000,42.632,9.3205,75,1,9.9,19.7,14.1,60,96,85,1.1,-999,0.2,-999,-999
20185003,20140414000000,42.632,9.3205,75,1,6.9,19.4,13,56,97,86,1.5,-999,0.4,-999,-999
20185003,20140415000000,42.632,9.3205,75,1,8.1,20.6,14.3,27,97,63,2.9,-999,0,-999,-999
20185003,20140416000000,42.632,9.3205,75,1,9.2,16.5,12.1,21,75,45,2.2,-999,0,-999,-999
20185003,20140417000000,42.632,9.3205,75,1,2.5,17.4,10.4,29,90,62,2.1,-999,0,-999,-999
20185003,20140418000000,42.632,9.3205,75,1,3.8,16.9,12.7,42,95,67,1.9,-999,0,-999,-999
20185003,20140419000000,42.632,9.3205,75,1,9.1,17.8,13,46,92,75,2.9,-999,3.8,-999,-999
20185003,20140420000000,42.632,9.3205,75,1,11.3,18.2,14.1,56,93,76,2.2,-999,0,-999,-999
20185003,20140421000000,42.632,9.3205,75,1,8.2,18.4,13.9,62,95,83,1.4,-999,0,-999,-999
20185003,20140422000000,42.632,9.3205,75,1,8.9,19.6,13.9,58,97,82,1.2,-999,0.2,-999,-999
20185003,20140423000000,42.632,9.3205,75,1,7.2,19.7,13.6,58,97,82,1.9,-999,0.2,-999,-999
20185003,20140424000000,42.632,9.3205,75,1,7.3,21.9,14.7,44,98,76,1.5,-999,0.2,-999,-999
20185003,20140425000000,42.632,9.3205,75,1,7.2,19.9,14,49,96,83,1.4,-999,0,-999,-999
20185003,20140426000000,42.632,9.3205,75,1,9.8,22.2,15.5,46,97,79,1.8,-999,0,-999,-999
20185003,20140427000000,42.632,9.3205,75,1,12.1,18.6,14.8,41,92,72,2.7,-999,0.2,-999,-999
20185003,20140428000000,42.632,9.3205,75,1,9.5,20.4,15.2,33,92,64,3.5,-999,15,-999,-999
20185003,20140429000000,42.632,9.3205,75,1,10.3,18.2,13.6,51,95,80,1.5,-999,0,-999,-999
20185003,20140430000000,42.632,9.3205,75,1,7.1,22.1,14.9,38,95,65,2.9,-999,0,-999,-999
20185003,20140501000000,42.632,9.3205,75,1,7.9,18.7,14.1,50,96,74,1.8,-999,0,-999,-999
20185003,20140502000000,42.632,9.3205,75,1,9.7,17.2,12.6,64,94,84,1.3,-999,7,-999,-999
20185003,20140503000000,42.632,9.3205,75,1,9.7,19.2,14.1,62,94,85,0.6,-999,0.4,-999,-999
20185003,20140504000000,42.632,9.3205,75,1,10.5,21.4,15.1,35,95,69,1.7,-999,0.2,-999,-999
20185003,20140505000000,42.632,9.3205,75,1,7.4,22.7,14.9,29,95,72,1.9,-999,0.2,-999,-999
20185003,20140506000000,42.632,9.3205,75,1,6.8,21.6,14.3,44,97,75,1.5,-999,0,-999,-999
20185003,20140507000000,42.632,9.3205,75,1,9.4,23.3,15.5,32,95,71,1.4,-999,0.2,-999,-999
20185003,20140508000000,42.632,9.3205,75,1,8.2,22.1,15.2,57,96,80,1.6,-999,0.2,-999,-999
20185003,20140509000000,42.632,9.3205,75,1,8.6,20.8,15.4,52,97,78,1.8,-999,0.2,-999,-999
20185003,20140510000000,42.632,9.3205,75,1,10.1,23.8,16.3,52,97,83,1.8,-999,0.2,-999,-999
20185003,20140511000000,42.632,9.3205,75,1,10.4,26.2,19.9,16,96,54,3.7,-999,0,-999,-999
20185003,20140512000000,42.632,9.3205,75,1,16.4,21.3,16.5,30,88,51,3.8,-999,0,-999,-999
20185003,20140513000000,42.632,9.3205,75,1,6.4,21.9,14.7,26,92,63,2.7,-999,0.4,-999,-999
20185003,20140514000000,42.632,9.3205,75,1,7.2,21.1,14.5,24,96,64,2.1,-999,0.2,-999,-999
20185003,20140515000000,42.632,9.3205,75,1,6.6,20.1,13.8,24,95,60,1.7,-999,0,-999,-999
20185003,20140516000000,42.632,9.3205,75,1,5,22.1,14.5,18,93,52,2.5,-999,0,-999,-999
20185003,20140517000000,42.632,9.3205,75,1,5,22,14.2,43,94,70,1.5,-999,0,-999,-999
20185003,20140518000000,42.632,9.3205,75,1,8.1,21.8,18.1,42,96,58,5.2,-999,0,-999,-999
20185003,20140519000000,42.632,9.3205,75,1,15.3,19.1,17,52,89,72,5.4,-999,1.6,-999,-999
20185003,20140520000000,42.632,9.3205,75,1,16.3,21.4,19.1,52,85,72,5.2,-999,0.2,-999,-999
20185003,20140521000000,42.632,9.3205,75,1,18.6,23.2,20.9,38,69,60,6.7,-999,0,-999,-999
20185003,20140522000000,42.632,9.3205,75,1,15.4,24.7,19.7,49,93,73,2.8,-999,0,-999,-999
20185003,20140523000000,42.632,9.3205,75,1,16.1,22.2,17.7,53,94,76,2,-999,0.2,-999,-999
20185003,20140524000000,42.632,9.3205,75,1,8.2,22.3,15.9,38,95,74,1.9,-999,0.2,-999,-999
20185003,20140525000000,42.632,9.3205,75,1,8,25.4,17.9,23,96,66,1.8,-999,0,-999,-999
20185003,20140526000000,42.632,9.3205,75,1,10.8,21.9,16.2,50,96,74,2.1,-999,0.2,-999,-999
20185003,20140527000000,42.632,9.3205,75,1,8.1,23.1,16.7,35,94,62,2.1,-999,0,-999,-999
20185003,20140528000000,42.632,9.3205,75,1,8.8,23.1,16.3,39,89,63,2.1,-999,0,-999,-999
20185003,20140529000000,42.632,9.3205,75,1,8.7,21.7,16.4,35,93,70,2.1,-999,0,-999,-999
20185003,20140530000000,42.632,9.3205,75,1,9,22.9,17.1,39,97,75,2.3,-999,0.2,-999,-999
20185003,20140531000000,42.632,9.3205,75,1,9.5,22.6,16.5,56,94,76,1.4,-999,0.2,-999,-999
20185003,20140601000000,42.632,9.3205,75,1,10.9,25,17.9,32,94,60,2,-999,0,-999,-999
20185003,20140602000000,42.632,9.3205,75,1,9,25.3,17.4,32,93,68,2,-999,0.2,-999,-999
20185003,20140603000000,42.632,9.3205,75,1,9.6,22.9,17.2,39,96,73,2,-999,0,-999,-999
20185003,20140604000000,42.632,9.3205,75,1,10.5,26.2,19,34,96,63,2.2,-999,0,-999,-999
20185003,20140605000000,42.632,9.3205,75,1,12.1,26.4,19.8,34,89,63,2.2,-999,0.2,-999,-999
20185003,20140606000000,42.632,9.3205,75,1,12.2,29.3,22.2,39,94,60,1.4,-999,0,-999,-999
20185003,20140607000000,42.632,9.3205,75,1,12.5,30.7,21.9,31,85,57,1.5,-999,0,-999,-999
20185003,20140608000000,42.632,9.3205,75,1,12.7,31.9,23.1,20,90,58,1.5,-999,0,-999,-999
20185003,20140609000000,42.632,9.3205,75,1,13.7,33.3,25.4,26,90,50,1.8,-999,0,-999,-999
20185003,20140610000000,42.632,9.3205,75,1,15.6,31.4,23.7,30,84,52,1.9,-999,0,-999,-999
20185003,20140611000000,42.632,9.3205,75,1,14.3,33,23.3,22,85,56,1.8,-999,0,-999,-999
20185003,20140612000000,42.632,9.3205,75,1,14,31.5,23.5,26,88,61,1.9,-999,0,-999,-999
20185003,20140613000000,42.632,9.3205,75,1,15.6,31.1,22.9,33,93,69,1.8,-999,0,-999,-999
20185003,20140614000000,42.632,9.3205,75,1,15.8,30.1,23.4,48,92,72,2.5,-999,5.4,-999,-999
20185003,20140615000000,42.632,9.3205,75,1,18.6,24.7,20.4,57,89,74,2.2,-999,3.2,-999,-999
20185003,20140616000000,42.632,9.3205,75,1,17,24.4,20.4,48,86,67,2.6,-999,0,-999,-999
20185003,20140617000000,42.632,9.3205,75,1,14.9,24.2,20.1,45,92,68,1.4,-999,0,-999,-999
20185003,20140618000000,42.632,9.3205,75,1,12.8,25.4,19.6,34,93,66,1.6,-999,0,-999,-999
20185003,20140619000000,42.632,9.3205,75,1,13.9,25,19.2,44,92,72,2.2,-999,0.2,-999,-999
20185003,20140620000000,42.632,9.3205,75,1,12.1,29.3,21.6,26,94,56,2.3,-999,0,-999,-999
20185003,20140621000000,42.632,9.3205,75,1,13.4,28.2,20.9,39,93,70,2.3,-999,0,-999,-999
20185003,20140622000000,42.632,9.3205,75,1,14.7,30,22.8,25,96,57,2,-999,0,-999,-999
20185003,20140623000000,42.632,9.3205,75,1,17.5,31.9,25,32,90,60,1.9,-999,0.2,-999,-999
20185003,20140624000000,42.632,9.3205,75,1,17.4,30.7,24.2,41,94,66,1.9,-999,0,-999,-999
20185003,20140625000000,42.632,9.3205,75,1,18.3,28.7,23.1,45,90,70,2.7,-999,0,-999,-999
20185003,20140626000000,42.632,9.3205,75,1,14.9,26.9,20.2,50,92,74,1.4,-999,0,-999,-999
20185003,20140627000000,42.632,9.3205,75,1,15.1,27.6,21.2,43,92,74,2.1,-999,0.2,-999,-999
20185003,20140628000000,42.632,9.3205,75,1,13.4,27.4,22.2,40,92,66,2.1,-999,0,-999,-999
20185003,20140629000000,42.632,9.3205,75,1,17.2,29.9,23.8,38,87,61,2.9,-999,1.6,-999,-999
20185003,20140630000000,42.632,9.3205,75,1,20.1,26.2,21.5,38,88,57,4.2,-999,0,-999,-999
20185003,20140701000000,42.632,9.3205,75,1,12.4,27,20.1,44,92,68,1.9,-999,0,-999,-999
20185003,20140702000000,42.632,9.3205,75,1,14.9,29,23.4,40,94,62,1.7,-999,0,-999,-999
20185003,20140703000000,42.632,9.3205,75,1,15.9,30.5,24.5,30,88,58,4.9,-999,0,-999,-999
20185003,20140704000000,42.632,9.3205,75,1,24.1,30.3,25.2,30,89,52,4.9,-999,0,-999,-999
20185003,20140705000000,42.632,9.3205,75,1,16.6,30.3,23.2,30,94,60,2.6,-999,0,-999,-999
20185003,20140706000000,42.632,9.3205,75,1,15.2,28.4,22.3,50,87,68,2.1,-999,0,-999,-999
20185003,20140707000000,42.632,9.3205,75,1,16.2,28.6,22.7,50,93,73,2.2,-999,6.2,-999,-999
20185003,20140708000000,42.632,9.3205,75,1,15.9,28.5,22.7,20,95,52,4,-999,0,-999,-999
20185003,20140709000000,42.632,9.3205,75,1,20.8,26.6,22.4,25,76,42,5.3,-999,0.8,-999,-999
20185003,20140710000000,42.632,9.3205,75,1,13.9,24.2,19.3,47,88,67,2.1,-999,0,-999,-999
20185003,20140711000000,42.632,9.3205,75,1,11.8,26,19.9,35,93,68,2.3,-999,0.2,-999,-999
20185003,20140712000000,42.632,9.3205,75,1,15.4,26.1,20.1,53,94,78,2,-999,1.6,-999,-999
20185003,20140713000000,42.632,9.3205,75,1,13.1,25.2,19.5,48,94,74,2.1,-999,0,-999,-999
20185003,20140714000000,42.632,9.3205,75,1,14.3,26.6,20.2,46,92,74,2,-999,3.4,-999,-999
20185003,20140715000000,42.632,9.3205,75,1,14.8,26.6,21.2,51,96,74,2,-999,0,-999,-999
20185003,20140716000000,42.632,9.3205,75,1,15.6,29,22.8,36,94,63,2,-999,0,-999,-999
20185003,20140717000000,42.632,9.3205,75,1,15.8,31.7,23.5,33,89,61,2,-999,0,-999,-999
20185003,20140718000000,42.632,9.3205,75,1,15.2,30.1,23,29,93,56,2,-999,0,-999,-999
20185003,20140719000000,42.632,9.3205,75,1,13.7,34.3,25.3,24,87,51,1.9,-999,0,-999,-999
20185003,20140720000000,42.632,9.3205,75,1,19.1,33.1,25.7,26,84,58,2.7,-999,0,-999,-999
20185003,20140721000000,42.632,9.3205,75,1,20.2,30.9,23.9,25,89,60,3,-999,0,-999,-999
20185003,20140722000000,42.632,9.3205,75,1,16.1,26.8,21.6,43,91,66,2.1,-999,0,-999,-999
20185003,20140723000000,42.632,9.3205,75,1,14.3,27.7,21.7,45,86,69,2.1,-999,0,-999,-999
20185003,20140724000000,42.632,9.3205,75,1,17.1,26.4,22,57,91,75,1.6,-999,0.2,-999,-999
20185003,20140725000000,42.632,9.3205,75,1,17,29.9,23.8,49,94,69,1.6,-999,0,-999,-999
20185003,20140726000000,42.632,9.3205,75,1,18.3,28.9,22.7,51,91,74,2.3,-999,0,-999,-999
20185003,20140727000000,42.632,9.3205,75,1,16.4,27.6,22.3,45,95,70,2.1,-999,0,-999,-999
20185003,20140728000000,42.632,9.3205,75,1,15.7,31.8,24.5,32,88,56,2.2,-999,0,-999,-999
20185003,20140729000000,42.632,9.3205,75,1,20,25.4,20.9,50,93,72,1.7,-999,1,-999,-999
20185003,20140730000000,42.632,9.3205,75,1,13.8,25.7,19.8,45,94,77,2,-999,1.2,-999,-999
20185003,20140731000000,42.632,9.3205,75,1,14.4,30,22.9,29,86,66,2.3,-999,0,-999,-999
20185003,20140801000000,42.632,9.3205,75,1,16.5,28.9,22.6,40,90,72,2.1,-999,0,-999,-999
20185003,20140802000000,42.632,9.3205,75,1,15.5,28.4,23.3,56,92,71,2.1,-999,0,-999,-999
20185003,20140803000000,42.632,9.3205,75,1,17.6,29.1,22.9,51,92,78,1.1,-999,26.2,-999,-999
20185003,20140804000000,42.632,9.3205,75,1,18.3,27.6,22.6,56,96,79,1.7,-999,0.2,-999,-999
20185003,20140805000000,42.632,9.3205,75,1,16.4,27.3,22.4,47,94,77,2.5,-999,0,-999,-999
20185003,20140806000000,42.632,9.3205,75,1,14.9,31.1,23.3,28,92,68,1.9,-999,0.2,-999,-999
20185003,20140807000000,42.632,9.3205,75,1,15.5,29.1,23.1,39,93,75,2.1,-999,0,-999,-999
20185003,20140808000000,42.632,9.3205,75,1,17.9,28,23.6,60,94,77,1.9,-999,0,-999,-999
20185003,20140809000000,42.632,9.3205,75,1,19.3,32.4,25.2,42,93,68,1.7,-999,0,-999,-999
20185003,20140810000000,42.632,9.3205,75,1,20.1,33.1,26.6,41,88,67,1.7,-999,0,-999,-999
20185003,20140811000000,42.632,9.3205,75,1,21.1,30.5,25.5,42,91,69,2.3,-999,0.2,-999,-999
20185003,20140812000000,42.632,9.3205,75,1,19.1,31.4,24.7,42,95,71,2.1,-999,0,-999,-999
20185003,20140813000000,42.632,9.3205,75,1,19,32.1,24.3,40,93,73,2.1,-999,0,-999,-999
20185003,20140814000000,42.632,9.3205,75,1,14.7,28.8,21.9,18,92,51,4.4,-999,0,-999,-999
20185003,20140815000000,42.632,9.3205,75,1,12.1,29.8,21.4,20,86,47,4.1,-999,0,-999,-999
20185003,20140816000000,42.632,9.3205,75,1,11.9,26.6,19.8,32,83,61,2.3,-999,0,-999,-999
20185003,20140817000000,42.632,9.3205,75,1,14.2,27.7,20.7,28,92,64,1.8,-999,0,-999,-999
20185003,20140818000000,42.632,9.3205,75,1,14.3,26.6,21.1,42,92,71,2,-999,0,-999,-999
20185003,20140819000000,42.632,9.3205,75,1,17.3,29.7,22.8,45,90,69,2.2,-999,0,-999,-999
20185003,20140820000000,42.632,9.3205,75,1,15.8,29.3,22.1,35,94,68,2,-999,0,-999,-999
20185003,20140821000000,42.632,9.3205,75,1,14.8,29,21.6,33,91,66,2.5,-999,0,-999,-999
20185003,20140822000000,42.632,9.3205,75,1,13.7,27.7,20.8,37,92,70,1.7,-999,0,-999,-999
20185003,20140823000000,42.632,9.3205,75,1,17.2,30.5,22.7,32,88,62,3.5,-999,0,-999,-999
20185003,20140824000000,42.632,9.3205,75,1,12.6,27.9,20,34,88,66,1.9,-999,0,-999,-999
20185003,20140825000000,42.632,9.3205,75,1,12.3,26.4,20,37,92,69,2,-999,0,-999,-999
20185003,20140826000000,42.632,9.3205,75,1,14.9,29.7,22.7,37,92,64,1.6,-999,0,-999,-999
20185003,20140827000000,42.632,9.3205,75,1,16.9,34.9,25.6,23,87,55,3.1,-999,0,-999,-999
20185003,20140828000000,42.632,9.3205,75,1,17.3,29.3,22.6,49,91,71,2.2,-999,0,-999,-999
20185003,20140829000000,42.632,9.3205,75,1,15.1,29.2,22,42,92,68,1.6,-999,0,-999,-999
20185003,20140830000000,42.632,9.3205,75,1,17.5,28.1,22.7,47,91,73,1.8,-999,0,-999,-999
20185003,20140831000000,42.632,9.3205,75,1,16.8,28.2,22.2,53,93,78,2,-999,0,-999,-999
20185003,20140901000000,42.632,9.3205,75,1,14.9,26.3,20.8,32,92,61,2.7,-999,0,-999,-999
20185003,20140902000000,42.632,9.3205,75,1,12.5,26.5,20.1,37,86,63,2.1,-999,0,-999,-999
20185003,20140903000000,42.632,9.3205,75,1,13.9,25.3,20.6,41,89,63,2,-999,0,-999,-999
20185003,20140904000000,42.632,9.3205,75,1,17.2,28.4,21.5,38,87,67,1.9,-999,0,-999,-999
20185003,20140905000000,42.632,9.3205,75,1,15,27.2,21.3,43,91,69,2.1,-999,0,-999,-999
20185003,20140906000000,42.632,9.3205,75,1,15.7,26.3,20.9,48,94,75,1.6,-999,0,-999,-999
20185003,20140907000000,42.632,9.3205,75,1,15.1,27.4,21.6,50,93,78,1.7,-999,0,-999,-999
20185003,20140908000000,42.632,9.3205,75,1,16.7,27.4,22.6,54,95,78,1.8,-999,0,-999,-999
20185003,20140909000000,42.632,9.3205,75,1,17.1,28.4,22.5,56,96,78,1.7,-999,0,-999,-999
20185003,20140910000000,42.632,9.3205,75,1,16.5,27.5,22,55,95,77,1.9,-999,0,-999,-999
20185003,20140911000000,42.632,9.3205,75,1,18.2,25.9,21.4,61,91,78,2.1,-999,0,-999,-999
20185003,20140912000000,42.632,9.3205,75,1,14.4,25.7,19.9,46,94,67,1.9,-999,0.2,-999,-999
20185003,20140913000000,42.632,9.3205,75,1,11.8,27.6,19.6,37,84,63,1.4,-999,0,-999,-999
20185003,20140914000000,42.632,9.3205,75,1,13.1,26.5,19.6,37,94,67,1.5,-999,0,-999,-999
20185003,20140915000000,42.632,9.3205,75,1,14.2,27.2,20.1,46,90,69,1,-999,0,-999,-999
20185003,20140916000000,42.632,9.3205,75,1,15.4,28,22.2,46,94,70,2,-999,0,-999,-999
20185003,20140917000000,42.632,9.3205,75,1,17.8,27.7,23.1,47,86,70,3.4,-999,0.2,-999,-999
20185003,20140918000000,42.632,9.3205,75,1,22.2,27.3,24.6,48,80,70,6,-999,0,-999,-999
20185003,20140919000000,42.632,9.3205,75,1,24.1,30.9,25.8,53,88,74,3.8,-999,0.4,-999,-999
20185003,20140920000000,42.632,9.3205,75,1,20.1,29.5,23.9,45,91,72,1.8,-999,0,-999,-999
20185003,20140921000000,42.632,9.3205,75,1,16.8,30.7,22.8,35,93,70,1.4,-999,0,-999,-999
20185003,20140922000000,42.632,9.3205,75,1,15.4,31.4,22.7,22,88,58,2.5,-999,0,-999,-999
20185003,20140923000000,42.632,9.3205,75,1,15.7,24.3,20.3,22,90,56,2,-999,0,-999,-999
20185003,20140924000000,42.632,9.3205,75,1,15.6,24.2,18.8,33,85,60,1.1,-999,0,-999,-999
20185003,20140925000000,42.632,9.3205,75,1,12.7,24.5,17.8,53,94,80,1.2,-999,1.8,-999,-999
20185003,20140926000000,42.632,9.3205,75,1,13.2,26.8,18.7,24,96,62,1.5,-999,0.2,-999,-999
20185003,20140927000000,42.632,9.3205,75,1,9.3,27,18.2,34,93,68,1.5,-999,0,-999,-999
20185003,20140928000000,42.632,9.3205,75,1,10.8,28.5,21.2,28,94,56,2.6,-999,0,-999,-999
20185003,20140929000000,42.632,9.3205,75,1,15.7,27.4,21.6,48,80,61,2.5,-999,0,-999,-999
20185003,20140930000000,42.632,9.3205,75,1,16.2,27.1,21,47,91,71,1.8,-999,0,-999,-999
20185003,20141001000000,42.632,9.3205,75,1,15.5,27.3,20.3,45,94,79,1.2,-999,1.8,-999,-999
20185003,20141002000000,42.632,9.3205,75,1,17.6,25.7,20.6,32,95,68,1.7,-999,0,-999,-999
20185003,20141003000000,42.632,9.3205,75,1,14.6,25,19.2,38,87,65,1.5,-999,0,-999,-999
20185003,20141004000000,42.632,9.3205,75,1,13.6,25.8,18.8,36,91,62,1.6,-999,0,-999,-999
20185003,20141005000000,42.632,9.3205,75,1,11.7,25.4,18.2,31,89,63,1.2,-999,0,-999,-999
20185003,20141006000000,42.632,9.3205,75,1,13,23.4,17.6,54,93,73,0.9,-999,0,-999,-999
20185003,20141007000000,42.632,9.3205,75,1,12.9,25.4,19.6,52,95,73,1.5,-999,0.2,-999,-999
20185003,20141008000000,42.632,9.3205,75,1,12.6,28.6,20.9,46,96,74,1.7,-999,0,-999,-999
20185003,20141009000000,42.632,9.3205,75,1,19.2,27.9,24.3,53,86,70,4,-999,0,-999,-999
20185003,20141010000000,42.632,9.3205,75,1,18.2,27.6,22.6,58,94,76,3.2,-999,0,-999,-999
20185003,20141011000000,42.632,9.3205,75,1,15.8,28.1,21.1,54,94,80,1.4,-999,0,-999,-999
20185003,20141012000000,42.632,9.3205,75,1,18.1,28,23.1,45,86,69,2.3,-999,0,-999,-999
20185003,20141013000000,42.632,9.3205,75,1,18.6,31,22.2,32,91,69,2.3,-999,0.2,-999,-999
20185003,20141014000000,42.632,9.3205,75,1,14.6,27.2,20.6,47,93,71,1.6,-999,0.2,-999,-999
20185003,20141015000000,42.632,9.3205,75,1,17.1,25.8,20.3,51,91,77,1.3,-999,0,-999,-999
20185003,20141016000000,42.632,9.3205,75,1,14,26.9,20.2,43,94,71,1.2,-999,0,-999,-999
20185003,20141017000000,42.632,9.3205,75,1,13.9,28,19.9,51,92,73,1,-999,0.2,-999,-999
20185003,20141018000000,42.632,9.3205,75,1,13.2,27.2,19,48,95,80,1.1,-999,0.2,-999,-999
20185003,20141019000000,42.632,9.3205,75,1,12.6,26.1,18.3,52,97,81,1.1,-999,0.2,-999,-999
20185003,20141020000000,42.632,9.3205,75,1,11.3,24.4,17.6,58,96,81,1,-999,0.2,-999,-999
20185003,20141021000000,42.632,9.3205,75,1,13.3,28.2,21.4,36,95,61,2.7,-999,0,-999,-999
20185003,20141022000000,42.632,9.3205,75,1,17.5,20.9,18.7,14,50,32,6.8,-999,0,-999,-999
20185003,20141023000000,42.632,9.3205,75,1,10.9,22.5,15.9,21,85,47,2.6,-999,0,-999,-999
20185003,20141024000000,42.632,9.3205,75,1,8.3,24.7,14.7,20,94,66,1,-999,0,-999,-999
20185003,20141025000000,42.632,9.3205,75,1,6.5,22.5,14.7,39,92,66,1.3,-999,0,-999,-999
20185003,20141026000000,42.632,9.3205,75,1,11.2,20.5,15.2,44,87,66,2,-999,0,-999,-999
20185003,20141027000000,42.632,9.3205,75,1,9.6,18.9,14.6,40,81,62,2.4,-999,0,-999,-999
20185003,20141028000000,42.632,9.3205,75,1,9.9,18.7,14.2,47,79,65,1.9,-999,0,-999,-999
20185003,20141029000000,42.632,9.3205,75,1,7.4,20.4,13.9,44,91,72,1,-999,0,-999,-999
20185003,20141030000000,42.632,9.3205,75,1,8.6,20.9,13,44,96,77,0.9,-999,0.2,-999,-999
20185003,20141031000000,42.632,9.3205,75,1,7.2,21.8,13.1,32,95,65,1.2,-999,0,-999,-999
20185003,20141101000000,42.632,9.3205,75,1,7.1,23.4,13.5,23,88,55,1.1,-999,0,-999,-999
20185003,20141102000000,42.632,9.3205,75,1,5.5,22.2,13.4,31,93,68,0.9,-999,0.2,-999,-999
20185003,20141103000000,42.632,9.3205,75,1,8.7,21.8,15.9,44,93,66,2.6,-999,0,-999,-999
20185003,20141104000000,42.632,9.3205,75,1,13.7,24.5,20.7,30,63,48,4.7,-999,7.5,-999,-999
20185003,20141105000000,42.632,9.3205,75,1,14.6,18.7,16.6,38,93,80,1.4,-999,2,-999,-999
20185003,20141106000000,42.632,9.3205,75,1,11.9,18.2,13.8,61,94,88,0.7,-999,17.7,-999,-999
20185003,20141107000000,42.632,9.3205,75,1,10.4,18.2,12.7,58,96,87,0.7,-999,0.6,-999,-999
20185003,20141108000000,42.632,9.3205,75,1,6.9,20.7,12.6,43,97,81,0.6,-999,0.2,-999,-999
20185003,20141109000000,42.632,9.3205,75,1,7.2,19.4,14.8,53,95,74,3.6,-999,0.6,-999,-999
20185003,20141110000000,42.632,9.3205,75,1,12.8,20.7,17.3,52,91,74,2,-999,0.2,-999,-999
20185003,20141111000000,42.632,9.3205,75,1,12.5,19.2,15.8,59,93,80,2.8,-999,8.6,-999,-999
20185003,20141112000000,42.632,9.3205,75,1,12.9,18.7,14.6,66,95,89,1.3,-999,29.6,-999,-999
20185003,20141113000000,42.632,9.3205,75,1,10.6,19.1,14.2,57,94,77,2.1,-999,0.2,-999,-999
20185003,20141114000000,42.632,9.3205,75,1,7.1,21.9,14.3,50,94,75,1.2,-999,0,-999,-999
20185003,20141115000000,42.632,9.3205,75,1,12.6,23.7,15.9,43,93,71,2.6,-999,5,-999,-999
20185003,20141116000000,42.632,9.3205,75,1,7.1,18.2,10.1,46,95,82,0.7,-999,0.2,-999,-999
20185003,20141117000000,42.632,9.3205,75,1,5.6,16.4,11.4,56,93,77,2.1,-999,9.8,-999,-999
20185003,20141118000000,42.632,9.3205,75,1,9,18.5,12.3,42,90,68,2.2,-999,0.2,-999,-999
20185003,20141119000000,42.632,9.3205,75,1,6.4,19.5,13.4,42,91,69,1.7,-999,0.2,-999,-999
20185003,20141120000000,42.632,9.3205,75,1,5.5,19.5,11.3,46,97,81,0.8,-999,0.2,-999,-999
20185003,20141121000000,42.632,9.3205,75,1,5.8,19.5,12.4,52,97,83,0.6,-999,0,-999,-999
20185003,20141122000000,42.632,9.3205,75,1,8.3,19.6,14.6,61,97,82,1.2,-999,0.2,-999,-999
20185003,20141123000000,42.632,9.3205,75,1,14.1,21.8,17.7,61,90,77,1.8,-999,0,-999,-999
20185003,20141124000000,42.632,9.3205,75,1,14.4,22.2,17.3,55,92,79,1.1,-999,0,-999,-999
20185003,20141125000000,42.632,9.3205,75,1,12,20.4,15.3,61,95,86,0.2,-999,2.2,-999,-999
20185003,20141126000000,42.632,9.3205,75,1,12.7,17.3,14.8,68,95,89,0.9,-999,2.2,-999,-999
20185003,20141127000000,42.632,9.3205,75,1,10,20.2,15.6,55,96,77,1.6,-999,16.6,-999,-999
20185003,20141128000000,42.632,9.3205,75,1,13.6,-999,-999,-999,-999,-999,-999,-999,-999,-999,-999
20185003,20141129000000,42.632,9.3205,75,1,14,19,-999,60,95,-999,-999,-999,4,-999,-999
20185003,20141130000000,42.632,9.3205,75,1,16,19.5,-999,50,96,-999,-999,-999,10,-999,-999
20185003,20141203000000,42.632,9.3205,75,1,8.5,17.5,-999,60,92,-999,-999,-999,-999,-999,-999
20185003,20141204000000,42.632,9.3205,75,1,10,17.5,-999,58,95,-999,-999,-999,0,-999,-999
20185003,20141207000000,42.632,9.3205,75,1,6,14,-999,-999,-999,-999,-999,-999,6,-999,-999
20185003,20141210000000,42.632,9.3205,75,1,6,14,-999,-999,-999,-999,-999,-999,0,-999,-999
20185003,20141214000000,42.632,9.3205,75,1,6,17,-999,-999,-999,-999,-999,-999,0,-999,-999
20185003,20141218000000,42.632,9.3205,75,1,6.7,18.4,11,-999,-999,84,-999,-999,-999,-999,-999
20185003,20141219000000,42.632,9.3205,75,1,5.4,17.9,9.8,51,97,85,-999,-999,0,-999,-999
20185003,20141220000000,42.632,9.3205,75,1,6.4,17.6,11.1,63,96,85,-999,-999,0,-999,-999
20185003,20141221000000,42.632,9.3205,75,1,3.8,17.4,9.6,54,97,85,-999,-999,0,-999,-999
20185003,20141222000000,42.632,9.3205,75,1,6.3,16.8,10.5,55,96,84,-999,-999,0,-999,-999
20185003,20141223000000,42.632,9.3205,75,1,7.1,16,11.9,53,92,76,-999,-999,0,-999,-999
20185003,20141224000000,42.632,9.3205,75,1,7.5,15.6,11.1,50,87,72,1.1,-999,0,-999,-999
20185003,20141225000000,42.632,9.3205,75,1,3.3,16.3,8.5,45,96,78,1,-999,0.2,-999,-999
20185003,20141226000000,42.632,9.3205,75,1,3.1,14.3,7.1,39,96,74,0.7,-999,0,-999,-999
20185003,20141227000000,42.632,9.3205,75,1,0,13,7.3,45,86,70,3.2,-999,14.3,-999,-999
20185003,20141228000000,42.632,9.3205,75,1,2.7,10,5.9,51,90,72,1.7,-999,3.6,-999,-999
20185003,20141229000000,42.632,9.3205,75,1,0,10.1,4,21,81,58,1.4,-999,0,-999,-999
20185003,20141230000000,42.632,9.3205,75,1,-1.6,9,4.6,38,80,60,1.6,-999,0,-999,-999
20185003,20141231000000,42.632,9.3205,75,1,-0.1,6.2,3.7,33,85,58,3.2,-999,0,-999,-999
20185003,20150101000000,42.632,9.3205,75,1,-2.3,13.1,6.3,21,80,56,1.8,-999,0,-999,-999
20185003,20150102000000,42.632,9.3205,75,1,1.1,14.2,7.4,47,96,75,1,-999,0,-999,-999
20185003,20150103000000,42.632,9.3205,75,1,3.2,17.2,9.5,51,96,79,1.5,-999,0,-999,-999
20185003,20150104000000,42.632,9.3205,75,1,5,19,11.4,47,93,74,1.9,-999,0,-999,-999
20185003,20150105000000,42.632,9.3205,75,1,1.8,17.3,7.1,20,95,69,1,-999,0.2,-999,-999
20185003,20150106000000,42.632,9.3205,75,1,-0.1,15.9,6.3,43,96,83,0.5,-999,0.2,-999,-999
20185003,20150107000000,42.632,9.3205,75,1,1.2,14.2,7.1,53,96,84,0.6,-999,0.2,-999,-999
20185003,20150114000000,42.632,9.3205,75,1,-999,-999,-999,30,96,-999,-999,-999,0,-999,-999
20185003,20150115000000,42.632,9.3205,75,1,2.6,18,9.2,43,93,77,-999,-999,0,-999,-999
20185003,20150116000000,42.632,9.3205,75,1,5.8,18,12.6,-999,-999,71,-999,-999,0.8,-999,-999
20185003,20150117000000,42.632,9.3205,75,1,7.3,14.3,9.4,43,95,79,-999,-999,0.2,-999,-999
20185003,20150118000000,42.632,9.3205,75,1,-1.1,12.8,4.7,44,97,82,-999,-999,0,-999,-999
20185003,20150119000000,42.632,9.3205,75,1,-1.2,13.2,6.1,-999,-999,76,-999,-999,0.2,-999,-999
20185003,20150120000000,42.632,9.3205,75,1,3.7,12.9,8.3,59,96,83,1.4,-999,2.4,-999,-999
20185003,20150121000000,42.632,9.3205,75,1,2.4,14.6,8.5,56,100,80,1.8,-999,8.5,-999,-999
20185003,20150122000000,42.632,9.3205,75,1,2.5,12.5,7.6,67,99,90,0.6,-999,4.8,-999,-999
20185003,20150123000000,42.632,9.3205,75,1,7.1,13.4,9.7,64,97,85,1.1,-999,0,-999,-999
20185003,20150124000000,42.632,9.3205,75,1,3.4,14.7,7.9,53,98,81,1,-999,0,-999,-999
20185003,20150125000000,42.632,9.3205,75,1,3.4,11,8.5,36,91,61,2.6,-999,0,-999,-999
20185003,20150126000000,42.632,9.3205,75,1,2.1,11.1,6.4,40,89,60,1.8,-999,0,-999,-999
20185003,20150127000000,42.632,9.3205,75,1,-1.4,12.6,5.5,39,94,71,0.8,-999,0.2,-999,-999
20185003,20150128000000,42.632,9.3205,75,1,-1.8,11.9,3.6,25,90,62,1.2,-999,0,-999,-999
20185003,20150129000000,42.632,9.3205,75,1,-2.6,16.2,9.1,35,94,64,3.3,-999,9.8,-999,-999
20185003,20150130000000,42.632,9.3205,75,1,5.1,13.2,9.8,39,95,56,6.6,-999,1.6,-999,-999
20185003,20150131000000,42.632,9.3205,75,1,2.5,13.7,7.2,35,93,72,1.6,-999,1.2,-999,-999
20185003,20150201000000,42.632,9.3205,75,1,3.3,11.5,7.7,43,85,61,3.6,-999,1.6,-999,-999
20185003,20150202000000,42.632,9.3205,75,1,0.2,13.4,5.3,25,94,69,1.6,-999,0,-999,-999
20185003,20150203000000,42.632,9.3205,75,1,-1.3,12.1,7,40,97,72,2.3,-999,26.6,-999,-999
20185003,20150204000000,42.632,9.3205,75,1,5.7,10.7,8.3,62,99,86,2.6,-999,15.5,-999,-999
20185003,20150205000000,42.632,9.3205,75,1,7,12.9,9,57,96,79,2,-999,16,-999,-999
20185003,20150206000000,42.632,9.3205,75,1,4.4,8.2,5.6,79,97,90,1.1,-999,14.8,-999,-999
20185003,20150207000000,42.632,9.3205,75,1,4.7,8.8,6.2,70,97,86,1.7,-999,1.4,-999,-999
20185003,20150208000000,42.632,9.3205,75,1,-0.9,12.5,6.2,53,100,80,2.1,-999,0.2,-999,-999
20185003,20150209000000,42.632,9.3205,75,1,2.2,11.7,5.4,21,94,61,1.8,-999,0,-999,-999
20185003,20150210000000,42.632,9.3205,75,1,-0.5,14.5,5.6,42,100,84,0.9,-999,0.2,-999,-999
20185003,20150211000000,42.632,9.3205,75,1,1.1,15.4,7.9,61,100,86,0.8,-999,0.2,-999,-999
20185003,20150212000000,42.632,9.3205,75,1,1.6,17.5,8.1,37,99,81,1.1,-999,0.2,-999,-999
20185003,20150213000000,42.632,9.3205,75,1,1.3,14.5,7.5,58,99,86,0.8,-999,0,-999,-999
20185003,20150214000000,42.632,9.3205,75,1,3.2,12.9,7.6,56,98,88,1.1,-999,3.2,-999,-999
20185003,20150215000000,42.632,9.3205,75,1,3.4,13.3,9.5,57,98,79,1.9,-999,30.5,-999,-999
20185003,20150216000000,42.632,9.3205,75,1,8.9,12.2,10.3,78,91,87,6.3,-999,143.3,-999,-999
20185003,20150217000000,42.632,9.3205,75,1,9.6,15.8,11.7,52,88,74,2.2,-999,0,-999,-999
20185003,20150218000000,42.632,9.3205,75,1,5.3,12.5,8.1,41,85,66,2.1,-999,0,-999,-999
20185003,20150222000000,42.632,9.3205,75,1,5,11,-999,65,95,-999,-999,-999,0,-999,-999
20185003,20150224000000,42.632,9.3205,75,1,5.5,9.7,7.7,78,96,89,3.5,-999,41.9,-999,-999
20185003,20150225000000,42.632,9.3205,75,1,6.9,12.6,8.7,58,96,85,1.4,-999,3.8,-999,-999
20185003,20150226000000,42.632,9.3205,75,1,5.7,13.9,9.5,49,96,76,1.2,-999,0,-999,-999
20185003,20150227000000,42.632,9.3205,75,1,5.7,13.7,7.6,39,95,80,0.9,-999,0.2,-999,-999
20185003,20150228000000,42.632,9.3205,75,1,1.2,13.6,7.5,55,98,82,0.9,-999,0,-999,-999
20185003,20150301000000,42.632,9.3205,75,1,2.1,19,8.3,56,99,81,0.7,-999,0.2,-999,-999
20185003,20150302000000,42.632,9.3205,75,1,6.5,22.7,18.3,19,90,46,6.2,-999,0,-999,-999
20185003,20150303000000,42.632,9.3205,75,1,10,19.5,13.4,25,89,51,3.6,-999,0,-999,-999
20185003,20150304000000,42.632,9.3205,75,1,4.6,17.2,10.4,59,97,84,1.3,-999,36.5,-999,-999
20185003,20150305000000,42.632,9.3205,75,1,5.5,11.8,7.5,31,97,62,3,-999,0,-999,-999
20185003,20150306000000,42.632,9.3205,75,1,2,13.3,8.3,22,84,47,2,-999,0,-999,-999
20185003,20150307000000,42.632,9.3205,75,1,3.1,14.1,8.9,24,79,48,2.3,-999,0,-999,-999
20185003,20150308000000,42.632,9.3205,75,1,3.5,13.4,8.8,27,85,54,2.1,-999,0,-999,-999
20185003,20150309000000,42.632,9.3205,75,1,3.1,13.5,7.6,36,91,66,1.9,-999,0,-999,-999
20185003,20150310000000,42.632,9.3205,75,1,0.4,14.6,7.1,51,99,80,1.2,-999,0.2,-999,-999
20185003,20150311000000,42.632,9.3205,75,1,1.6,16,8.4,49,100,84,1.1,-999,0.2,-999,-999
20185003,20150312000000,42.632,9.3205,75,1,5.2,14.4,9.6,25,98,61,2,-999,0,-999,-999
20185003,20150313000000,42.632,9.3205,75,1,0.7,15.7,9.5,37,94,66,1.5,-999,0.2,-999,-999
20185003,20150314000000,42.632,9.3205,75,1,6,16,10.7,51,95,76,2.1,-999,11.9,-999,-999
20185003,20150315000000,42.632,9.3205,75,1,8.9,12.6,9.8,70,97,86,5.9,-999,84,-999,-999
20185003,20150316000000,42.632,9.3205,75,1,4.3,13,10.3,80,98,91,4.9,-999,93.7,-999,-999
20185003,20150317000000,42.632,9.3205,75,1,11.5,13,12.1,85,94,90,4.7,-999,39.3,-999,-999
20185003,20150318000000,42.632,9.3205,75,1,6.9,18.3,12,47,98,78,1.2,-999,0.2,-999,-999
20185003,20150319000000,42.632,9.3205,75,1,5.9,18.7,13.5,45,98,67,2.9,-999,0,-999,-999
20185003,20150320000000,42.632,9.3205,75,1,12.3,16.5,14.4,45,77,60,6.7,-999,0,-999,-999
20185003,20150321000000,42.632,9.3205,75,1,12.1,14.5,13,40,80,63,5.6,-999,0,-999,-999
20185003,20150322000000,42.632,9.3205,75,1,11.2,13.8,11.9,65,90,79,3.6,-999,0.2,-999,-999
20185003,20150323000000,42.632,9.3205,75,1,9.9,17,13.5,49,78,65,3.1,-999,0,-999,-999
20185003,20150324000000,42.632,9.3205,75,1,11.7,15.8,13.7,60,83,71,5.9,-999,20,-999,-999
20185003,20150325000000,42.632,9.3205,75,1,11.1,12.5,12,78,97,91,2.7,-999,36.5,-999,-999
20185003,20150326000000,42.632,9.3205,75,1,10.4,14.5,11.4,62,97,88,1,-999,0,-999,-999
20185003,20150327000000,42.632,9.3205,75,1,6.1,17.3,11,46,99,80,1.7,-999,0.2,-999,-999
20185003,20150328000000,42.632,9.3205,75,1,3.9,18.5,10.6,16,98,69,1.4,-999,0,-999,-999
20185003,20150329000000,42.632,9.3205,75,1,3.7,20.8,11.6,23,90,67,1.2,-999,0,-999,-999
20185003,20150330000000,42.632,9.3205,75,1,8.7,21.9,17.8,38,86,51,6.9,-999,0,-999,-999
20185003,20150331000000,42.632,9.3205,75,1,8.3,23.3,17.7,28,91,53,4.5,-999,0,-999,-999
20185003,20150401000000,42.632,9.3205,75,1,11.8,19.1,14.4,28,83,55,3.1,-999,0,-999,-999
20185003,20150402000000,42.632,9.3205,75,1,3.4,18.8,10.7,28,97,76,1.7,-999,0.4,-999,-999
20185003,20150403000000,42.632,9.3205,75,1,5.7,20,12.5,38,99,78,1.9,-999,0,-999,-999
20185003,20150404000000,42.632,9.3205,75,1,8,17,11.4,59,97,87,1.5,-999,3,-999,-999
20185003,20150405000000,42.632,9.3205,75,1,9.3,12.2,10.2,46,95,68,3.1,-999,2.2,-999,-999
20185003,20150406000000,42.632,9.3205,75,1,5.3,13.3,8.8,30,79,52,2.4,-999,0.2,-999,-999
20185003,20150407000000,42.632,9.3205,75,1,0.5,13.4,8.2,26,91,52,2.3,-999,0,-999,-999
20185003,20150408000000,42.632,9.3205,75,1,0.4,16,9,30,95,68,2,-999,0.2,-999,-999
20185003,20150409000000,42.632,9.3205,75,1,0.8,16.7,9.2,47,97,77,1.5,-999,0.2,-999,-999
20185003,20150410000000,42.632,9.3205,75,1,2.9,17.9,10.5,43,100,78,1.4,-999,0.2,-999,-999
20185003,20150411000000,42.632,9.3205,75,1,4.2,19,11.9,46,96,75,0.7,-999,0.2,-999,-999
20185003,20150412000000,42.632,9.3205,75,1,5.5,22.2,13.5,27,99,67,2.1,-999,0.2,-999,-999
20185003,20150413000000,42.632,9.3205,75,1,5.7,19.8,12.6,53,99,83,1.6,-999,0.2,-999,-999
20185003,20150414000000,42.632,9.3205,75,1,5.7,20.7,12.9,40,100,76,1.4,-999,0.2,-999,-999
20185003,20150415000000,42.632,9.3205,75,1,6,21.6,13.3,37,99,80,1.3,-999,0.2,-999,-999
20185003,20150416000000,42.632,9.3205,75,1,6.9,23.2,16.2,31,98,68,1.6,-999,0,-999,-999
20185003,20150417000000,42.632,9.3205,75,1,15,20.3,16.7,45,96,73,3,-999,0.2,-999,-999
20185003,20150418000000,42.632,9.3205,75,1,8.9,22.4,15.5,46,97,72,1.9,-999,0,-999,-999
20185003,20150419000000,42.632,9.3205,75,1,10.5,17.9,14.9,51,94,66,2.7,-999,0,-999,-999
20185003,20150420000000,42.632,9.3205,75,1,8.2,18.9,12.7,32,92,64,1.6,-999,0.2,-999,-999
20185003,20150421000000,42.632,9.3205,75,1,2.4,23.9,12.7,18,94,67,1.6,-999,0,-999,-999
20185003,20150422000000,42.632,9.3205,75,1,4.7,23.1,14,18,94,61,1.2,-999,0,-999,-999
20185003,20150423000000,42.632,9.3205,75,1,7,21,14.1,35,96,65,1,-999,0.2,-999,-999
20185003,20150424000000,42.632,9.3205,75,1,6.1,20.3,13.5,52,99,80,1.5,-999,0.2,-999,-999
20185003,20150425000000,42.632,9.3205,75,1,8.4,20.9,14.8,59,99,84,1.5,-999,0,-999,-999
20185003,20150426000000,42.632,9.3205,75,1,12.3,19.8,16.7,62,95,78,3.1,-999,0.2,-999,-999
20185003,20150427000000,42.632,9.3205,75,1,12.6,22.1,15.5,56,97,83,1.8,-999,9.7,-999,-999
20185003,20150428000000,42.632,9.3205,75,1,10.5,18.1,13.9,66,98,84,2.4,-999,0.2,-999,-999
20185003,20150429000000,42.632,9.3205,75,1,7.5,19.7,12.8,60,98,84,0.9,-999,0,-999,-999
20185003,20150430000000,42.632,9.3205,75,1,7,22.3,15,26,99,64,2.3,-999,0.2,-999,-999
20185003,20150501000000,42.632,9.3205,75,1,8,23.2,16.7,36,90,65,1.7,-999,0.8,-999,-999
20185003,20150502000000,42.632,9.3205,75,1,12.5,24,18,50,95,74,1.6,-999,0,-999,-999
20185003,20150503000000,42.632,9.3205,75,1,11.9,24.4,17.7,55,96,78,1.4,-999,0.2,-999,-999
20185003,20150504000000,42.632,9.3205,75,1,12.8,27.3,21.1,34,99,67,2.4,-999,0,-999,-999
20185003,20150505000000,42.632,9.3205,75,1,16.9,28.3,21.7,42,94,65,2,-999,0,-999,-999
20185003,20150506000000,42.632,9.3205,75,1,15.2,27,18.1,49,99,81,1.9,-999,0.2,-999,-999
20185003,20150507000000,42.632,9.3205,75,1,8.5,23.5,16.1,40,97,73,2.2,-999,0.2,-999,-999
20185003,20150508000000,42.632,9.3205,75,1,7.4,22.9,15.1,32,99,75,1.6,-999,0.2,-999,-999
20185003,20150509000000,42.632,9.3205,75,1,9.9,22.9,16.3,54,96,77,1.7,-999,0.2,-999,-999
20185003,20150510000000,42.632,9.3205,75,1,9.9,29.1,18.4,24,96,72,1.6,-999,0,-999,-999
20185003,20150511000000,42.632,9.3205,75,1,9.7,26.6,18,34,97,67,1.4,-999,0.2,-999,-999
20185003,20150512000000,42.632,9.3205,75,1,9.5,25.9,18.2,33,94,64,1.4,-999,0,-999,-999
20185003,20150513000000,42.632,9.3205,75,1,9,26,18.1,29,94,63,1.5,-999,0,-999,-999
20185003,20150514000000,42.632,9.3205,75,1,12.3,26.7,19.5,41,92,71,1.8,-999,0,-999,-999
20185003,20150515000000,42.632,9.3205,75,1,15.8,22.4,17.8,30,88,62,3.9,-999,0,-999,-999
20185003,20150516000000,42.632,9.3205,75,1,9,22.9,16.7,38,90,67,2.1,-999,0.2,-999,-999
20185003,20150517000000,42.632,9.3205,75,1,11.5,26.6,19.4,42,94,68,1.6,-999,0,-999,-999
20185003,20150518000000,42.632,9.3205,75,1,12.5,26.9,19.3,45,96,72,1.7,-999,0.2,-999,-999
20185003,20150519000000,42.632,9.3205,75,1,9.7,25,18.2,41,96,73,1.9,-999,0,-999,-999
20185003,20150520000000,42.632,9.3205,75,1,14.5,21.5,16.8,50,93,70,2.2,-999,0,-999,-999
20185003,20150521000000,42.632,9.3205,75,1,6.3,19.6,13.1,38,90,68,2.3,-999,0.8,-999,-999
20185003,20150522000000,42.632,9.3205,75,1,8.7,20.3,14.8,43,97,71,2,-999,1.2,-999,-999
20185003,20150523000000,42.632,9.3205,75,1,12,20.9,16,46,94,74,1.9,-999,1,-999,-999
20185003,20150524000000,42.632,9.3205,75,1,13.8,22.5,16.7,36,96,67,1.7,-999,0,-999,-999
20185003,20150525000000,42.632,9.3205,75,1,8.7,21.6,16.4,53,96,75,2.2,-999,0.2,-999,-999
20185003,20150526000000,42.632,9.3205,75,1,12.4,21.4,16.6,49,95,78,1.4,-999,1.6,-999,-999
20185003,20150527000000,42.632,9.3205,75,1,11.3,22.6,16.7,45,97,74,1.7,-999,0.2,-999,-999
20185003,20150528000000,42.632,9.3205,75,1,9.8,23.8,17.4,38,95,73,2,-999,0,-999,-999
20185003,20150529000000,42.632,9.3205,75,1,10.5,23.1,17.6,42,97,73,2.1,-999,0.2,-999,-999
20185003,20150530000000,42.632,9.3205,75,1,10,24.2,17.9,33,96,65,2.1,-999,0,-999,-999
20185003,20150531000000,42.632,9.3205,75,1,11.1,24.9,18.3,44,97,77,2,-999,0.2,-999,-999
20185003,20150601000000,42.632,9.3205,75,1,11.5,23.9,18.5,55,99,79,1.8,-999,0.2,-999,-999
20185003,20150602000000,42.632,9.3205,75,1,11.3,25.5,18.8,40,97,70,1.9,-999,0,-999,-999
20185003,20150603000000,42.632,9.3205,75,1,11.3,25.5,19.4,38,94,71,2,-999,0.2,-999,-999
20185003,20150604000000,42.632,9.3205,75,1,11.2,26.7,20.4,36,97,70,1.8,-999,0,-999,-999
20185003,20150605000000,42.632,9.3205,75,1,14.9,29.6,22.7,38,95,72,1.9,-999,0.2,-999,-999
20185003,20150606000000,42.632,9.3205,75,1,16.6,29.2,23.1,47,97,72,1.9,-999,0,-999,-999
20185003,20150607000000,42.632,9.3205,75,1,15.2,30.6,23.5,35,94,69,1.9,-999,0,-999,-999
20185003,20150608000000,42.632,9.3205,75,1,16.3,30.8,23.6,32,91,67,1.8,-999,0,-999,-999
20185003,20150609000000,42.632,9.3205,75,1,-999,-999,23,44,93,74,1.8,-999,-999,-999,-999
20185003,20150610000000,42.632,9.3205,75,1,16.5,29.4,24.1,46,94,68,2.2,-999,0,-999,-999
20185003,20150611000000,42.632,9.3205,75,1,19.4,28.8,25.4,34,74,53,5.5,-999,0,-999,-999
20185003,20150612000000,42.632,9.3205,75,1,22.6,25.9,23.7,37,83,61,5.1,-999,0.6,-999,-999
20185003,20150613000000,42.632,9.3205,75,1,16,30.1,23.8,32,93,63,4.4,-999,0,-999,-999
20185003,20150614000000,42.632,9.3205,75,1,20.1,26,22,59,93,76,2.4,-999,0.4,-999,-999
20185003,20150615000000,42.632,9.3205,75,1,16.7,26.1,20.8,49,94,80,1.6,-999,2.4,-999,-999
20185003,20150616000000,42.632,9.3205,75,1,14.6,26.4,18.5,53,97,86,1.6,-999,19.5,-999,-999
20185003,20150617000000,42.632,9.3205,75,1,13.6,24.1,19.3,51,97,81,2.1,-999,0.2,-999,-999
20185003,20150618000000,42.632,9.3205,75,1,13.6,26.6,20.9,41,95,71,2,-999,0.2,-999,-999
20185003,20150619000000,42.632,9.3205,75,1,14.1,28.7,22.1,42,97,74,1.6,-999,0,-999,-999
20185003,20150620000000,42.632,9.3205,75,1,16.3,28.7,21.7,40,96,73,1.8,-999,0.2,-999,-999
20185003,20150621000000,42.632,9.3205,75,1,15.6,26.8,21.6,49,92,70,2.2,-999,0,-999,-999
20185003,20150622000000,42.632,9.3205,75,1,14.8,28.5,22.3,41,95,70,1.9,-999,0,-999,-999
20185003,20150623000000,42.632,9.3205,75,1,14.8,31.9,23.7,30,94,64,1.5,-999,0.2,-999,-999
20185003,20150624000000,42.632,9.3205,75,1,16.6,27.6,22.7,38,91,60,2.6,-999,0,-999,-999
20185003,20150625000000,42.632,9.3205,75,1,16,28.2,22.1,16,91,57,2,-999,0,-999,-999
20185003,20150626000000,42.632,9.3205,75,1,11.4,27.9,21.1,26,93,64,1.9,-999,0.2,-999,-999
20185003,20150627000000,42.632,9.3205,75,1,14.5,27.4,21.5,57,96,77,1.7,-999,0,-999,-999
20185003,20150628000000,42.632,9.3205,75,1,17,28.3,23.2,53,97,76,2.1,-999,0.2,-999,-999
20185003,20150629000000,42.632,9.3205,75,1,16.6,28.9,23.6,52,96,75,1.9,-999,0,-999,-999
20185003,20150630000000,42.632,9.3205,75,1,18,29.6,24.2,51,96,74,2.1,-999,0,-999,-999
20185003,20150701000000,42.632,9.3205,75,1,17.2,32.2,25.7,34,92,63,1.9,-999,0,-999,-999
20185003,20150702000000,42.632,9.3205,75,1,18.5,33.1,26.1,38,92,67,2.2,-999,0,-999,-999
20185003,20150703000000,42.632,9.3205,75,1,19.7,33.9,27.1,35,91,59,1.9,-999,0.2,-999,-999
20185003,20150704000000,42.632,9.3205,75,1,22,32.8,27.5,42,84,64,2.2,-999,0,-999,-999
20185003,20150705000000,42.632,9.3205,75,1,19.3,34.1,26.7,33,89,63,1.7,-999,0,-999,-999
20185003,20150706000000,42.632,9.3205,75,1,18.5,32.3,26.3,29,86,57,1.8,-999,0,-999,-999
20185003,20150707000000,42.632,9.3205,75,1,20,31.2,25.8,51,88,72,1.9,-999,0,-999,-999
20185003,20150708000000,42.632,9.3205,75,1,17.6,32,26.2,35,88,66,2,-999,0,-999,-999
20185003,20150709000000,42.632,9.3205,75,1,19.3,31.2,25.1,50,89,69,2.2,-999,0,-999,-999
20185003,20150710000000,42.632,9.3205,75,1,19.4,33.4,26.2,21,93,58,2.1,-999,0,-999,-999
20185003,20150711000000,42.632,9.3205,75,1,17.1,31.3,24.8,31,82,61,1.9,-999,0,-999,-999
20185003,20150712000000,42.632,9.3205,75,1,17.8,32,25.4,41,91,74,2.3,-999,0,-999,-999
20185003,20150713000000,42.632,9.3205,75,1,18.5,29.4,25,52,93,78,2.2,-999,0,-999,-999
20185003,20150714000000,42.632,9.3205,75,1,20.1,31.9,26,48,96,78,2.2,-999,0.2,-999,-999
20185003,20150715000000,42.632,9.3205,75,1,19.7,33.8,26.9,30,97,66,2.1,-999,0,-999,-999
20185003,20150716000000,42.632,9.3205,75,1,20.5,33.4,26.6,27,92,68,1.8,-999,0,-999,-999
20185003,20150717000000,42.632,9.3205,75,1,19.6,33,26.9,33,91,65,2,-999,0,-999,-999
20185003,20150718000000,42.632,9.3205,75,1,19.9,34.8,27.4,36,88,67,1.8,-999,0,-999,-999
20185003,20150719000000,42.632,9.3205,75,1,19.7,34.5,27.4,34,90,58,1.8,-999,0,-999,-999
20185003,20150720000000,42.632,9.3205,75,1,20.4,31.9,26.3,46,90,72,2.1,-999,0,-999,-999
20185003,20150721000000,42.632,9.3205,75,1,19.1,31.6,26.3,46,92,70,2,-999,0,-999,-999
20185003,20150722000000,42.632,9.3205,75,1,21.5,33,27.3,48,92,73,2.1,-999,0,-999,-999
20185003,20150723000000,42.632,9.3205,75,1,20.5,30.6,26.3,59,94,79,2.1,-999,0,-999,-999
20185003,20150724000000,42.632,9.3205,75,1,22.7,31.3,26.9,54,92,78,1.8,-999,0.2,-999,-999
20185003,20150725000000,42.632,9.3205,75,1,21.1,35.2,28.1,26,94,57,2.5,-999,0,-999,-999
20185003,20150726000000,42.632,9.3205,75,1,16.1,30.4,24,40,88,62,2.6,-999,0,-999,-999
20185003,20150727000000,42.632,9.3205,75,1,16.7,35.7,27.8,26,90,48,3.6,-999,0,-999,-999
20185003,20150728000000,42.632,9.3205,75,1,17.5,32.7,25,26,78,52,2.4,-999,0,-999,-999
20185003,20150729000000,42.632,9.3205,75,1,16.2,36.6,27.7,19,82,46,3,-999,0,-999,-999
20185003,20150730000000,42.632,9.3205,75,1,19.5,32.7,26.1,29,85,53,2.1,-999,0,-999,-999
20185003,20150731000000,42.632,9.3205,75,1,20.1,29.2,25,46,87,67,2.4,-999,0,-999,-999
20185003,20150801000000,42.632,9.3205,75,1,20.1,31.8,24.1,42,91,71,1.6,-999,0,-999,-999
20185003,20150802000000,42.632,9.3205,75,1,16.8,28.4,23.2,53,93,72,2,-999,0,-999,-999
20185003,20150803000000,42.632,9.3205,75,1,17.3,30,23.9,45,96,69,1.8,-999,0,-999,-999
20185003,20150804000000,42.632,9.3205,75,1,15.9,30.9,24,36,95,72,2.1,-999,0.2,-999,-999
20185003,20150805000000,42.632,9.3205,75,1,18.2,30.8,25,49,94,73,1.7,-999,0,-999,-999
20185003,20150806000000,42.632,9.3205,75,1,18.1,33.4,25.8,34,91,66,1.9,-999,0,-999,-999
20185003,20150807000000,42.632,9.3205,75,1,18.9,33.7,26.7,36,88,59,1.9,-999,0,-999,-999
20185003,20150808000000,42.632,9.3205,75,1,20.4,34.9,27.8,32,83,60,1.9,-999,0,-999,-999
20185003,20150809000000,42.632,9.3205,75,1,20.9,33.8,25.6,36,87,74,1.6,-999,8.5,-999,-999
20185003,20150810000000,42.632,9.3205,75,1,17.8,24,20.8,68,94,84,1.4,-999,13.2,-999,-999
20185003,20150811000000,42.632,9.3205,75,1,18.2,29,23.9,55,95,76,1.7,-999,0,-999,-999
20185003,20150812000000,42.632,9.3205,75,1,19,32.7,25.8,32,93,65,1.6,-999,0,-999,-999
20185003,20150813000000,42.632,9.3205,75,1,19,32.7,25.4,34,90,66,1.7,-999,0,-999,-999
20185003,20150814000000,42.632,9.3205,75,1,19,30.4,23.3,38,95,79,1.2,-999,7.3,-999,-999
20185003,20150815000000,42.632,9.3205,75,1,17.8,27.9,21.1,46,97,83,1.2,-999,13.6,-999,-999
20185003,20150816000000,42.632,9.3205,75,1,14.8,26.6,20.7,39,95,73,1.8,-999,0.2,-999,-999
20185003,20150817000000,42.632,9.3205,75,1,14.2,29,21.8,30,94,63,1.5,-999,0,-999,-999
20185003,20150818000000,42.632,9.3205,75,1,15.1,28.7,21.7,35,90,67,2,-999,1.2,-999,-999
20185003,20150819000000,42.632,9.3205,75,1,15.9,27.8,21.4,40,96,72,2.1,-999,0.2,-999,-999
20185003,20150820000000,42.632,9.3205,75,1,14.8,28.6,21.6,40,95,74,1.6,-999,0,-999,-999
20185003,20150821000000,42.632,9.3205,75,1,15,27.5,21.6,42,97,72,1.7,-999,0,-999,-999
20185003,20150822000000,42.632,9.3205,75,1,17.5,28.9,23,41,87,68,1.7,-999,0,-999,-999
20185003,20150823000000,42.632,9.3205,75,1,16.5,28.9,24.4,43,89,67,2.6,-999,0,-999,-999
20185003,20150824000000,42.632,9.3205,75,1,19.3,29.1,23.4,51,96,82,1.4,-999,6.3,-999,-999
20185003,20150825000000,42.632,9.3205,75,1,18.7,30.7,23.3,24,98,56,2.7,-999,0,-999,-999
20185003,20150826000000,42.632,9.3205,75,1,14,26.6,20.7,55,95,76,1.9,-999,0.2,-999,-999
20185003,20150827000000,42.632,9.3205,75,1,14.9,28.8,22,46,98,76,1.6,-999,0,-999,-999
20185003,20150828000000,42.632,9.3205,75,1,16.2,31.6,23.5,35,96,66,1.6,-999,0,-999,-999
20185003,20150829000000,42.632,9.3205,75,1,17.8,31.5,24.8,38,95,66,2.6,-999,0.2,-999,-999
20185003,20150830000000,42.632,9.3205,75,1,13,31.3,22.5,28,93,70,1.4,-999,0,-999,-999
20185003,20150831000000,42.632,9.3205,75,1,15.2,32.6,23.7,27,89,61,1.4,-999,0,-999,-999
20185003,20150901000000,42.632,9.3205,75,1,15.7,32.3,23.5,28,88,63,1.3,-999,0,-999,-999
20185003,20150902000000,42.632,9.3205,75,1,17.5,29.6,23.5,41,92,67,2.3,-999,0,-999,-999
20185003,20150903000000,42.632,9.3205,75,1,16.1,27.5,21.6,52,91,73,1.6,-999,0,-999,-999
20185003,20150904000000,42.632,9.3205,75,1,16.4,28.9,22,37,95,71,1.4,-999,0,-999,-999
20185003,20150905000000,42.632,9.3205,75,1,16.7,29,21.7,13,93,52,3,-999,0,-999,-999
20185003,20150906000000,42.632,9.3205,75,1,9.9,26.1,18.3,39,93,69,1.7,-999,0,-999,-999
20185003,20150907000000,42.632,9.3205,75,1,13.7,25.6,19.4,50,97,75,1.6,-999,0,-999,-999
20185003,20150908000000,42.632,9.3205,75,1,14.2,26.5,21.4,32,84,53,2.5,-999,0,-999,-999
20185003,20150909000000,42.632,9.3205,75,1,15.4,25.5,20.4,27,85,54,2,-999,0,-999,-999
20185003,20150910000000,42.632,9.3205,75,1,13.7,26.9,19.6,33,87,61,1.5,-999,0,-999,-999
20185003,20150911000000,42.632,9.3205,75,1,12.9,26.2,19.9,40,85,65,1.6,-999,0,-999,-999
20185003,20150912000000,42.632,9.3205,75,1,14.9,27.4,22.7,50,87,67,3.9,-999,0,-999,-999
20185003,20150913000000,42.632,9.3205,75,1,20.9,28.5,25.2,49,88,68,4.6,-999,2.8,-999,-999
20185003,20150914000000,42.632,9.3205,75,1,19.8,29.4,23.3,49,90,77,1.3,-999,0,-999,-999
20185003,20150915000000,42.632,9.3205,75,1,14.2,27.3,20.6,47,95,76,1.4,-999,0,-999,-999
20185003,20150916000000,42.632,9.3205,75,1,16.6,28.9,21.8,45,96,76,1.2,-999,0,-999,-999
20185003,20150917000000,42.632,9.3205,75,1,17,30,23.4,45,96,77,1.8,-999,0,-999,-999
20185003,20150918000000,42.632,9.3205,75,1,20.2,26.8,21.5,38,93,70,2.1,-999,0,-999,-999
20185003,20150919000000,42.632,9.3205,75,1,14.4,26.8,19.2,40,92,71,1.3,-999,0,-999,-999
20185003,20150920000000,42.632,9.3205,75,1,11,24.7,17.3,46,93,74,1.8,-999,0.4,-999,-999
20185003,20150921000000,42.632,9.3205,75,1,11,26.8,18.4,36,96,74,1.5,-999,0.2,-999,-999
20185003,20150922000000,42.632,9.3205,75,1,12.2,25.1,18.9,42,97,72,1.5,-999,0,-999,-999
20185003,20150923000000,42.632,9.3205,75,1,13.6,25.5,18,20,87,56,2.8,-999,0.6,-999,-999
20185003,20150924000000,42.632,9.3205,75,1,10.7,22.4,18.2,38,85,59,2.5,-999,0,-999,-999
20185003,20150925000000,42.632,9.3205,75,1,13.2,26,19.6,39,82,62,1.4,-999,0,-999,-999
20185003,20150926000000,42.632,9.3205,75,1,15.4,25.6,19.7,37,87,63,1.8,-999,0,-999,-999
20185003,20150927000000,42.632,9.3205,75,1,13.5,24.8,19.5,35,90,61,1.5,-999,0,-999,-999
20185003,20150928000000,42.632,9.3205,75,1,15.4,22.8,19.1,47,73,57,2.1,-999,0,-999,-999
20185003,20150929000000,42.632,9.3205,75,1,16.3,21.2,18.7,49,65,57,2.5,-999,0,-999,-999
20185003,20150930000000,42.632,9.3205,75,1,15.8,21.3,17.6,49,93,66,2.7,-999,6,-999,-999
20185003,20151001000000,42.632,9.3205,75,1,14.2,18.8,15.2,80,98,92,2.5,-999,154.7,-999,-999
20185003,20151002000000,42.632,9.3205,75,1,14.7,22.2,17.4,68,96,88,5.7,-999,73.2,-999,-999
20185003,20151003000000,42.632,9.3205,75,1,12,22.6,17.8,49,97,78,1.9,-999,0,-999,-999
20185003,20151004000000,42.632,9.3205,75,1,15.7,25.1,20.2,47,93,73,1.5,-999,0,-999,-999
20185003,20151005000000,42.632,9.3205,75,1,16.2,24.2,19.9,60,95,85,1.4,-999,0,-999,-999
20185003,20151006000000,42.632,9.3205,75,1,16.7,26,20.7,59,94,82,1.5,-999,6.5,-999,-999
20185003,20151007000000,42.632,9.3205,75,1,15.7,26.3,18.8,23,98,77,2.4,-999,0,-999,-999
20185003,20151008000000,42.632,9.3205,75,1,10.8,23.8,16.8,57,97,81,1.7,-999,0,-999,-999
20185003,20151009000000,42.632,9.3205,75,1,11.4,22.4,17.2,58,98,82,2.3,-999,5.6,-999,-999
20185003,20151010000000,42.632,9.3205,75,1,14.8,18.4,15.8,71,96,91,1.2,-999,13.7,-999,-999
20185003,20151011000000,42.632,9.3205,75,1,12.6,23,17.3,52,98,79,1.2,-999,0,-999,-999
20185003,20151012000000,42.632,9.3205,75,1,12.5,22.8,18.3,48,89,74,1.5,-999,0.4,-999,-999
20185003,20151013000000,42.632,9.3205,75,1,14.8,23.3,17.9,64,96,87,1.3,-999,7.6,-999,-999
20185003,20151014000000,42.632,9.3205,75,1,15.5,21.1,16.8,70,97,92,0.9,-999,2.2,-999,-999
20185003,20151015000000,42.632,9.3205,75,1,8.7,20.2,14.1,37,96,66,1.5,-999,0,-999,-999
20185003,20151016000000,42.632,9.3205,75,1,8.5,19.8,13.7,29,90,59,1.8,-999,0,-999,-999
20185003,20151017000000,42.632,9.3205,75,1,5.6,19,12.5,45,97,77,0.8,-999,0,-999,-999
20185003,20151018000000,42.632,9.3205,75,1,9,22.6,15.4,53,95,79,0.7,-999,0,-999,-999
20185003,20151019000000,42.632,9.3205,75,1,12.7,20.3,15.3,62,97,88,0.9,-999,0,-999,-999
20185003,20151020000000,42.632,9.3205,75,1,12.2,20,15.5,53,96,77,1,-999,0,-999,-999
20185003,20151021000000,42.632,9.3205,75,1,10.7,18.5,13.3,45,91,70,1.5,-999,0,-999,-999
20185003,20151022000000,42.632,9.3205,75,1,6.6,17.8,11.6,46,97,77,1.2,-999,0,-999,-999
20185003,20151023000000,42.632,9.3205,75,1,7.6,21.5,15.2,35,96,67,1.6,-999,0,-999,-999
20185003,20151024000000,42.632,9.3205,75,1,11.6,23.2,15.7,30,93,65,1.2,-999,0,-999,-999
20185003,20151025000000,42.632,9.3205,75,1,8.8,21.4,14.2,50,97,82,1,-999,0,-999,-999
20185003,20151026000000,42.632,9.3205,75,1,10.2,19.6,16.3,65,90,79,3.8,-999,0.8,-999,-999
20185003,20151027000000,42.632,9.3205,75,1,16.8,19.6,18.3,74,91,82,3,-999,1.2,-999,-999
20185003,20151028000000,42.632,9.3205,75,1,15.4,21.1,16.9,75,97,90,1.2,-999,3.2,-999,-999
20185003,20151029000000,42.632,9.3205,75,1,9.2,18.3,13,59,98,85,1.2,-999,0,-999,-999
20185003,20151030000000,42.632,9.3205,75,1,9.7,20.5,14.9,54,96,77,1.5,-999,0,-999,-999
20185003,20151031000000,42.632,9.3205,75,1,12.3,19.6,16.3,49,81,65,2.6,-999,0,-999,-999
20185003,20151101000000,42.632,9.3205,75,1,11.3,18.5,14.8,52,86,69,2.3,-999,0,-999,-999
20185003,20151102000000,42.632,9.3205,75,1,10.8,20.6,16.3,49,89,67,3.1,-999,0,-999,-999
20185003,20151103000000,42.632,9.3205,75,1,15.9,20.9,16.8,48,98,78,3.1,-999,0.8,-999,-999
20185003,20151104000000,42.632,9.3205,75,1,10.5,22.5,15.2,59,100,89,1,-999,2,-999,-999
20185003,20151105000000,42.632,9.3205,75,1,10.8,20.5,14.1,66,99,91,0.5,-999,0,-999,-999
20185003,20151106000000,42.632,9.3205,75,1,9.7,19.4,14,70,99,91,0.5,-999,0,-999,-999
20185003,20151107000000,42.632,9.3205,75,1,7.6,22.4,12.8,62,100,90,0.5,-999,0,-999,-999
20185003,20151108000000,42.632,9.3205,75,1,8.7,19.7,13.3,67,99,90,0.8,-999,0,-999,-999
20185003,20151109000000,42.632,9.3205,75,1,9.1,19.1,14.7,69,97,86,0.6,-999,0,-999,-999
20185003,20151110000000,42.632,9.3205,75,1,9.9,21.6,15.8,59,98,82,0.8,-999,0,-999,-999
20185003,20151111000000,42.632,9.3205,75,1,10,18.5,15.3,64,98,82,0.3,-999,0,-999,-999
20185003,20151112000000,42.632,9.3205,75,1,13.2,20.3,16.1,52,89,75,0.9,-999,0,-999,-999
20185003,20151113000000,42.632,9.3205,75,1,13.5,19.5,15.4,56,90,79,0.6,-999,0,-999,-999
20185003,20151114000000,42.632,9.3205,75,1,11.4,21.5,14.6,50,96,76,1,-999,0,-999,-999
20185003,20151115000000,42.632,9.3205,75,1,7.8,20.1,12.2,58,99,89,0.5,-999,0,-999,-999
20185003,20151116000000,42.632,9.3205,75,1,6.9,18.4,12.7,68,100,88,0.6,-999,0,-999,-999
20185003,20151117000000,42.632,9.3205,75,1,10.6,20.4,14.2,54,96,79,1,-999,0,-999,-999
20185003,20151118000000,42.632,9.3205,75,1,8.5,21.1,13.2,52,97,83,0.9,-999,0,-999,-999
20185003,20151119000000,42.632,9.3205,75,1,7.5,19.4,13.1,57,100,87,0.4,-999,0,-999,-999
20185003,20151120000000,42.632,9.3205,75,1,7.4,23,16.6,23,98,63,3.7,-999,0,-999,-999
20185003,20151121000000,42.632,9.3205,75,1,12.7,19.5,14.7,-999,-999,57,8.8,-999,20.4,-999,-999
20185003,20151122000000,42.632,9.3205,75,1,5.7,15,8,31,97,79,2.5,-999,0,-999,-999
20185003,20151123000000,42.632,9.3205,75,1,1.6,14.2,6.8,45,95,77,0.8,-999,0.2,-999,-999
20185003,20151124000000,42.632,9.3205,75,1,3,11.5,6.7,74,98,91,0.6,-999,1.6,-999,-999
20185003,20151125000000,42.632,9.3205,75,1,1.7,11.8,7.5,61,99,90,0.9,-999,13.7,-999,-999
20185003,20151126000000,42.632,9.3205,75,1,5.8,12.3,8.6,42,95,73,1.6,-999,0.4,-999,-999
20185003,20151127000000,42.632,9.3205,75,1,5.4,14.8,7.9,44,96,73,0.8,-999,0,-999,-999
20185003,20151128000000,42.632,9.3205,75,1,0.6,15,6.8,39,97,75,0.7,-999,0.4,-999,-999
20185003,20151129000000,42.632,9.3205,75,1,1.8,15.9,8,52,97,83,0.8,-999,0.2,-999,-999
20185003,20151130000000,42.632,9.3205,75,1,3.6,17.7,9.1,47,99,83,0.5,-999,0.2,-999,-999
20185003,20151201000000,42.632,9.3205,75,1,4.9,18,9.5,47,99,85,1.1,-999,0.4,-999,-999
20185003,20151202000000,42.632,9.3205,75,1,3.1,17,10.3,58,100,85,0.5,-999,0,-999,-999
20185003,20151203000000,42.632,9.3205,75,1,5.3,15.4,10.2,62,98,83,0.6,-999,0,-999,-999
20185003,20151204000000,42.632,9.3205,75,1,5.5,14.8,10.4,61,98,84,0.3,-999,0.2,-999,-999
20185003,20151205000000,42.632,9.3205,75,1,7.6,15.8,11.5,55,91,77,0.5,-999,0,-999,-999
20185003,20151206000000,42.632,9.3205,75,1,9.3,16.2,13.2,59,91,75,1.8,-999,0,-999,-999
20185003,20151207000000,42.632,9.3205,75,1,11.7,17.1,14.1,61,81,72,4.1,-999,0,-999,-999
20185003,20151208000000,42.632,9.3205,75,1,5.2,17.6,9.8,56,98,86,0.5,-999,0.2,-999,-999
20185003,20151209000000,42.632,9.3205,75,1,4.5,15.4,8.9,69,100,92,0.1,-999,0.2,-999,-999
20185003,20151210000000,42.632,9.3205,75,1,5.3,17.5,8.8,37,100,76,0.7,-999,0.2,-999,-999
20185003,20151211000000,42.632,9.3205,75,1,0.7,16.9,7,47,97,84,0.7,-999,0.4,-999,-999
20185003,20151212000000,42.632,9.3205,75,1,2.5,16.5,8.1,42,96,77,0.5,-999,0,-999,-999
20185003,20151213000000,42.632,9.3205,75,1,4.2,16.3,8.7,53,97,84,0.3,-999,0.2,-999,-999
20185003,20151214000000,42.632,9.3205,75,1,2.9,16.5,7.7,55,99,87,0.6,-999,0.4,-999,-999
20185003,20151215000000,42.632,9.3205,75,1,2.3,15.3,8.3,57,100,88,0.6,-999,0,-999,-999
20185003,20151218000000,42.632,9.3205,75,1,4.2,17.9,9.9,54,100,87,0.5,-999,0.2,-999,-999
20185003,20151219000000,42.632,9.3205,75,1,6.2,17.3,12.7,59,97,86,0.4,-999,0.8,-999,-999
20185003,20151220000000,42.632,9.3205,75,1,6.9,17.4,10.9,65,99,87,1.2,-999,0,-999,-999
20185003,20151221000000,42.632,9.3205,75,1,3.3,17.8,9.7,54,99,85,0.4,-999,0,-999,-999
20185003,20151222000000,42.632,9.3205,75,1,7.5,17.8,11.9,56,97,87,0.8,-999,0,-999,-999
20185003,20151223000000,42.632,9.3205,75,1,4.8,18.2,10.5,54,99,87,0.6,-999,0,-999,-999
20185003,20151224000000,42.632,9.3205,75,1,3.6,16.8,8.6,56,99,87,0.6,-999,0.2,-999,-999
20185003,20151225000000,42.632,9.3205,75,1,3.4,16.4,8.7,64,100,89,0.7,-999,0.4,-999,-999
20185003,20151226000000,42.632,9.3205,75,1,4.3,16.2,8.6,61,98,89,0.7,-999,0.2,-999,-999
20185003,20151227000000,42.632,9.3205,75,1,3.1,15.9,10.1,61,99,85,0.6,-999,0,-999,-999
20185003,20151228000000,42.632,9.3205,75,1,7.2,15.5,11.1,59,92,79,0.9,-999,0,-999,-999
20185003,20151229000000,42.632,9.3205,75,1,3.7,15.8,9.7,52,97,81,0.6,-999,0,-999,-999
20185003,20151230000000,42.632,9.3205,75,1,5.5,18,11.5,49,96,78,1,-999,0,-999,-999
20185003,20151231000000,42.632,9.3205,75,1,7.5,13.6,10.5,58,88,76,0.7,-999,0,-999,-999
20185003,20160101000000,42.632,9.3205,75,1,9,13.6,11.5,66,92,80,1.2,-999,0.2,-999,-999
20185003,20160102000000,42.632,9.3205,75,1,10,18.1,12.7,60,97,84,1.8,-999,3,-999,-999
20185003,20160103000000,42.632,9.3205,75,1,7.4,15.6,11.3,34,83,58,3.7,-999,1.4,-999,-999
20185003,20160104000000,42.632,9.3205,75,1,5.9,16.5,12.8,34,96,61,3.4,-999,1.2,-999,-999
20185003,20160105000000,42.632,9.3205,75,1,8.5,15.9,10.6,58,97,86,1.1,-999,2,-999,-999
20185003,20160106000000,42.632,9.3205,75,1,6.6,13.1,10.4,54,97,71,4.3,-999,0.2,-999,-999
20185003,20160107000000,42.632,9.3205,75,1,7.5,18.9,13.8,39,78,59,3.4,-999,0,-999,-999
20185003,20160108000000,42.632,9.3205,75,1,7.7,21.5,12.9,14,96,75,1.8,-999,0.2,-999,-999
20185003,20160109000000,42.632,9.3205,75,1,6.2,18.3,11.4,61,97,88,0.8,-999,2.2,-999,-999
20185003,20160110000000,42.632,9.3205,75,1,5.2,20,11.5,39,99,77,1.1,-999,0,-999,-999
20185003,20160111000000,42.632,9.3205,75,1,6.4,19.9,13.1,34,93,63,5,-999,2.8,-999,-999
20185003,20160112000000,42.632,9.3205,75,1,12.2,16,13.3,25,60,42,7.7,-999,0,-999,-999
20185003,20160113000000,42.632,9.3205,75,1,3.6,13.6,8.1,34,91,58,4.1,-999,0,-999,-999
20185003,20160114000000,42.632,9.3205,75,1,-0.1,13.9,9.3,49,95,75,1.9,-999,5.2,-999,-999
20185003,20160115000000,42.632,9.3205,75,1,4,12.2,8.7,25,86,59,3.6,-999,0.6,-999,-999
20185003,20160116000000,42.632,9.3205,75,1,0.4,10.6,4.2,29,91,63,1.9,-999,0,-999,-999
20185003,20160117000000,42.632,9.3205,75,1,-0.1,10.4,5.3,18,73,42,2.8,-999,0,-999,-999
20185003,20160118000000,42.632,9.3205,75,1,-1.2,9.5,5.5,39,75,56,4.2,-999,0,-999,-999
20185003,20160119000000,42.632,9.3205,75,1,4.5,10.6,5.9,48,91,71,1.9,-999,0.4,-999,-999
20185003,20160120000000,42.632,9.3205,75,1,1.1,11,7.1,73,96,88,1,-999,8.2,-999,-999
20185003,20160121000000,42.632,9.3205,75,1,3.4,12.9,8.2,64,97,89,0.7,-999,0.8,-999,-999
20185003,20160122000000,42.632,9.3205,75,1,2.6,13.6,7.7,61,98,89,0.7,-999,0.8,-999,-999
20185003,20160123000000,42.632,9.3205,75,1,3.2,11.4,6.5,69,98,91,0.5,-999,0,-999,-999
20185003,20160124000000,42.632,9.3205,75,1,1.3,15.9,7.1,55,99,85,0.8,-999,0,-999,-999
20185003,20160125000000,42.632,9.3205,75,1,1.6,14.8,7.7,61,98,86,0.5,-999,0,-999,-999
20185003,20160126000000,42.632,9.3205,75,1,5.5,14.9,11.6,74,95,89,0.5,-999,0,-999,-999
20185003,20160127000000,42.632,9.3205,75,1,4.3,16.6,10,60,99,87,0.8,-999,0,-999,-999
20185003,20160128000000,42.632,9.3205,75,1,3.2,15.4,9.1,70,99,89,0.7,-999,0,-999,-999
20185003,20160129000000,42.632,9.3205,75,1,5.4,15.3,10.7,64,97,85,0.6,-999,0,-999,-999
20185003,20160130000000,42.632,9.3205,75,1,5.1,15.5,9.2,62,98,87,0.9,-999,0,-999,-999
20185003,20160131000000,42.632,9.3205,75,1,4.4,19.8,13.2,39,97,67,3.6,-999,0,-999,-999
20185003,20160201000000,42.632,9.3205,75,1,6.1,20.5,11.7,51,98,81,1,-999,0.2,-999,-999
20185003,20160202000000,42.632,9.3205,75,1,5.1,15,10.6,76,99,92,0.9,-999,0.2,-999,-999
20185003,20160203000000,42.632,9.3205,75,1,5.3,18.9,11.2,23,98,68,3.8,-999,0.2,-999,-999
20185003,20160204000000,42.632,9.3205,75,1,6.4,14.7,9.6,19,95,51,3.7,-999,0,-999,-999
20185003,20160205000000,42.632,9.3205,75,1,-1,17.6,6.8,34,97,78,0.9,-999,0.4,-999,-999
20185003,20160206000000,42.632,9.3205,75,1,2.4,16.4,9.9,57,98,79,1.5,-999,0,-999,-999
20185003,20160207000000,42.632,9.3205,75,1,9.2,16.3,13.4,53,92,72,3.9,-999,0.2,-999,-999
20185003,20160208000000,42.632,9.3205,75,1,9.6,16.1,11.1,52,96,80,1.3,-999,0,-999,-999
20185003,20160209000000,42.632,9.3205,75,1,5.7,17.6,11.6,44,94,74,1.9,-999,4.2,-999,-999
20185003,20160210000000,42.632,9.3205,75,1,10.1,13.2,11.8,19,74,41,8.2,-999,0.2,-999,-999
20185003,20160211000000,42.632,9.3205,75,1,8.3,14.4,10.3,41,89,63,3.1,-999,0.2,-999,-999
20185003,20160212000000,42.632,9.3205,75,1,2.8,15.2,10.1,47,97,77,2.5,-999,0.8,-999,-999
20185003,20160213000000,42.632,9.3205,75,1,8,18.7,15.7,28,63,43,5,-999,3.8,-999,-999
20185003,20160214000000,42.632,9.3205,75,1,11,18.1,12.7,28,95,71,2.8,-999,3.2,-999,-999
20185003,20160215000000,42.632,9.3205,75,1,4.2,13,7.5,70,97,91,0.7,-999,13.6,-999,-999
20185003,20160216000000,42.632,9.3205,75,1,4.7,15.8,10.6,59,98,84,1.8,-999,2.4,-999,-999
20185003,20160217000000,42.632,9.3205,75,1,7.8,12.3,9.5,71,96,87,1,-999,0.2,-999,-999
20185003,20160218000000,42.632,9.3205,75,1,2.5,12.4,8.3,58,96,77,1.6,-999,0.2,-999,-999
20185003,20160219000000,42.632,9.3205,75,1,0.7,15.3,6.6,39,97,73,1.5,-999,0,-999,-999
20185003,20160220000000,42.632,9.3205,75,1,1,13.8,7.8,44,94,70,1.6,-999,0.2,-999,-999
20185003,20160221000000,42.632,9.3205,75,1,2.6,18.6,10.4,44,94,74,1.6,-999,0,-999,-999
20185003,20160222000000,42.632,9.3205,75,1,5.8,18.6,12.6,40,93,74,1.6,-999,1.8,-999,-999
20185003,20160223000000,42.632,9.3205,75,1,8,17.1,11.5,48,97,77,2.7,-999,0,-999,-999
20185003,20160224000000,42.632,9.3205,75,1,4.1,17.7,9.9,50,97,80,1.4,-999,0,-999,-999
20185003,20160225000000,42.632,9.3205,75,1,3.9,16.8,9.7,50,97,85,1.6,-999,7.2,-999,-999
20185003,20160226000000,42.632,9.3205,75,1,3.2,15.3,9.2,34,98,78,1.5,-999,0.2,-999,-999
20185003,20160227000000,42.632,9.3205,75,1,6.9,14.2,11.5,59,94,77,3.5,-999,23.7,-999,-999
20185003,20160228000000,42.632,9.3205,75,1,7.8,12.1,9.8,75,96,89,2.9,-999,87.7,-999,-999
20185003,20160229000000,42.632,9.3205,75,1,9.7,13.3,11,61,96,79,3.4,-999,10.2,-999,-999
20185003,20160301000000,42.632,9.3205,75,1,5.2,14.8,9.2,65,98,88,1.5,-999,0,-999,-999
20185003,20160302000000,42.632,9.3205,75,1,3.2,15.7,11,29,95,67,3.5,-999,0,-999,-999
20185003,20160303000000,42.632,9.3205,75,1,9.6,15.1,11.7,41,61,50,6.6,-999,0,-999,-999
20185003,20160304000000,42.632,9.3205,75,1,3.5,15.3,10.4,25,83,54,1.9,-999,0,-999,-999
20185003,20160305000000,42.632,9.3205,75,1,5.1,17.7,11.7,39,89,61,3.9,-999,3.6,-999,-999
20185003,20160306000000,42.632,9.3205,75,1,2.7,13.7,6.9,43,95,75,1.4,-999,0.6,-999,-999
20185003,20160307000000,42.632,9.3205,75,1,0.7,13.6,7,31,94,69,2,-999,0.2,-999,-999
20185003,20160308000000,42.632,9.3205,75,1,1.7,11.9,6.8,41,92,71,2.6,-999,8,-999,-999
20185003,20160309000000,42.632,9.3205,75,1,3.9,10.3,6.7,68,95,88,1.2,-999,2.4,-999,-999
20185003,20160310000000,42.632,9.3205,75,1,6.1,13.5,9.8,53,93,73,1.9,-999,1.2,-999,-999
20185003,20160311000000,42.632,9.3205,75,1,7.8,14.2,10.8,53,91,73,2.1,-999,3,-999,-999
20185003,20160312000000,42.632,9.3205,75,1,8.7,15.8,12.1,48,82,64,2.2,-999,0,-999,-999
20185003,20160313000000,42.632,9.3205,75,1,7.9,14.4,11.7,45,77,58,2.6,-999,0,-999,-999
20185003,20160314000000,42.632,9.3205,75,1,9.4,14.5,10.8,44,89,63,2.5,-999,0,-999,-999
20185003,20160315000000,42.632,9.3205,75,1,2.4,14.2,8.3,42,93,71,1.7,-999,0,-999,-999
20185003,20160316000000,42.632,9.3205,75,1,5.3,15,11.8,45,83,62,4.3,-999,1.8,-999,-999
20185003,20160317000000,42.632,9.3205,75,1,9.3,14.5,11.5,55,89,73,2.1,-999,0,-999,-999
20185003,20160318000000,42.632,9.3205,75,1,6.5,16.3,10.2,53,96,78,1.3,-999,0,-999,-999
20185003,20160319000000,42.632,9.3205,75,1,4.1,15.3,9.6,61,98,84,1.1,-999,0,-999,-999
20185003,20160320000000,42.632,9.3205,75,1,4.4,18.1,12.1,51,98,78,2.2,-999,0,-999,-999
20185003,20160321000000,42.632,9.3205,75,1,10.6,19.4,14.4,45,89,71,2.8,-999,0,-999,-999
20185003,20160322000000,42.632,9.3205,75,1,10.1,18,14.7,52,86,67,2.8,-999,0,-999,-999
20185003,20160323000000,42.632,9.3205,75,1,11.1,15,12.4,42,71,55,2.6,-999,0,-999,-999
20185003,20160324000000,42.632,9.3205,75,1,4.8,16.7,9.8,22,86,56,1.7,-999,0,-999,-999
20185003,20160325000000,42.632,9.3205,75,1,2.5,17.1,11.3,36,94,65,2,-999,0.2,-999,-999
20185003,20160326000000,42.632,9.3205,75,1,4.5,16,10.2,61,97,82,1.4,-999,0.2,-999,-999
20185003,20160327000000,42.632,9.3205,75,1,4.2,16.5,10.9,61,98,83,1.2,-999,0.6,-999,-999
20185003,20160328000000,42.632,9.3205,75,1,7.7,17.7,12.8,61,96,81,1.8,-999,0,-999,-999
20185003,20160329000000,42.632,9.3205,75,1,5.2,18.9,12.5,48,98,77,1.5,-999,0.2,-999,-999
20185003,20160330000000,42.632,9.3205,75,1,5.9,20.9,13.6,52,98,78,1.6,-999,0.2,-999,-999
20185003,20160331000000,42.632,9.3205,75,1,9.9,26.5,17.2,33,91,68,2.4,-999,0,-999,-999
20185003,20160401000000,42.632,9.3205,75,1,11.8,21.1,16.3,50,90,74,3.6,-999,0,-999,-999
20185003,20160402000000,42.632,9.3205,75,1,13.1,21.4,18.6,27,88,53,3.9,-999,0,-999,-999
20185003,20160403000000,42.632,9.3205,75,1,9.9,23.4,16.2,26,90,65,1.7,-999,0,-999,-999
20185003,20160404000000,42.632,9.3205,75,1,8.5,22.4,16.2,45,97,71,2.1,-999,0,-999,-999
20185003,20160405000000,42.632,9.3205,75,1,12.6,21,17.3,22,87,64,4.9,-999,0,-999,-999
20185003,20160406000000,42.632,9.3205,75,1,7.9,23.6,15.6,29,96,64,1.1,-999,0.2,-999,-999
20185003,20160407000000,42.632,9.3205,75,1,7.9,22.6,14.3,41,96,78,1.3,-999,0,-999,-999
20185003,20160408000000,42.632,9.3205,75,1,9.8,17,12.1,58,94,79,1.4,-999,12.8,-999,-999
20185003,20160409000000,42.632,9.3205,75,1,5.4,14.2,8.9,57,96,83,1.1,-999,23.6,-999,-999
20185003,20160410000000,42.632,9.3205,75,1,3.3,17.6,11,44,98,74,1.5,-999,0,-999,-999
20185003,20160411000000,42.632,9.3205,75,1,5.4,20.6,13.8,45,96,75,1.3,-999,0.2,-999,-999
20185003,20160412000000,42.632,9.3205,75,1,7.6,21.8,14.8,51,98,78,1,-999,0.2,-999,-999
20185003,20160413000000,42.632,9.3205,75,1,7.7,21.4,13.6,43,96,83,1.7,-999,0.2,-999,-999
20185003,20160414000000,42.632,9.3205,75,1,8.3,23.3,16.5,14,95,45,3.5,-999,0,-999,-999
20185003,20160415000000,42.632,9.3205,75,1,6.7,22.4,14.3,31,93,65,1.9,-999,0.2,-999,-999
20185003,20160416000000,42.632,9.3205,75,1,7.5,23,15.5,45,97,76,1.5,-999,0.2,-999,-999
20185003,20160417000000,42.632,9.3205,75,1,9.4,21.5,14.9,48,97,84,1.6,-999,0.2,-999,-999
20185003,20160418000000,42.632,9.3205,75,1,10.3,21.9,15.5,29,97,66,2.5,-999,0,-999,-999
20185003,20160419000000,42.632,9.3205,75,1,6.5,19.9,13.9,38,91,60,2.8,-999,0,-999,-999
20185003,20160420000000,42.632,9.3205,75,1,9.4,22.6,19,28,78,41,4.2,-999,0,-999,-999
20185003,20160421000000,42.632,9.3205,75,1,16.6,21.9,17.9,40,91,59,3.5,-999,0.4,-999,-999
20185003,20160422000000,42.632,9.3205,75,1,11.7,20,14.8,56,96,86,1,-999,11.2,-999,-999
20185003,20160423000000,42.632,9.3205,75,1,9.5,21.3,15.2,46,97,73,1.7,-999,0.4,-999,-999
20185003,20160424000000,42.632,9.3205,75,1,11.2,18.8,15.2,49,86,64,3.5,-999,3.6,-999,-999
20185003,20160425000000,42.632,9.3205,75,1,9.2,16.2,11.2,24,93,66,2.4,-999,0.2,-999,-999
20185003,20160426000000,42.632,9.3205,75,1,3.8,20.3,12.6,29,94,62,2.5,-999,0,-999,-999
20185003,20160427000000,42.632,9.3205,75,1,4.7,21.7,13.9,26,94,58,2.9,-999,0,-999,-999
20185003,20160428000000,42.632,9.3205,75,1,8,17.1,12.8,46,94,77,1.2,-999,0,-999,-999
20185003,20160429000000,42.632,9.3205,75,1,8.5,18.2,13.3,48,97,76,1.8,-999,0.2,-999,-999
20185003,20160430000000,42.632,9.3205,75,1,6.1,20.7,11.8,44,98,84,1.9,-999,5.8,-999,-999
20185003,20160501000000,42.632,9.3205,75,1,5,16.1,10.1,61,98,88,1,-999,17.8,-999,-999
20185003,20160502000000,42.632,9.3205,75,1,8.3,16.5,11.7,66,97,87,0.9,-999,6,-999,-999
20185003,20160503000000,42.632,9.3205,75,1,6.4,21.4,14.4,40,98,73,1.6,-999,0.2,-999,-999
20185003,20160504000000,42.632,9.3205,75,1,7.6,22.8,15.1,28,95,66,1.5,-999,0.2,-999,-999
20185003,20160505000000,42.632,9.3205,75,1,6.5,22.9,15.8,33,94,60,2.2,-999,0,-999,-999
20185003,20160506000000,42.632,9.3205,75,1,10.9,20.5,16.4,45,86,62,3.7,-999,0,-999,-999
20185003,20160507000000,42.632,9.3205,75,1,10.8,21.1,17.6,42,75,55,4.7,-999,0,-999,-999
20185003,20160508000000,42.632,9.3205,75,1,13.7,19.8,17.5,47,80,62,4.7,-999,0,-999,-999
20185003,20160509000000,42.632,9.3205,75,1,16.4,21.2,18.6,49,82,67,7.5,-999,0,-999,-999
20185003,20160510000000,42.632,9.3205,75,1,17.2,24.7,20,49,88,70,4.2,-999,0.4,-999,-999
20185003,20160511000000,42.632,9.3205,75,1,15.2,23.5,17.7,59,96,84,2.7,-999,17.9,-999,-999
20185003,20160512000000,42.632,9.3205,75,1,12.8,22.5,16.9,30,96,65,3.1,-999,0,-999,-999
20185003,20160513000000,42.632,9.3205,75,1,8.6,23.7,17.4,35,88,57,3,-999,0.2,-999,-999
20185003,20160514000000,42.632,9.3205,75,1,0.4,-999,16.4,57,95,82,2,-999,-999,-999,-999
20185003,20160515000000,42.632,9.3205,75,1,13,18.9,15.8,76,96,88,1.7,-999,1.6,-999,-999
20185003,20160516000000,42.632,9.3205,75,1,11.7,20.7,15.8,63,96,83,1.7,-999,1,-999,-999
20185003,20160517000000,42.632,9.3205,75,1,9.1,21.3,15.3,49,97,77,1.6,-999,0.2,-999,-999
20185003,20160518000000,42.632,9.3205,75,1,8.2,20.7,14.5,53,98,82,1.8,-999,0,-999,-999
20185003,20160519000000,42.632,9.3205,75,1,11.3,23.3,16.4,27,95,65,3.7,-999,1.2,-999,-999
20185003,20160520000000,42.632,9.3205,75,1,11.2,22.1,16.3,36,92,67,1.7,-999,0.2,-999,-999
20185003,20160521000000,42.632,9.3205,75,1,8.3,24,16.3,33,95,70,1.7,-999,0.2,-999,-999
20185003,20160522000000,42.632,9.3205,75,1,8.1,25.5,18.9,31,97,60,1.9,-999,0,-999,-999
20185003,20160523000000,42.632,9.3205,75,1,12.8,-999,17.5,22,94,51,6,-999,-999,-999,-999
20185003,20160524000000,42.632,9.3205,75,1,-1,24.1,16.8,31,89,56,3.4,-999,0,-999,-999
20185003,20160525000000,42.632,9.3205,75,1,7.5,22.1,16,47,94,71,1.7,-999,0,-999,-999
20185003,20160526000000,42.632,9.3205,75,1,11.7,27.1,21.2,35,95,59,2.4,-999,0,-999,-999
20185003,20160527000000,42.632,9.3205,75,1,15.3,29.3,21.7,30,89,58,1.7,-999,0.2,-999,-999
20185003,20160528000000,42.632,9.3205,75,1,12.3,27.2,19.1,41,96,76,2,-999,0.6,-999,-999
20185003,20160529000000,42.632,9.3205,75,1,17,25.3,19.1,42,95,73,2.7,-999,0.2,-999,-999
20185003,20160530000000,42.632,9.3205,75,1,10.2,27.4,19.5,24,92,54,3,-999,0,-999,-999
20185003,20160531000000,42.632,9.3205,75,1,9.3,26.9,18.1,29,91,61,2.2,-999,0,-999,-999
20185003,20160601000000,42.632,9.3205,75,1,10,17.9,15.2,70,91,82,1.2,-999,1.6,-999,-999
20185003,20160602000000,42.632,9.3205,75,1,13,24.5,17.7,47,94,75,2.4,-999,0,-999,-999
20185003,20160603000000,42.632,9.3205,75,1,14.5,23.4,18.8,52,89,73,1.3,-999,0,-999,-999
20185003,20160604000000,42.632,9.3205,75,1,15.3,24.5,18.3,41,91,72,1.7,-999,0,-999,-999
20185003,20160605000000,42.632,9.3205,75,1,11.3,24.8,18.2,40,95,67,2,-999,0.2,-999,-999
20185003,20160606000000,42.632,9.3205,75,1,11.4,25.1,18.5,54,97,74,1.8,-999,0,-999,-999
20185003,20160607000000,42.632,9.3205,75,1,12,25,19.4,51,97,77,2,-999,0.2,-999,-999
20185003,20160608000000,42.632,9.3205,75,1,12.5,26.7,20.1,42,96,75,1.9,-999,0.6,-999,-999
20185003,20160609000000,42.632,9.3205,75,1,16.8,26.2,21.5,50,94,75,2,-999,0,-999,-999
20185003,20160610000000,42.632,9.3205,75,1,14.1,26.5,20.2,47,95,75,2.1,-999,0,-999,-999
20185003,20160611000000,42.632,9.3205,75,1,14,27.1,20.5,52,92,75,1.7,-999,0.4,-999,-999
20185003,20160612000000,42.632,9.3205,75,1,16.8,28.9,21.3,26,95,62,3.2,-999,0,-999,-999
20185003,20160613000000,42.632,9.3205,75,1,11.9,26.1,20.8,44,84,60,2.5,-999,0,-999,-999
20185003,20160614000000,42.632,9.3205,75,1,15.9,28.5,21.4,19,86,54,3.7,-999,0,-999,-999
20185003,20160615000000,42.632,9.3205,75,1,11.2,26.3,20.4,38,86,60,2.2,-999,0,-999,-999
20185003,20160616000000,42.632,9.3205,75,1,15.1,27.7,21.5,49,93,69,2.9,-999,0,-999,-999
20185003,20160617000000,42.632,9.3205,75,1,12.8,26.9,19.9,31,90,63,2.5,-999,0,-999,-999
20185003,20160618000000,42.632,9.3205,75,1,11.9,25.6,18,39,95,80,1.5,-999,13,-999,-999
20185003,20160619000000,42.632,9.3205,75,1,15,21.7,17.5,53,95,79,2.3,-999,0.2,-999,-999
20185003,20160620000000,42.632,9.3205,75,1,11.3,25.3,19.3,42,96,70,1.9,-999,0,-999,-999
20185003,20160621000000,42.632,9.3205,75,1,12.9,26.2,20.2,38,94,67,2,-999,0,-999,-999
20185003,20160622000000,42.632,9.3205,75,1,13.6,27.8,21.5,38,93,67,2,-999,0.2,-999,-999
20185003,20160623000000,42.632,9.3205,75,1,15.5,30,23.1,40,94,66,1.8,-999,0,-999,-999
20185003,20160624000000,42.632,9.3205,75,1,15.9,31.5,23.6,36,92,62,1.6,-999,0,-999,-999
20185003,20160625000000,42.632,9.3205,75,1,15.1,32.5,23,27,89,68,2.1,-999,0,-999,-999
20185003,20160626000000,42.632,9.3205,75,1,16,31.2,23.2,34,89,64,2.4,-999,0,-999,-999
20185003,20160627000000,42.632,9.3205,75,1,14.7,27.1,20.5,37,91,70,2.6,-999,0.2,-999,-999
20185003,20160628000000,42.632,9.3205,75,1,13.4,27.6,21.3,42,94,72,1.9,-999,0,-999,-999
20185003,20160629000000,42.632,9.3205,75,1,15.1,28.9,21.8,41,96,73,1.9,-999,0.2,-999,-999
20185003,20160630000000,42.632,9.3205,75,1,18.2,29.8,23.3,46,90,71,1.9,-999,0,-999,-999
20185003,20160701000000,42.632,9.3205,75,1,16.9,29.4,23.6,47,94,71,2,-999,0,-999,-999
20185003,20160702000000,42.632,9.3205,75,1,17.7,29.3,23.6,48,95,72,2.1,-999,0,-999,-999
20185003,20160703000000,42.632,9.3205,75,1,17.5,29.8,22.6,39,92,70,2.5,-999,0,-999,-999
20185003,20160704000000,42.632,9.3205,75,1,15.3,27.2,22.4,65,96,79,2.1,-999,0,-999,-999
20185003,20160705000000,42.632,9.3205,75,1,17.7,33,24.5,38,96,73,2.3,-999,0,-999,-999
20185003,20160706000000,42.632,9.3205,75,1,18.3,31.9,25.1,40,91,68,2,-999,0,-999,-999
20185003,20160707000000,42.632,9.3205,75,1,17.9,29.7,24.1,59,95,78,2.2,-999,0,-999,-999
20185003,20160708000000,42.632,9.3205,75,1,19.1,31.1,23.8,54,93,76,1.7,-999,0,-999,-999
20185003,20160709000000,42.632,9.3205,75,1,17.3,30.5,24.7,42,95,67,2.1,-999,0,-999,-999
20185003,20160710000000,42.632,9.3205,75,1,18.1,31.5,25.6,44,94,68,2.2,-999,0,-999,-999
20185003,20160711000000,42.632,9.3205,75,1,18.8,32.6,26.4,41,91,66,2.2,-999,0,-999,-999
20185003,20160712000000,42.632,9.3205,75,1,18.9,32.3,25.8,25,91,62,2,-999,0,-999,-999
20185003,20160713000000,42.632,9.3205,75,1,18,33.6,25,23,87,48,3.2,-999,0,-999,-999
20185003,20160714000000,42.632,9.3205,75,1,15.8,25.4,21.3,34,69,52,3,-999,0,-999,-999
20185003,20160715000000,42.632,9.3205,75,1,17.6,25.6,21.1,31,81,53,2.9,-999,0.4,-999,-999
20185003,20160716000000,42.632,9.3205,75,1,11.4,27.1,20.2,32,91,64,2.4,-999,0,-999,-999
20185003,20160717000000,42.632,9.3205,75,1,10.4,27.9,20.2,23,89,60,2,-999,0,-999,-999
20185003,20160718000000,42.632,9.3205,75,1,12,29.1,21.7,26,87,51,2.1,-999,0,-999,-999
20185003,20160719000000,42.632,9.3205,75,1,11.9,29.1,21.7,22,80,52,2.2,-999,0,-999,-999
20185003,20160720000000,42.632,9.3205,75,1,13.6,29.9,22.6,23,77,50,2.1,-999,0,-999,-999
20185003,20160721000000,42.632,9.3205,75,1,14.6,31.8,23.3,22,77,44,1.8,-999,0,-999,-999
20185003,20160722000000,42.632,9.3205,75,1,18.1,32.9,26.9,28,71,50,2.3,-999,0,-999,-999
20185003,20160723000000,42.632,9.3205,75,1,25.4,31.5,27,31,90,61,4.6,-999,0,-999,-999
20185003,20160724000000,42.632,9.3205,75,1,21.9,29.3,24.8,52,90,75,2.2,-999,0,-999,-999
20185003,20160725000000,42.632,9.3205,75,1,21.7,29.4,24.5,47,87,69,2.3,-999,0,-999,-999
20185003,20160726000000,42.632,9.3205,75,1,17,30.6,24.1,38,89,69,2.1,-999,0,-999,-999
20185003,20160727000000,42.632,9.3205,75,1,16.9,30.8,23.9,41,93,75,2.1,-999,0,-999,-999
20185003,20160728000000,42.632,9.3205,75,1,19.6,28.7,24.3,62,94,78,2.3,-999,0,-999,-999
20185003,20160729000000,42.632,9.3205,75,1,18.9,31.5,24.9,48,93,74,2,-999,0,-999,-999
20185003,20160730000000,42.632,9.3205,75,1,18.5,30.9,24.1,41,94,71,2.3,-999,0,-999,-999
20185003,20160731000000,42.632,9.3205,75,1,17.5,32.5,25.4,33,91,62,2.4,-999,0.2,-999,-999
20185003,20160801000000,42.632,9.3205,75,1,20.9,28.5,23.4,60,93,77,2.9,-999,0,-999,-999
20185003,20160802000000,42.632,9.3205,75,1,16,29,23.2,52,93,74,2,-999,0,-999,-999
20185003,20160803000000,42.632,9.3205,75,1,17.3,30.2,24.1,39,93,71,2.1,-999,0,-999,-999
20185003,20160804000000,42.632,9.3205,75,1,17.7,29.6,24.1,41,95,73,2.1,-999,0,-999,-999
20185003,20160805000000,42.632,9.3205,75,1,19,33,24,23,92,60,2.9,-999,0,-999,-999
20185003,20160806000000,42.632,9.3205,75,1,15.2,28.3,23.3,34,87,56,3.2,-999,0,-999,-999
20185003,20160807000000,42.632,9.3205,75,1,18.3,30.7,24.5,26,77,50,2.7,-999,0,-999,-999
20185003,20160808000000,42.632,9.3205,75,1,17.8,30.7,23.8,26,87,55,2.3,-999,0,-999,-999
20185003,20160809000000,42.632,9.3205,75,1,13.8,31.2,23.1,27,89,64,2.2,-999,0,-999,-999
20185003,20160810000000,42.632,9.3205,75,1,16.3,28.1,21.6,43,87,70,2.2,-999,0,-999,-999
20185003,20160811000000,42.632,9.3205,75,1,14.7,28,21.4,35,92,63,2,-999,0,-999,-999
20185003,20160812000000,42.632,9.3205,75,1,16.1,29.5,22.2,25,75,49,2.2,-999,0,-999,-999
20185003,20160813000000,42.632,9.3205,75,1,13.9,31.5,23.4,23,80,51,1.9,-999,0,-999,-999
20185003,20160814000000,42.632,9.3205,75,1,13.3,29.8,22.1,29,88,64,1.8,-999,0,-999,-999
20185003,20160815000000,42.632,9.3205,75,1,14.8,29.2,22.6,30,92,62,2,-999,0,-999,-999
20185003,20160816000000,42.632,9.3205,75,1,14.4,29.9,22.8,26,87,56,1.9,-999,0,-999,-999
20185003,20160817000000,42.632,9.3205,75,1,15.2,28.7,22.8,41,85,68,2.2,-999,0,-999,-999
20185003,20160818000000,42.632,9.3205,75,1,18.2,28.4,23.5,54,87,70,2.1,-999,0,-999,-999
20185003,20160819000000,42.632,9.3205,75,1,17.3,29.9,23.7,43,88,68,1.9,-999,0,-999,-999
20185003,20160820000000,42.632,9.3205,75,1,18.6,31.7,24.7,45,92,69,2.1,-999,0,-999,-999
20185003,20160821000000,42.632,9.3205,75,1,18.6,28.2,22.8,44,92,74,2.2,-999,0,-999,-999
20185003,20160822000000,42.632,9.3205,75,1,15,31,23.7,26,95,56,2.3,-999,0,-999,-999
20185003,20160823000000,42.632,9.3205,75,1,18.4,30.5,23.7,23,75,46,2.5,-999,0,-999,-999
20185003,20160824000000,42.632,9.3205,75,1,17.1,31.8,24.8,26,73,49,2.4,-999,0,-999,-999
20185003,20160825000000,42.632,9.3205,75,1,19,32.7,25,22,80,51,2.1,-999,0,-999,-999
20185003,20160826000000,42.632,9.3205,75,1,16,32.3,24.9,22,81,46,1.8,-999,0,-999,-999
20185003,20160827000000,42.632,9.3205,75,1,14.6,31.4,23,24,86,59,1.9,-999,0,-999,-999
20185003,20160828000000,42.632,9.3205,75,1,14.7,28.7,22.2,44,93,72,1.8,-999,0,-999,-999
20185003,20160829000000,42.632,9.3205,75,1,15.5,29.2,23.4,43,93,72,2,-999,0,-999,-999
20185003,20160830000000,42.632,9.3205,75,1,19.8,29.5,23.5,45,90,73,2.6,-999,9.3,-999,-999
20185003,20160831000000,42.632,9.3205,75,1,18.2,30.1,23.9,44,94,70,2,-999,0,-999,-999
20185003,20160901000000,42.632,9.3205,75,1,18.1,29.8,23.5,39,90,69,1.6,-999,0,-999,-999
20185003,20160902000000,42.632,9.3205,75,1,15.9,28.7,22.6,45,93,76,1.7,-999,0.2,-999,-999
20185003,20160903000000,42.632,9.3205,75,1,15.9,30.8,23.1,33,95,74,1.7,-999,0,-999,-999
20185003,20160904000000,42.632,9.3205,75,1,15.5,30,22.8,41,94,77,1.7,-999,0,-999,-999
20185003,20160905000000,42.632,9.3205,75,1,18.2,30.2,24.1,44,92,67,2,-999,0,-999,-999
20185003,20160906000000,42.632,9.3205,75,1,18.9,30.2,25,21,88,51,3.4,-999,6.8,-999,-999
20185003,20160907000000,42.632,9.3205,75,1,17.2,25.8,22.2,45,75,61,2.2,-999,0,-999,-999
20185003,20160908000000,42.632,9.3205,75,1,19,29.1,22.2,39,88,66,1.8,-999,0,-999,-999
20185003,20160909000000,42.632,9.3205,75,1,14.7,29.9,22.8,35,91,64,1.6,-999,0,-999,-999
20185003,20160910000000,42.632,9.3205,75,1,17.7,30.5,23.9,36,85,61,1.8,-999,0,-999,-999
20185003,20160911000000,42.632,9.3205,75,1,16.9,31.6,23.5,31,85,61,1.3,-999,0,-999,-999
20185003,20160912000000,42.632,9.3205,75,1,17.3,30.5,24.1,36,86,59,1.6,-999,0,-999,-999
20185003,20160913000000,42.632,9.3205,75,1,17.6,29.4,23,44,88,71,2,-999,0,-999,-999
20185003,20160914000000,42.632,9.3205,75,1,16.1,29.7,23.5,40,89,70,2.4,-999,1.8,-999,-999
20185003,20160915000000,42.632,9.3205,75,1,20.9,27.3,23.2,54,85,69,2.4,-999,0,-999,-999
20185003,20160916000000,42.632,9.3205,75,1,17.7,24.9,18.8,63,96,89,1,-999,16.2,-999,-999
20185003,20160917000000,42.632,9.3205,75,1,12.9,27.5,20,28,96,65,2.1,-999,0,-999,-999
20185003,20160918000000,42.632,9.3205,75,1,11.4,22.4,16.5,47,94,76,1.3,-999,1.2,-999,-999
20185003,20160919000000,42.632,9.3205,75,1,11.6,24.2,18.4,51,96,78,1.5,-999,0.4,-999,-999
20185003,20160920000000,42.632,9.3205,75,1,11.8,26.8,20.3,38,93,71,2.1,-999,4.4,-999,-999
20185003,20160921000000,42.632,9.3205,75,1,15.2,24.8,18.4,59,96,86,1.3,-999,55.8,-999,-999
20185003,20160922000000,42.632,9.3205,75,1,14.4,25.7,18.9,46,97,77,1.1,-999,0,-999,-999
20185003,20160923000000,42.632,9.3205,75,1,12.9,25.2,18.8,52,96,79,1.1,-999,0,-999,-999
20185003,20160924000000,42.632,9.3205,75,1,13.2,25.3,19.2,48,96,75,1.6,-999,0,-999,-999
20185003,20160925000000,42.632,9.3205,75,1,13.9,26.1,18.9,35,90,66,1.5,-999,0,-999,-999
20185003,20160926000000,42.632,9.3205,75,1,10.5,26.1,18,36,90,73,1.1,-999,0.2,-999,-999
20185003,20160927000000,42.632,9.3205,75,1,11.6,25.7,18.1,42,94,70,1.3,-999,0,-999,-999
20185003,20160928000000,42.632,9.3205,75,1,13.7,26.2,20.1,30,88,56,1.7,-999,0,-999,-999
20185003,20160929000000,42.632,9.3205,75,1,10.5,25.9,18.1,39,93,73,1.5,-999,0.2,-999,-999
20185003,20160930000000,42.632,9.3205,75,1,11.4,25.6,17.9,41,96,71,1.3,-999,0,-999,-999
20185003,20161001000000,42.632,9.3205,75,1,13.3,25,19.1,59,94,82,2.1,-999,6,-999,-999
20185003,20161002000000,42.632,9.3205,75,1,15.1,24.8,19.5,63,98,84,1.9,-999,0.4,-999,-999
20185003,20161003000000,42.632,9.3205,75,1,12,26.7,18.7,37,97,73,2.2,-999,0.2,-999,-999
20185003,20161004000000,42.632,9.3205,75,1,11,23.6,16.8,39,97,69,1.4,-999,0,-999,-999
20185003,20161005000000,42.632,9.3205,75,1,10.3,24.9,17.9,30,86,61,1.7,-999,0,-999,-999
20185003,20161006000000,42.632,9.3205,75,1,11.2,23,17.4,47,95,75,1.9,-999,30,-999,-999
20185003,20161007000000,42.632,9.3205,75,1,13.6,19.5,15.5,55,95,80,2.1,-999,1,-999,-999
20185003,20161008000000,42.632,9.3205,75,1,10.3,24.7,16.3,36,95,76,1.8,-999,0.2,-999,-999
20185003,20161009000000,42.632,9.3205,75,1,8.6,21.9,15.7,44,95,77,1.1,-999,4.4,-999,-999
20185003,20161010000000,42.632,9.3205,75,1,12.7,18.9,14.5,61,96,82,1.4,-999,3.2,-999,-999
20185003,20161011000000,42.632,9.3205,75,1,9.6,17.2,11.1,63,96,88,1.6,-999,9.6,-999,-999
20185003,20161012000000,42.632,9.3205,75,1,6.7,19.3,13.9,38,95,64,2.7,-999,0,-999,-999
20185003,20161013000000,42.632,9.3205,75,1,14.8,22.7,17.1,36,91,68,7.1,-999,0.2,-999,-999
20185003,20161014000000,42.632,9.3205,75,1,15.4,24.3,18.2,59,96,87,3.8,-999,20.2,-999,-999
20185003,20161015000000,42.632,9.3205,75,1,11.8,22.7,16.7,57,97,86,1,-999,0.2,-999,-999
20185003,20161016000000,42.632,9.3205,75,1,9.8,22.1,15.1,47,98,78,1,-999,0.2,-999,-999
20185003,20161017000000,42.632,9.3205,75,1,9.5,21.4,15.6,51,96,80,1.1,-999,0.2,-999,-999
20185003,20161018000000,42.632,9.3205,75,1,13.1,21.4,15.7,59,95,84,0.8,-999,0.8,-999,-999
20185003,20161019000000,42.632,9.3205,75,1,9.3,21.9,14.9,51,98,82,1.2,-999,0.2,-999,-999
20185003,20161020000000,42.632,9.3205,75,1,8.2,20,13.7,57,96,81,1.2,-999,0.2,-999,-999
20185003,20161021000000,42.632,9.3205,75,1,6.5,18.8,12,50,97,81,1.2,-999,0.2,-999,-999
20185003,20161022000000,42.632,9.3205,75,1,6.8,21.2,14.1,42,97,75,1,-999,0.2,-999,-999
20185003,20161023000000,42.632,9.3205,75,1,13.7,22.2,19.3,62,87,73,4.2,-999,0,-999,-999
20185003,20161024000000,42.632,9.3205,75,1,15.6,25.8,21.1,59,93,75,3.2,-999,0.2,-999,-999
20185003,20161025000000,42.632,9.3205,75,1,16.2,25.7,21.2,57,92,77,1.6,-999,0,-999,-999
20185003,20161026000000,42.632,9.3205,75,1,16.4,24.5,18.9,58,96,86,1.2,-999,5.4,-999,-999
20185003,20161027000000,42.632,9.3205,75,1,14.6,22.7,-999,44,96,68,1.8,-999,0,-999,-999
20185003,20161028000000,42.632,9.3205,75,1,-999,-999,15.8,40,77,59,1.9,-999,0.4,-999,-999
20185003,20161029000000,42.632,9.3205,75,1,11,22.7,14.6,34,94,63,1.4,-999,0,-999,-999
20185003,20161030000000,42.632,9.3205,75,1,6.5,23.1,13.3,50,97,83,0.5,-999,0,-999,-999
20185003,20161031000000,42.632,9.3205,75,1,6.3,20.9,12.8,45,97,85,0.9,-999,0,-999,-999
20185003,20161101000000,42.632,9.3205,75,1,7.4,20.5,13.8,64,98,86,0.9,-999,0,-999,-999
20185003,20161102000000,42.632,9.3205,75,1,8.8,23.6,14.7,44,96,77,0.8,-999,0,-999,-999
20185003,20161103000000,42.632,9.3205,75,1,8.5,20.2,14.1,61,97,85,0.7,-999,0,-999,-999
20185003,20161104000000,42.632,9.3205,75,1,11.1,21.3,14.6,65,97,86,0.9,-999,0,-999,-999
20185003,20161105000000,42.632,9.3205,75,1,-999,-999,20,36,93,60,3.5,-999,14.6,-999,-999
20185003,20161106000000,42.632,9.3205,75,1,13.9,20.8,15.6,27,93,68,3,-999,0.4,-999,-999
20185003,20161107000000,42.632,9.3205,75,1,6.5,17.7,10.5,44,96,71,1.3,-999,0,-999,-999
20185003,20161108000000,42.632,9.3205,75,1,3.7,15.9,9.1,43,96,73,1.4,-999,0.4,-999,-999
20185003,20161109000000,42.632,9.3205,75,1,4.2,16,10.5,39,92,70,2.5,-999,4,-999,-999
20185003,20161110000000,42.632,9.3205,75,1,10.7,16.7,14.4,42,68,55,4.2,-999,0,-999,-999
20185003,20161111000000,42.632,9.3205,75,1,7.7,18.5,14,31,88,58,4.8,-999,1.4,-999,-999
20185003,20161112000000,42.632,9.3205,75,1,6.1,16.7,10.5,32,88,56,2.1,-999,0,-999,-999
