20148001,20140101000000,42.541,9.4852,10,0,4.6,13.9,7.5,42,89,68,3,-999,0,505,794
20148001,20140102000000,42.541,9.4852,10,0,3.8,15.7,9.8,61,88,78,1.7,-999,0,150,492
20148001,20140103000000,42.541,9.4852,10,0,7.6,16.5,11.3,69,93,84,1.6,-999,0,116,442
20148001,20140104000000,42.541,9.4852,10,0,-999,-999,12.8,-999,-999,85,1.6,-999,4,-999,-999
20148001,20140105000000,42.541,9.4852,10,0,9.6,14.5,11.7,53,95,76,3.9,-999,0.4,162,549
20148001,20140106000000,42.541,9.4852,10,0,5.2,15,9.3,55,93,80,1.7,-999,0.2,498,798
20148001,20140107000000,42.541,9.4852,10,0,5.7,16.1,10,56,92,79,2,-999,0,461,793
20148001,20140108000000,42.541,9.4852,10,0,7.8,15.6,10.4,61,95,82,2.2,-999,0,409,678
20148001,20140109000000,42.541,9.4852,10,0,6.7,15.6,9.8,60,96,83,1.8,-999,0.2,350,706
20148001,20140110000000,42.541,9.4852,10,0,5.7,15.3,11.8,74,94,81,1.6,-999,0,9,326
20148001,20140111000000,42.541,9.4852,10,0,8.7,15.9,11.3,66,93,82,1.9,-999,0.2,132,515
20148001,20140112000000,42.541,9.4852,10,0,7.3,17,11.2,59,94,84,1.4,-999,0,262,656
20148001,20140113000000,42.541,9.4852,10,0,7,16,11.7,64,95,81,1.9,-999,0,322,655
20148001,20140114000000,42.541,9.4852,10,0,8.6,14.5,11.2,48,90,65,2.5,-999,0,35,346
20148001,20140115000000,42.541,9.4852,10,0,7.2,15.1,9.8,55,87,70,2.5,-999,0,350,769
20148001,20140116000000,42.541,9.4852,10,0,6.1,14.1,9.4,64,87,77,1.3,-999,0,106,546
20148001,20140117000000,42.541,9.4852,10,0,7.6,15,10.9,59,92,82,1.7,-999,0,30,341
20148001,20140118000000,42.541,9.4852,10,0,9.6,15.2,11.2,77,93,88,2.2,-999,0.2,1,347
20148001,20140119000000,42.541,9.4852,10,0,7.1,14.9,10,83,93,89,1.6,-999,5,21,302
20148001,20140120000000,42.541,9.4852,10,0,7.4,13.7,10,77,92,86,2,-999,5.8,70,308
20148001,20140121000000,42.541,9.4852,10,0,8.8,16.1,11.5,50,89,71,2.5,-999,0.6,263,708
20148001,20140122000000,42.541,9.4852,10,0,7.5,15.6,10.7,42,94,74,2.4,-999,19.5,338,797
20148001,20140123000000,42.541,9.4852,10,0,7.2,12,9.6,80,95,91,1.5,-999,7,1,240
20148001,20140124000000,42.541,9.4852,10,0,7.6,13.9,10.4,37,87,62,4.2,-999,4,220,635
20148001,20140125000000,42.541,9.4852,10,0,6,15.2,10,25,83,52,4.2,-999,0,481,1016
20148001,20140126000000,42.541,9.4852,10,0,3.9,16.8,9.2,28,62,46,3.2,-999,0,507,1009
20148001,20140127000000,42.541,9.4852,10,0,5.2,16.9,11,43,79,61,3.3,-999,1.4,179,591
20148001,20140128000000,42.541,9.4852,10,0,5.6,12.9,8.1,40,76,62,4.4,-999,0,470,973
20148001,20140129000000,42.541,9.4852,10,0,1.9,13.5,8.1,55,77,66,3.2,-999,1.8,203,609
20148001,20140130000000,42.541,9.4852,10,0,6.7,13.5,10.3,68,95,85,2.7,-999,1.6,8,457
20148001,20140131000000,42.541,9.4852,10,0,6.1,13.4,9.8,15,88,70,2.3,-999,0.8,2,404
20148001,20140201000000,42.541,9.4852,10,0,6.8,15.2,11.3,61,92,79,2.2,-999,7,29,397
20148001,20140202000000,42.541,9.4852,10,0,7.6,11.8,9.8,68,94,81,2.2,-999,1.4,0,252
20148001,20140203000000,42.541,9.4852,10,0,8.8,15.4,11,65,92,80,1.5,-999,0,138,661
20148001,20140204000000,42.541,9.4852,10,0,7,13.4,9.8,71,94,84,1.8,-999,1.6,24,416
20148001,20140205000000,42.541,9.4852,10,0,5.5,13.2,9.4,48,91,77,3.9,-999,3.6,115,522
20148001,20140206000000,42.541,9.4852,10,0,7.1,16,11.1,42,89,61,2.7,-999,0,568,1183
20148001,20140207000000,42.541,9.4852,10,0,5.6,16.2,11.6,45,90,72,3.3,-999,0,470,1167
20148001,20140208000000,42.541,9.4852,10,0,9.3,16.6,12.2,36,85,60,2.2,-999,0.6,307,826
20148001,20140209000000,42.541,9.4852,10,0,9.1,16.9,12,15,90,46,4.7,-999,5.2,416,1201
20148001,20140210000000,42.541,9.4852,10,0,7.6,16.2,11.6,46,94,80,2.4,-999,3.2,79,538
20148001,20140211000000,42.541,9.4852,10,0,8.3,14.4,10.5,63,93,79,2.6,-999,0.8,108,719
20148001,20140212000000,42.541,9.4852,10,0,6.7,16.2,10.4,38,83,61,3.1,-999,0,381,1094
20148001,20140213000000,42.541,9.4852,10,0,3.9,19,10.5,22,92,68,3.8,-999,0,222,894
20148001,20140214000000,42.541,9.4852,10,0,7.7,21,15.2,18,91,50,3.9,-999,0,529,1186
20148001,20140215000000,42.541,9.4852,10,0,5.6,15.9,11.7,71,94,86,1.6,-999,0,148,786
20148001,20140216000000,42.541,9.4852,10,0,8.3,15.9,12.4,74,92,86,1.9,-999,0,172,669
20148001,20140217000000,42.541,9.4852,10,0,10.2,17.3,13.5,64,94,81,1.8,-999,0,260,841
20148001,20140218000000,42.541,9.4852,10,0,10,15.3,13.6,73,94,85,2.9,-999,0,0,373
20148001,20140219000000,42.541,9.4852,10,0,10.8,18,13.2,64,96,88,1.1,-999,4.6,16,452
20148001,20140220000000,42.541,9.4852,10,0,8.7,15.1,11.7,59,96,81,2.5,-999,10.5,18,451
20148001,20140221000000,42.541,9.4852,10,0,9.8,15.8,12.6,-999,-999,75,2,-999,0.8,-999,-999
20148001,20140222000000,42.541,9.4852,10,0,5.2,17.3,11.3,24,90,57,3.7,-999,0,622,1519
20148001,20140223000000,42.541,9.4852,10,0,3.5,15.5,9.4,47,89,67,2.2,-999,0,604,1490
20148001,20140224000000,42.541,9.4852,10,0,3.6,14.2,8.5,43,82,66,2.4,-999,0,626,1521
20148001,20140225000000,42.541,9.4852,10,0,4.2,14.7,9.2,51,89,71,3,-999,0,519,1359
20148001,20140226000000,42.541,9.4852,10,0,6.5,16,10.5,49,89,73,2.1,-999,0.2,216,832
20148001,20140227000000,42.541,9.4852,10,0,7.2,15.7,10.4,32,79,61,3,-999,0,581,1644
20148001,20140228000000,42.541,9.4852,10,0,4.6,15.2,10.2,46,83,66,2.3,-999,0.4,395,1260
20148001,20140301000000,42.541,9.4852,10,0,7.3,12.4,9.2,49,79,67,2.6,-999,0.2,26,541
20148001,20140302000000,42.541,9.4852,10,0,6.6,12.8,8.8,53,90,73,2.4,-999,2.8,231,1121
20148001,20140303000000,42.541,9.4852,10,0,5,13.4,9.4,52,91,72,3.8,-999,1,303,998
20148001,20140304000000,42.541,9.4852,10,0,7.2,11,9,57,91,79,3.8,-999,19.8,0,197
20148001,20140305000000,42.541,9.4852,10,0,8.8,15.5,11,55,80,68,3.9,-999,0.2,66,708
20148001,20140306000000,42.541,9.4852,10,0,6.6,16.2,10.9,45,78,64,3.6,-999,0,139,840
20148001,20140307000000,42.541,9.4852,10,0,6,17.4,12.3,41,83,60,2.9,-999,0,637,1702
20148001,20140308000000,42.541,9.4852,10,0,6.5,17,11.7,38,80,63,3.3,-999,0,587,1576
20148001,20140309000000,42.541,9.4852,10,0,5.2,16.3,11,38,85,65,2.6,-999,0,648,1735
20148001,20140310000000,42.541,9.4852,10,0,5.5,15.3,11.3,52,80,64,4.4,-999,0,138,1001
20148001,20140311000000,42.541,9.4852,10,0,7.1,14.5,10.9,51,82,69,2,-999,0,209,965
20148001,20140312000000,42.541,9.4852,10,0,4.8,16.6,9.7,29,83,63,1.8,-999,0,649,1781
20148001,20140313000000,42.541,9.4852,10,0,4.2,17.7,10.5,30,81,59,1.9,-999,0,658,1775
20148001,20140314000000,42.541,9.4852,10,0,4,16.9,10.6,41,89,69,1.7,-999,0,559,1362
20148001,20140315000000,42.541,9.4852,10,0,5.2,17.7,12,43,91,72,1.8,-999,0,611,1770
20148001,20140316000000,42.541,9.4852,10,0,5.9,17.7,11.9,65,94,81,2,-999,0.2,622,1711
20148001,20140317000000,42.541,9.4852,10,0,6.9,17,12,69,96,83,1.5,-999,0,221,1389
20148001,20140318000000,42.541,9.4852,10,0,7.9,17.6,12.4,63,96,83,1.3,-999,0.2,284,1096
20148001,20140319000000,42.541,9.4852,10,0,6.9,17.3,12.1,66,95,83,1.6,-999,0,158,978
20148001,20140320000000,42.541,9.4852,10,0,6,16.6,11.6,66,97,85,1.9,-999,0.2,381,1495
20148001,20140321000000,42.541,9.4852,10,0,7.5,17,12.5,67,94,86,1.9,-999,0.2,250,1041
20148001,20140322000000,42.541,9.4852,10,0,9.2,17.5,13.2,64,96,83,1.9,-999,6.5,349,1356
20148001,20140323000000,42.541,9.4852,10,0,8.5,16.9,11.5,33,93,67,4,-999,3.2,450,1851
20148001,20140324000000,42.541,9.4852,10,0,5.9,15.7,11.7,22,62,41,4.6,-999,0,601,2024
20148001,20140325000000,42.541,9.4852,10,0,6.3,14,9.1,45,92,68,2.2,-999,3.2,29,777
20148001,20140326000000,42.541,9.4852,10,0,4.6,12.4,8.9,71,94,85,1.8,-999,49.7,22,716
20148001,20140327000000,42.541,9.4852,10,0,8.2,13.1,11.2,59,94,77,4.6,-999,5,0,254
20148001,20140328000000,42.541,9.4852,10,0,11.4,19.2,13.8,36,82,59,3.3,-999,0,694,2094
20148001,20140329000000,42.541,9.4852,10,0,6.2,17.4,12.1,56,92,76,3.3,-999,0,587,1797
20148001,20140330000000,42.541,9.4852,10,0,6.7,17.8,12.2,51,92,74,3,-999,0,647,2020
20148001,20140331000000,42.541,9.4852,10,0,7,18.6,12.8,42,90,68,2.1,-999,0.2,679,2131
20148001,20140401000000,42.541,9.4852,10,0,6.8,17,12.2,68,93,81,1.9,-999,0,288,1384
20148001,20140402000000,42.541,9.4852,10,0,8.1,17.4,12.9,68,94,84,3.4,-999,0,279,1467
20148001,20140403000000,42.541,9.4852,10,0,9.1,16.1,13.2,77,96,86,3.6,-999,14.1,8,776
20148001,20140404000000,42.541,9.4852,10,0,9.8,16.1,13,66,93,84,2.9,-999,1.6,100,897
20148001,20140405000000,42.541,9.4852,10,0,8.2,17.5,13.2,59,92,76,2.4,-999,0.2,7,502
20148001,20140406000000,42.541,9.4852,10,0,-999,-999,15.6,-999,-999,66,2.5,-999,0,368,1549
20148001,20140407000000,42.541,9.4852,10,0,9,22.1,16.7,41,92,65,2.1,-999,0,696,2218
20148001,20140408000000,42.541,9.4852,10,0,11.4,20.1,15.4,58,94,75,2.8,-999,0.2,606,2062
20148001,20140409000000,42.541,9.4852,10,0,8.1,19.1,13.8,64,95,82,2.2,-999,0,661,2319
20148001,20140410000000,42.541,9.4852,10,0,8.7,19,14.2,50,93,77,2.1,-999,0.2,703,2319
20148001,20140411000000,42.541,9.4852,10,0,9.4,18.4,14,66,94,83,1.9,-999,0,256,1525
20148001,20140412000000,42.541,9.4852,10,0,10.4,18.9,15.1,61,94,82,1.8,-999,0,455,2010
20148001,20140413000000,42.541,9.4852,10,0,10.8,19,14.7,66,94,83,1.5,-999,0.2,99,1312
20148001,20140414000000,42.541,9.4852,10,0,9.6,19.5,15,66,94,83,2.2,-999,0,692,2367
20148001,20140415000000,42.541,9.4852,10,0,12.2,19.6,14.3,50,90,72,2.8,-999,0,398,1817
20148001,20140416000000,42.541,9.4852,10,0,5.7,16.4,11.2,30,81,55,3.1,-999,0,557,2220
20148001,20140417000000,42.541,9.4852,10,0,7.4,18.9,13.5,27,54,41,5.2,-999,-999,749,2578
20148001,20140418000000,42.541,9.4852,10,0,9.8,19.8,14.5,28,82,52,2.8,-999,0,495,2075
20148001,20140419000000,42.541,9.4852,10,0,8.6,19.9,14.3,42,94,70,3.3,-999,-999,503,2143
20148001,20140420000000,42.541,9.4852,10,0,10.5,18.3,14.4,58,93,74,2.6,-999,0,314,1772
20148001,20140421000000,42.541,9.4852,10,0,9.2,18.8,14.7,65,95,84,2.2,-999,0,231,1421
20148001,20140422000000,42.541,9.4852,10,0,11.3,19.5,15.3,67,94,84,1.5,-999,0.2,218,1561
20148001,20140423000000,42.541,9.4852,10,0,9.2,23.1,17.6,43,94,62,3.6,-999,0,737,2577
20148001,20140424000000,42.541,9.4852,10,0,15.6,21.9,17.6,49,94,67,2.9,-999,0.2,757,2546
20148001,20140425000000,42.541,9.4852,10,0,10.2,19.1,15.3,70,94,83,1.8,-999,0,277,1658
20148001,20140426000000,42.541,9.4852,10,0,12.8,21.3,16.8,57,94,76,2.3,-999,0,714,2540
20148001,20140427000000,42.541,9.4852,10,0,11.7,18,14.6,59,92,81,2.8,-999,5.7,8,647
20148001,20140428000000,42.541,9.4852,10,0,10.4,19.2,14.4,53,92,75,2.9,-999,16.7,364,1600
20148001,20140429000000,42.541,9.4852,10,0,9.8,21.1,15.3,48,92,72,3.3,-999,0,526,2361
20148001,20140430000000,42.541,9.4852,10,0,11.1,20,15.6,58,85,74,2.5,-999,0,560,2376
20148001,20140501000000,42.541,9.4852,10,0,9,19.5,15.2,50,90,72,2.2,-999,0,604,2241
20148001,20140502000000,42.541,9.4852,10,0,10.3,19,13.1,68,94,87,1.9,-999,40.9,68,775
20148001,20140503000000,42.541,9.4852,10,0,10.4,19.1,15.6,58,94,72,3.2,-999,0.4,64,973
20148001,20140504000000,42.541,9.4852,10,0,12.5,20.2,16.3,-999,-999,63,2.5,-999,0,597,2505
20148001,20140505000000,42.541,9.4852,10,0,9.1,20.6,15.6,42,86,64,2.3,-999,0,796,2786
20148001,20140506000000,42.541,9.4852,10,0,12,-999,16.3,-999,-999,72,3,-999,-999,636,2430
20148001,20140507000000,42.541,9.4852,10,0,-999,-999,15.8,-999,-999,79,2.3,-999,-999,-999,-999
20148001,20140508000000,42.541,9.4852,10,0,10.5,21.3,16.4,-999,-999,79,1.8,-999,0.2,-999,2616
20148001,20140509000000,42.541,9.4852,10,0,10.8,21.2,16.8,61,94,81,1.8,-999,0,710,2611
20148001,20140510000000,42.541,9.4852,10,0,14.6,21.7,18.1,60,94,80,2.1,-999,0.2,575,2610
20148001,20140511000000,42.541,9.4852,10,0,13.6,23.8,18.4,9,93,73,3.3,-999,0,227,1433
20148001,20140512000000,42.541,9.4852,10,0,11.4,22.8,17.2,11,88,61,2.6,-999,0,698,2510
20148001,20140513000000,42.541,9.4852,10,0,9.7,21,16.5,-999,-999,63,3.4,-999,0,-999,-999
20148001,20140514000000,42.541,9.4852,10,0,14.3,23.5,18.9,17,61,35,4.5,-999,0,812,2983
20148001,20140515000000,42.541,9.4852,10,0,13.1,20.9,17.6,23,54,39,4.4,-999,0,816,2966
20148001,20140516000000,42.541,9.4852,10,0,12.5,24.5,18.5,20,48,30,5.6,-999,0,657,2831
20148001,20140517000000,42.541,9.4852,10,0,10.2,21,16.1,35,89,64,2.3,-999,0,663,2666
20148001,20140518000000,42.541,9.4852,10,0,8.2,20.4,16.3,59,92,76,5.8,-999,0.2,753,2739
20148001,20140519000000,42.541,9.4852,10,0,15,16.8,15.9,69,93,86,3.9,-999,5.6,0,312
20148001,20140520000000,42.541,9.4852,10,0,15.7,21.3,17.3,-999,-999,88,2.6,-999,-999,-999,-999
20148001,20140521000000,42.541,9.4852,10,0,11.7,21.7,17.5,66,97,82,4.9,-999,0,616,2659
20148001,20140522000000,42.541,9.4852,10,0,13.2,22.6,18.1,66,94,85,4,-999,0,160,1550
20148001,20140523000000,42.541,9.4852,10,0,17.2,-999,18.5,-999,-999,81,2.8,-999,-999,-999,2132
20148001,20140524000000,42.541,9.4852,10,0,-999,23,17.3,-999,-999,74,2.2,-999,-999,-999,-999
20148001,20140525000000,42.541,9.4852,10,0,11.3,24.4,18.7,36,91,64,2.3,-999,0,509,2149
20148001,20140526000000,42.541,9.4852,10,0,15,25.2,19.3,38,81,60,3,-999,0,485,2142
20148001,20140527000000,42.541,9.4852,10,0,9.8,22.4,17.1,42,89,65,2.5,-999,0,-999,-999
20148001,20140528000000,42.541,9.4852,10,0,10.4,-999,17.1,-999,-999,64,2.9,-999,0,-999,-999
20148001,20140529000000,42.541,9.4852,10,0,11.1,22.9,17.3,46,87,66,2.9,-999,0,-999,2618
20148001,20140530000000,42.541,9.4852,10,0,12.3,23.4,18.3,60,91,74,2.6,-999,0,-999,-999
20148001,20140531000000,42.541,9.4852,10,0,11.8,22.5,16.9,58,92,81,2.1,-999,5.1,-999,1682
20148001,20140601000000,42.541,9.4852,10,0,12.3,24,18.4,29,94,62,2.2,-999,0,826,2994
20148001,20140602000000,42.541,9.4852,10,0,11.8,24.3,18.9,42,89,65,2.2,-999,0,844,3007
20148001,20140603000000,42.541,9.4852,10,0,13,24.7,19.5,46,89,67,2.6,-999,0,805,2863
20148001,20140604000000,42.541,9.4852,10,0,14.4,25.1,19.7,54,88,69,2.7,-999,0,751,2794
20148001,20140605000000,42.541,9.4852,10,0,13.4,25.4,19.9,48,91,73,2.1,-999,0,765,2825
20148001,20140606000000,42.541,9.4852,10,0,14.3,24.8,20,55,91,75,2.2,-999,0,740,2795
20148001,20140607000000,42.541,9.4852,10,0,14.6,27.3,21.3,34,92,66,1.9,-999,0,817,-999
20148001,20140608000000,42.541,9.4852,10,0,14.6,29.8,23.1,27,85,59,2.1,-999,0,837,2987
20148001,20140609000000,42.541,9.4852,10,0,17.5,31.9,25.3,28,74,51,2.4,-999,0,844,2975
20148001,20140610000000,42.541,9.4852,10,0,18,31.5,24.9,29,75,49,2.2,-999,0,887,2800
20148001,20140611000000,42.541,9.4852,10,0,19,31.4,25.3,33,82,56,1.8,-999,0,839,2944
20148001,20140612000000,42.541,9.4852,10,0,18.1,30.5,25.4,-999,-999,56,2,-999,0,847,2917
20148001,20140613000000,42.541,9.4852,10,0,-999,-999,25.2,-999,-999,63,2.2,-999,-999,-999,-999
20148001,20140614000000,42.541,9.4852,10,0,18.5,28.6,23.5,53,92,71,2.7,-999,9.8,-999,-999
20148001,20140615000000,42.541,9.4852,10,0,17.4,22.7,19.7,69,93,83,2.3,-999,9.3,38,862
20148001,20140616000000,42.541,9.4852,10,0,17.7,24.3,20.1,53,93,74,3.6,-999,8.4,426,2573
20148001,20140617000000,42.541,9.4852,10,0,16.1,25,21.3,45,92,63,2.9,-999,0,-999,-999
20148001,20140618000000,42.541,9.4852,10,0,16.4,25.9,21.5,36,80,53,2.7,-999,0,452,2064
20148001,20140619000000,42.541,9.4852,10,0,18.7,27.2,22.6,35,69,51,3.9,-999,0,555,2386
20148001,20140620000000,42.541,9.4852,10,0,17.7,26.4,21.9,39,88,62,2.6,-999,0,849,2974
20148001,20140621000000,42.541,9.4852,10,0,15,26.6,21.8,56,89,73,2.2,-999,0,756,2966
20148001,20140622000000,42.541,9.4852,10,0,18.1,27.2,23,-999,-999,75,2,-999,0,-999,-999
20148001,20140623000000,42.541,9.4852,10,0,18.2,26.7,22.5,66,93,82,2.9,-999,0.2,418,1616
20148001,20140624000000,42.541,9.4852,10,0,17.7,27.5,-999,55,94,-999,2.3,-999,0,628,2555
20148001,20140625000000,42.541,9.4852,10,0,18.7,28.3,23.2,51,94,74,2.5,-999,0.8,635,2606
20148001,20140626000000,42.541,9.4852,10,0,17.2,24.5,20.2,64,91,80,2.3,-999,0.4,131,1109
20148001,20140627000000,42.541,9.4852,10,0,16.1,27,22.1,55,91,74,2.4,-999,0,777,2872
20148001,20140628000000,42.541,9.4852,10,0,16.6,27.4,22.8,46,88,67,3.2,-999,0,850,2949
20148001,20140629000000,42.541,9.4852,10,0,15.9,27.3,22.5,44,91,75,3.3,-999,1,494,2379
20148001,20140630000000,42.541,9.4852,10,0,17.1,29.3,24.1,29,66,47,3.9,-999,0,796,2908
20148001,20140701000000,42.541,9.4852,10,0,17.5,26.2,21.8,43,86,64,2.5,-999,0,599,2495
20148001,20140702000000,42.541,9.4852,10,0,16.4,26.5,22,48,91,73,3.6,-999,0,808,2962
20148001,20140703000000,42.541,9.4852,10,0,16.9,26.6,22.4,60,94,78,2.7,-999,0,659,2689
20148001,20140704000000,42.541,9.4852,10,0,17.7,28.2,23.1,40,92,73,2.9,-999,0,313,1790
20148001,20140705000000,42.541,9.4852,10,0,17.7,27.9,23.1,61,89,75,2.8,-999,0,598,2457
20148001,20140706000000,42.541,9.4852,10,0,17.8,27.5,23.1,60,89,72,2.3,-999,0,622,2588
20148001,20140707000000,42.541,9.4852,10,0,18.4,25.8,22.3,68,91,83,3.2,-999,26,209,1178
20148001,20140708000000,42.541,9.4852,10,0,17.9,28.3,23.5,26,92,53,2.9,-999,0,-999,-999
20148001,20140709000000,42.541,9.4852,10,0,16.5,27.9,23.4,24,64,40,3,-999,0.4,754,2858
20148001,20140710000000,42.541,9.4852,10,0,16.5,26.1,20.9,35,81,58,2.5,-999,0,532,2505
20148001,20140711000000,42.541,9.4852,10,0,16.1,26.3,22,35,84,58,2.5,-999,0,834,2974
20148001,20140712000000,42.541,9.4852,10,0,17.2,26.3,21.4,-999,-999,74,3.2,-999,-999,376,2064
20148001,20140713000000,42.541,9.4852,10,0,15.4,25.5,20.9,54,87,71,2.3,-999,1.4,344,1584
20148001,20140714000000,42.541,9.4852,10,0,15.6,-999,20.4,-999,-999,75,2.1,-999,4.4,-999,-999
20148001,20140715000000,42.541,9.4852,10,0,17.2,27.8,22.6,43,88,70,1.9,-999,0.2,823,2922
20148001,20140716000000,42.541,9.4852,10,0,17.9,30.8,25.2,37,90,59,2.4,-999,-999,834,-999
20148001,20140717000000,42.541,9.4852,10,0,-999,-999,-999,-999,-999,-999,2.7,-999,0,831,2836
20148001,20140718000000,42.541,9.4852,10,0,19,29.3,24.7,44,87,65,1.9,-999,0,833,2886
20148001,20140719000000,42.541,9.4852,10,0,18,30.3,25.3,40,-999,66,1.9,-999,0,-999,-999
20148001,20140720000000,42.541,9.4852,10,0,20.4,27.6,-999,61,90,-999,3.2,-999,0.2,264,1310
20148001,20140721000000,42.541,9.4852,10,0,19.5,30.4,23.8,31,92,70,2.8,-999,6.9,487,2260
20148001,20140722000000,42.541,9.4852,10,0,18.2,26.8,22.6,50,91,70,3.4,-999,3.3,630,2600
20148001,20140723000000,42.541,9.4852,10,0,17.7,28.4,23.6,45,87,64,2.1,-999,0,734,2710
20148001,20140724000000,42.541,9.4852,10,0,18.9,28.1,23.8,53,89,71,2.2,-999,0,372,1859
20148001,20140725000000,42.541,9.4852,10,0,19,27.7,22.5,57,93,81,2.2,-999,15.2,404,1878
20148001,20140726000000,42.541,9.4852,10,0,19.1,27.4,22.8,66,93,82,2.1,-999,30.8,407,1843
20148001,20140727000000,42.541,9.4852,10,0,19.3,29.8,24.3,39,86,62,3,-999,0,782,2712
20148001,20140728000000,42.541,9.4852,10,0,19.4,28.9,24.7,44,82,62,2.6,-999,0.2,734,2743
20148001,20140729000000,42.541,9.4852,10,0,19.7,25.6,21.7,56,95,74,2.4,-999,4.5,36,1014
20148001,20140730000000,42.541,9.4852,10,0,15,26.4,20.1,50,92,75,2,-999,0.4,263,1636
20148001,20140731000000,42.541,9.4852,10,0,15.9,26.8,22.4,57,90,73,2,-999,0,794,2668
20148001,20140801000000,42.541,9.4852,10,0,19.8,-999,23.7,-999,-999,76,2.4,-999,-999,-999,2593
20148001,20140802000000,42.541,9.4852,10,0,18.8,27.9,23.7,55,92,76,2.3,-999,0,605,2296
20148001,20140803000000,42.541,9.4852,10,0,19.3,27.3,23,63,92,80,1.8,-999,23.4,350,1500
20148001,20140804000000,42.541,9.4852,10,0,20,27.8,24.1,61,93,78,1.8,-999,0,633,2262
20148001,20140805000000,42.541,9.4852,10,0,20.1,29,24.3,52,94,70,3.1,-999,0,706,2372
20148001,20140806000000,42.541,9.4852,10,0,-999,-999,23.9,-999,-999,61,2.4,-999,-999,-999,-999
20148001,20140807000000,42.541,9.4852,10,0,18.8,27.8,23.8,57,88,73,2,-999,-999,681,2446
20148001,20140808000000,42.541,9.4852,10,0,-999,-999,24,-999,-999,80,1.8,-999,-999,-999,-999
20148001,20140809000000,42.541,9.4852,10,0,20.4,28.4,24.6,62,92,81,2.5,-999,0,758,2371
20148001,20140810000000,42.541,9.4852,10,0,19.6,28.3,24,65,94,82,3.2,-999,0,648,2268
20148001,20140811000000,42.541,9.4852,10,0,19.7,28.7,24.6,66,94,82,1.9,-999,0,551,2142
20148001,20140812000000,42.541,9.4852,10,0,-999,-999,-999,-999,-999,-999,2.3,-999,-999,-999,-999
20148001,20140813000000,42.541,9.4852,10,0,-999,29.3,-999,-999,-999,-999,1.7,-999,-999,-999,-999
20148001,20140814000000,42.541,9.4852,10,0,19.8,-999,24.5,-999,-999,-999,3,-999,0,-999,-999
20148001,20140815000000,42.541,9.4852,10,0,-999,27.9,23.7,-999,-999,-999,3.6,-999,-999,-999,-999
20148001,20140816000000,42.541,9.4852,10,0,18,27.7,22.6,30,79,48,3.5,-999,0,694,2285
20148001,20140817000000,42.541,9.4852,10,0,17,26.4,21.6,34,79,58,2.2,-999,0,764,2491
20148001,20140818000000,42.541,9.4852,10,0,16,26.3,21.5,52,87,69,2.1,-999,0,494,2105
20148001,20140819000000,42.541,9.4852,10,0,17.4,27.1,22.6,64,92,79,3.1,-999,0,442,2017
20148001,20140820000000,42.541,9.4852,10,0,18.8,28.8,23.6,53,90,72,2.1,-999,0,680,2220
20148001,20140821000000,42.541,9.4852,10,0,19.1,28.3,23.4,56,89,73,2.3,-999,0,495,1971
20148001,20140822000000,42.541,9.4852,10,0,18.2,27.4,23,59,86,72,2.3,-999,0,570,2199
20148001,20140823000000,42.541,9.4852,10,0,19.6,29.5,23.1,44,89,70,2.5,-999,0,383,1717
20148001,20140824000000,42.541,9.4852,10,0,16.5,27.7,22.4,36,83,60,2.8,-999,0,592,2133
20148001,20140825000000,42.541,9.4852,10,0,16.5,26.5,21.7,49,86,69,3.2,-999,0,559,2082
20148001,20140826000000,42.541,9.4852,10,0,17.5,27.5,22.5,53,91,73,2.5,-999,0,748,2288
20148001,20140827000000,42.541,9.4852,10,0,17.8,31.4,23.9,39,91,75,1.9,-999,0,519,1811
20148001,20140828000000,42.541,9.4852,10,0,19.5,27.7,23.1,62,92,77,2,-999,0,563,1873
20148001,20140829000000,42.541,9.4852,10,0,18.3,28.5,23.5,54,89,71,1.5,-999,0,743,2188
20148001,20140830000000,42.541,9.4852,10,0,19.2,28,23.6,53,89,73,1.7,-999,0,659,2122
20148001,20140831000000,42.541,9.4852,10,0,18.9,28.1,22.9,62,92,80,1.7,-999,0,379,1633
20148001,20140901000000,42.541,9.4852,10,0,16.8,27.4,22.7,26,92,57,4.6,-999,0,576,2103
20148001,20140902000000,42.541,9.4852,10,0,17,28.3,22.4,31,75,51,3.7,-999,0,740,2269
20148001,20140903000000,42.541,9.4852,10,0,15.3,25.8,20.7,49,82,66,3.2,-999,0,732,2214
20148001,20140904000000,42.541,9.4852,10,0,16.3,28,22.4,42,83,62,2.6,-999,0,620,1969
20148001,20140905000000,42.541,9.4852,10,0,18.1,28,23.6,47,73,59,2.7,-999,0,661,2110
20148001,20140906000000,42.541,9.4852,10,0,18.8,28.4,23.2,42,85,65,2.2,-999,0,686,1993
20148001,20140907000000,42.541,9.4852,10,0,18.5,27.4,22.9,57,90,72,2,-999,0,681,2005
20148001,20140908000000,42.541,9.4852,10,0,18.6,27.6,23.2,55,90,75,2.2,-999,0,707,2000
20148001,20140909000000,42.541,9.4852,10,0,18.9,27.6,23,62,91,80,2.2,-999,0,551,1771
20148001,20140910000000,42.541,9.4852,10,0,18.2,27.9,21.9,57,91,80,1.8,-999,1.6,390,1415
20148001,20140911000000,42.541,9.4852,10,0,18.5,25.2,20.8,67,93,82,2.1,-999,0.2,114,923
20148001,20140912000000,42.541,9.4852,10,0,15.6,26.2,19.6,52,92,78,2.6,-999,0.8,489,1580
20148001,20140913000000,42.541,9.4852,10,0,14.9,25.9,20.3,50,87,68,2.9,-999,0,674,1977
20148001,20140914000000,42.541,9.4852,10,0,16,26.4,21,50,89,72,2,-999,0,641,1899
20148001,20140915000000,42.541,9.4852,10,0,16.6,25.8,20.4,54,93,76,1.7,-999,0,119,959
20148001,20140916000000,42.541,9.4852,10,0,16.4,26,20.7,63,93,80,1.8,-999,0,370,1313
20148001,20140917000000,42.541,9.4852,10,0,16.5,25.6,21.5,68,94,83,2.6,-999,0.4,270,1148
20148001,20140918000000,42.541,9.4852,10,0,17.8,26.7,23,60,95,84,4,-999,1.6,306,1401
20148001,20140919000000,42.541,9.4852,10,0,23,28,24.5,76,94,89,2.7,-999,0.4,209,1113
20148001,20140920000000,42.541,9.4852,10,0,20.1,28.9,24,63,94,84,1.7,-999,0.2,569,1574
20148001,20140921000000,42.541,9.4852,10,0,18.2,28.9,22.7,52,92,77,2,-999,0,590,1715
20148001,20140922000000,42.541,9.4852,10,0,15.1,28.8,21.7,39,86,66,2.1,-999,0,588,1685
20148001,20140923000000,42.541,9.4852,10,0,16.3,24.8,20,30,84,59,2.1,-999,0,190,987
20148001,20140924000000,42.541,9.4852,10,0,17.1,24.9,19.8,27,75,54,2.2,-999,0,97,853
20148001,20140925000000,42.541,9.4852,10,0,15.6,25.3,19.6,49,85,72,2.6,-999,0,308,1180
20148001,20140926000000,42.541,9.4852,10,0,14.8,25,19.2,32,89,62,2.4,-999,0,668,1818
20148001,20140927000000,42.541,9.4852,10,0,13.7,26,19.7,31,88,63,2.2,-999,0,671,1764
20148001,20140928000000,42.541,9.4852,10,0,14.2,26.1,19.6,52,89,71,2,-999,0,660,1759
20148001,20140929000000,42.541,9.4852,10,0,12.9,25.9,19.8,54,84,71,3.9,-999,0,663,1736
20148001,20140930000000,42.541,9.4852,10,0,14.7,25.7,20.4,58,92,78,3.1,-999,0.2,397,1388
20148001,20141001000000,42.541,9.4852,10,0,16,27.6,21.2,57,92,78,2.7,-999,0,266,1063
20148001,20141002000000,42.541,9.4852,10,0,17.7,25.3,21.3,46,92,69,3,-999,0,426,1342
20148001,20141003000000,42.541,9.4852,10,0,15.3,24.2,19.3,48,87,69,2.5,-999,0,571,1547
20148001,20141004000000,42.541,9.4852,10,0,13.9,24.4,18.5,46,83,68,2.8,-999,0,628,1644
20148001,20141005000000,42.541,9.4852,10,0,13.4,25,18.6,40,79,65,2.8,-999,0,635,1544
20148001,20141006000000,42.541,9.4852,10,0,14.5,24.6,18.7,50,91,72,2.1,-999,0,323,1006
20148001,20141007000000,42.541,9.4852,10,0,13.9,23.7,18.9,65,92,82,2.6,-999,0,217,949
20148001,20141008000000,42.541,9.4852,10,0,14.7,26.6,20.7,58,92,80,3.6,-999,0,560,1492
20148001,20141009000000,42.541,9.4852,10,0,17.7,25.9,22.1,76,93,86,5,-999,0,310,1096
20148001,20141010000000,42.541,9.4852,10,0,18.5,26.5,22.7,72,91,86,4.1,-999,0,375,1212
20148001,20141011000000,42.541,9.4852,10,0,17.7,27.1,21.8,66,92,84,2,-999,0,305,1135
20148001,20141012000000,42.541,9.4852,10,0,16.9,26.1,21.4,60,94,86,2,-999,0,300,1031
20148001,20141013000000,42.541,9.4852,10,0,17.2,27.3,21.4,61,93,84,2.2,-999,0.2,114,687
20148001,20141014000000,42.541,9.4852,10,0,17.2,25.8,21.1,60,92,80,2,-999,0,298,1082
20148001,20141015000000,42.541,9.4852,10,0,16.7,27.3,21.2,44,91,75,1.8,-999,0.2,339,1143
20148001,20141016000000,42.541,9.4852,10,0,16.4,25.6,20.3,63,90,81,1.8,-999,0,335,1019
20148001,20141017000000,42.541,9.4852,10,0,15.3,27.2,20.5,47,91,76,2,-999,0,566,1221
20148001,20141018000000,42.541,9.4852,10,0,15.9,26.1,20.4,57,92,79,1.8,-999,0.2,470,1233
20148001,20141019000000,42.541,9.4852,10,0,15.9,26,20,56,94,80,1.8,-999,0.2,561,1317
20148001,20141020000000,42.541,9.4852,10,0,15.5,24.8,19.3,62,94,80,1.7,-999,0.2,440,1154
20148001,20141021000000,42.541,9.4852,10,0,14.5,25.5,19.9,34,94,75,2.3,-999,0,457,1228
20148001,20141022000000,42.541,9.4852,10,0,16.4,22.2,19.5,15,61,29,7.4,-999,0,439,1140
20148001,20141023000000,42.541,9.4852,10,0,15.4,24.5,19.5,15,53,33,5.2,-999,0,611,1371
20148001,20141024000000,42.541,9.4852,10,0,14.7,24.7,18.5,28,79,52,2.8,-999,0,603,1298
20148001,20141025000000,42.541,9.4852,10,0,12,23.1,17.1,43,85,63,2.1,-999,0,579,1239
20148001,20141026000000,42.541,9.4852,10,0,12.2,20.2,14.9,44,85,69,1.9,-999,0,173,742
20148001,20141027000000,42.541,9.4852,10,0,9.1,19.1,14,46,85,67,2,-999,0,486,1103
20148001,20141028000000,42.541,9.4852,10,0,8.8,19.6,14,47,87,69,1.9,-999,0,272,928
20148001,20141029000000,42.541,9.4852,10,0,10.7,20.8,15.1,50,88,70,2.2,-999,0,463,1092
20148001,20141030000000,42.541,9.4852,10,0,11.1,20.9,15.1,46,87,71,2.6,-999,0,564,1151
20148001,20141031000000,42.541,9.4852,10,0,9.5,21.7,14.4,41,86,66,2.3,-999,0,588,1198
20148001,20141101000000,42.541,9.4852,10,0,9.8,22.5,14.6,31,71,55,2.2,-999,0,590,1198
20148001,20141102000000,42.541,9.4852,10,0,10.4,21.5,14.6,35,86,60,2.6,-999,0,583,1176
20148001,20141103000000,42.541,9.4852,10,0,9.5,21,15.1,55,85,71,3.1,-999,0,513,1081
20148001,20141104000000,42.541,9.4852,10,0,11,22.9,19.2,47,92,70,5.8,-999,2.6,358,862
20148001,20141105000000,42.541,9.4852,10,0,15.2,21.3,17.3,58,90,76,2.4,-999,1.6,68,491
20148001,20141106000000,42.541,9.4852,10,0,12.9,19.5,15.1,55,92,79,2.1,-999,3.8,72,527
20148001,20141107000000,42.541,9.4852,10,0,11.5,20.2,15.7,53,87,68,3.3,-999,0,212,661
20148001,20141108000000,42.541,9.4852,10,0,11.8,22,15.9,36,82,61,2.8,-999,0,546,985
20148001,20141109000000,42.541,9.4852,10,0,10.5,19,15.4,52,87,71,2.7,-999,0.2,153,417
20148001,20141110000000,42.541,9.4852,10,0,13.6,20.8,17.2,59,93,79,2.3,-999,21.6,95,324
20148001,20141111000000,42.541,9.4852,10,0,13.9,18.6,15.6,69,94,88,2,-999,38,68,379
20148001,20141112000000,42.541,9.4852,10,0,13.3,20.1,15.4,64,94,86,1.7,-999,3.6,146,539
20148001,20141113000000,42.541,9.4852,10,0,8.8,20.6,14.4,51,92,76,2.4,-999,0,505,963
20148001,20141114000000,42.541,9.4852,10,0,11.6,20.1,14.9,49,90,74,2.7,-999,0,401,793
20148001,20141115000000,42.541,9.4852,10,0,11.2,21.2,14.7,60,92,78,2.8,-999,2.6,56,365
20148001,20141116000000,42.541,9.4852,10,0,9.2,17.2,13.2,50,83,64,2.8,-999,0,28,221
20148001,20141117000000,42.541,9.4852,10,0,9.3,16.3,12.2,56,89,72,2.4,-999,4.8,26,285
20148001,20141118000000,42.541,9.4852,10,0,7.9,20.7,14.5,35,85,58,3.3,-999,0,496,1042
20148001,20141119000000,42.541,9.4852,10,0,7.7,20.8,13.4,36,81,63,2.3,-999,0,539,943
20148001,20141120000000,42.541,9.4852,10,0,10.1,19.3,13.7,53,90,71,2.8,-999,0,526,865
20148001,20141121000000,42.541,9.4852,10,0,10.4,20.3,14.5,51,91,76,2.1,-999,0,326,725
20148001,20141122000000,42.541,9.4852,10,0,10.4,19.9,15.2,70,93,86,1.4,-999,0,183,560
20148001,20141123000000,42.541,9.4852,10,0,13.9,18.8,16.8,83,93,88,2.9,-999,0,2,286
20148001,20141124000000,42.541,9.4852,10,0,13.5,20.1,16.6,76,95,90,1.3,-999,0.2,116,470
20148001,20141125000000,42.541,9.4852,10,0,13.8,20.3,16.4,68,95,88,1.4,-999,13.9,91,461
20148001,20141126000000,42.541,9.4852,10,0,13,17.7,14.9,82,95,92,0.8,-999,4.4,8,245
20148001,20141127000000,42.541,9.4852,10,0,11.7,19.2,14.9,71,95,88,1.5,-999,64.4,397,763
20148001,20141128000000,42.541,9.4852,10,0,13,18.7,16.8,-999,-999,88,6.5,-999,66.4,-999,-999
20148001,20141129000000,42.541,9.4852,10,0,14,19.1,17.4,75,95,88,2.6,-999,2.6,0,237
20148001,20141130000000,42.541,9.4852,10,0,16.1,19,17.7,80,95,91,1.1,-999,6.4,0,212
20148001,20141201000000,42.541,9.4852,10,0,12.7,18.6,14.4,58,94,83,1.6,-999,3.2,53,396
20148001,20141202000000,42.541,9.4852,10,0,10.3,18.5,13,65,95,87,1.7,-999,2.4,256,583
20148001,20141203000000,42.541,9.4852,10,0,10.4,17.9,13.6,64,91,81,2.7,-999,0.2,307,656
20148001,20141204000000,42.541,9.4852,10,0,10.6,18.1,13.3,62,93,84,1.5,-999,0.4,277,605
20148001,20141205000000,42.541,9.4852,10,0,10,17.4,12.3,68,94,89,1.6,-999,2,97,420
20148001,20141206000000,42.541,9.4852,10,0,8.2,18.1,12.4,36,92,65,3.1,-999,1,448,778
20148001,20141207000000,42.541,9.4852,10,0,8.5,16.2,11.3,47,90,69,3,-999,4.2,174,581
20148001,20141208000000,42.541,9.4852,10,0,8.1,15.9,11.3,58,88,77,2.1,-999,-999,333,663
20148001,20141209000000,42.541,9.4852,10,0,8,12.9,11.1,52,88,66,5.6,-999,2.4,0,114
20148001,20141210000000,42.541,9.4852,10,0,7,14.7,10.8,44,74,56,3.5,-999,0,456,753
20148001,20141211000000,42.541,9.4852,10,0,6.2,16.1,10,38,81,61,2.7,-999,0,504,773
20148001,20141212000000,42.541,9.4852,10,0,4.5,15.6,9.6,52,87,73,2.6,-999,0,447,633
20148001,20141213000000,42.541,9.4852,10,0,6.4,18.1,10.3,53,93,79,2,-999,0,386,668
20148001,20141214000000,42.541,9.4852,10,0,6.7,16.9,11.6,61,91,78,2.4,-999,0,163,487
20148001,20141215000000,42.541,9.4852,10,0,9.5,17.9,12.5,70,93,86,2.2,-999,6.4,66,381
20148001,20141216000000,42.541,9.4852,10,0,9.6,11.9,10.7,82,94,90,1.7,-999,25.2,2,122
20148001,20141217000000,42.541,9.4852,10,0,9.3,17,12.3,63,93,83,1.3,-999,0,430,700
20148001,20141218000000,42.541,9.4852,10,0,8.9,17.9,12.5,60,92,80,1.9,-999,0,478,719
20148001,20141219000000,42.541,9.4852,10,0,9.4,17.8,12.1,57,92,78,2.3,-999,0,407,677
20148001,20141220000000,42.541,9.4852,10,0,9,17.5,12.2,64,92,80,2.3,-999,0,433,634
20148001,20141221000000,42.541,9.4852,10,0,7.1,17.6,11.3,65,92,81,2,-999,0.2,465,690
20148001,20141222000000,42.541,9.4852,10,0,8.5,17.6,11,53,92,75,2.9,-999,0,443,713
20148001,20141223000000,42.541,9.4852,10,0,7.6,16.5,12.2,51,81,68,3.3,-999,0,69,373
20148001,20141224000000,42.541,9.4852,10,0,10,16.9,12.2,50,76,66,3.2,-999,0,184,543
20148001,20141225000000,42.541,9.4852,10,0,7.9,16.5,10.8,49,85,69,2.9,-999,0,482,749
20148001,20141226000000,42.541,9.4852,10,0,7.1,15,9.4,33,77,63,3.7,-999,0,227,421
20148001,20141227000000,42.541,9.4852,10,0,3.7,12.7,8.7,37,89,60,4,-999,5,0,289
20148001,20141228000000,42.541,9.4852,10,0,4.8,10.4,8.1,36,84,57,4.6,-999,2.8,143,314
20148001,20141229000000,42.541,9.4852,10,0,3.6,9.7,7.1,28,57,42,5,-999,0.6,496,783
20148001,20141230000000,42.541,9.4852,10,0,2.1,8.1,4.7,32,81,61,2.7,-999,0.2,343,675
20148001,20141231000000,42.541,9.4852,10,0,0.6,6.5,3.8,38,80,60,5.8,-999,0,0,149
20148001,20150101000000,42.541,9.4852,10,0,1.5,11.2,6.4,38,77,57,3.2,-999,0,508,780
20148001,20150102000000,42.541,9.4852,10,0,3.1,16,8.2,42,88,71,2.1,-999,0,511,771
20148001,20150103000000,42.541,9.4852,10,0,5,15.4,9.6,61,93,80,1.8,-999,0,483,723
20148001,20150104000000,42.541,9.4852,10,0,6.5,18.1,12,18,91,65,2.5,-999,0,493,792
20148001,20150105000000,42.541,9.4852,10,0,4.4,14.5,8.5,44,78,62,3.1,-999,0,430,737
20148001,20150106000000,42.541,9.4852,10,0,3.3,15.4,8.6,38,86,65,2.2,-999,0,513,812
20148001,20150107000000,42.541,9.4852,10,0,5.4,15.1,9.8,55,88,73,2.9,-999,0,379,706
20148001,20150108000000,42.541,9.4852,10,0,7.5,16.8,10.3,50,84,71,2.8,-999,0,426,-999
20148001,20150109000000,42.541,9.4852,10,0,4.3,15.7,9.2,54,91,79,2.2,-999,0,470,748
20148001,20150110000000,42.541,9.4852,10,0,5.7,16.4,10.1,61,93,81,1.8,-999,0.2,337,642
20148001,20150111000000,42.541,9.4852,10,0,6.1,19.6,11.9,37,92,71,3,-999,0,435,782
20148001,20150112000000,42.541,9.4852,10,0,5.2,17,9.7,26,84,57,2.5,-999,0,517,858
20148001,20150113000000,42.541,9.4852,10,0,4.8,14.8,9.3,41,90,69,2.1,-999,0,411,743
20148001,20150114000000,42.541,9.4852,10,0,6.5,15.7,9.3,54,92,76,2.4,-999,0,511,837
20148001,20150115000000,42.541,9.4852,10,0,4.1,17.4,9.4,57,94,78,1.5,-999,0.2,351,700
20148001,20150116000000,42.541,9.4852,10,0,5.9,16,11.1,-999,-999,86,1.4,-999,0,-999,441
20148001,20150117000000,42.541,9.4852,10,0,8.2,15.2,12.1,36,92,55,3.4,-999,0,65,371
20148001,20150118000000,42.541,9.4852,10,0,5,14.7,9,32,78,54,3.1,-999,0,489,898
20148001,20150119000000,42.541,9.4852,10,0,4.4,13.6,7.9,43,83,67,0.9,-999,0,474,798
20148001,20150120000000,42.541,9.4852,10,0,5.1,12.3,8.3,61,93,82,0.7,-999,3,0,296
20148001,20150121000000,42.541,9.4852,10,0,4.7,14.3,9.1,60,94,79,3.1,-999,0.2,308,735
20148001,20150122000000,42.541,9.4852,10,0,5.2,11.8,8.8,71,96,84,2.5,-999,11.7,156,504
20148001,20150123000000,42.541,9.4852,10,0,8.3,15.6,12.4,52,78,66,4.1,-999,0,266,700
20148001,20150124000000,42.541,9.4852,10,0,7.2,14.9,10.2,51,84,69,2.4,-999,0,443,861
20148001,20150125000000,42.541,9.4852,10,0,4.9,11.2,8.7,42,83,63,4,-999,0,0,206
20148001,20150126000000,42.541,9.4852,10,0,6.1,11.2,8,44,66,55,3.8,-999,0,422,914
20148001,20150127000000,42.541,9.4852,10,0,3.3,12.7,7.2,36,79,59,2.5,-999,0,416,894
20148001,20150128000000,42.541,9.4852,10,0,2.9,12.6,6.6,34,79,52,3.3,-999,0,372,861
20148001,20150129000000,42.541,9.4852,10,0,1.4,15.1,8.4,37,86,59,2.4,-999,2,188,660
20148001,20150130000000,42.541,9.4852,10,0,4.8,14.9,9.7,28,89,54,6.5,-999,2.4,279,655
20148001,20150131000000,42.541,9.4852,10,0,2.3,14.8,7.7,36,83,67,2.5,-999,0.2,341,815
20148001,20150201000000,42.541,9.4852,10,0,5.1,13.5,8.4,30,77,53,4.1,-999,0.2,398,992
20148001,20150202000000,42.541,9.4852,10,0,3.7,13.6,8.1,28,81,53,4.4,-999,0,465,950
20148001,20150203000000,42.541,9.4852,10,0,4.5,12.2,8.1,43,97,70,3.2,-999,29.7,189,750
20148001,20150204000000,42.541,9.4852,10,0,6.9,11.4,9,70,98,87,2.3,-999,20.2,48,369
20148001,20150205000000,42.541,9.4852,10,0,6.9,13.4,9.1,57,95,81,2.8,-999,7,352,914
20148001,20150206000000,42.541,9.4852,10,0,5.1,8.6,6.3,77,94,90,2.1,-999,17.2,1,265
20148001,20150207000000,42.541,9.4852,10,0,3.9,10.3,7.2,67,97,83,2,-999,0.2,0,88
20148001,20150208000000,42.541,9.4852,10,0,2.1,12.5,7.6,48,94,72,3.1,-999,0,517,1168
20148001,20150209000000,42.541,9.4852,10,0,0.8,10.4,6.2,33,85,59,2.1,-999,0,587,1230
20148001,20150210000000,42.541,9.4852,10,0,2.4,14.3,8.4,40,88,65,2.4,-999,0,591,1220
20148001,20150211000000,42.541,9.4852,10,0,4.5,14.6,8.9,67,92,81,2.1,-999,0,586,1216
20148001,20150212000000,42.541,9.4852,10,0,4.5,15.4,8.9,64,96,83,2,-999,0.2,549,1185
20148001,20150213000000,42.541,9.4852,10,0,3.6,15.1,9.4,50,91,75,2.4,-999,0,470,1015
20148001,20150214000000,42.541,9.4852,10,0,5.4,14.3,9.4,64,93,81,2.3,-999,0.2,239,853
20148001,20150215000000,42.541,9.4852,10,0,5.7,13.4,10,66,95,80,2.1,-999,27.2,199,656
20148001,20150216000000,42.541,9.4852,10,0,8.6,12.6,10.8,81,98,89,6.4,-999,26.2,0,43
20148001,20150217000000,42.541,9.4852,10,0,10.9,15.5,12.2,61,91,77,3.3,-999,0,470,1144
20148001,20150218000000,42.541,9.4852,10,0,5.9,12.4,8.5,43,91,68,2.7,-999,0,565,1219
20148001,20150219000000,42.541,9.4852,10,0,2.4,13.1,7.6,50,91,74,2.3,-999,0,605,1301
20148001,20150220000000,42.541,9.4852,10,0,5.4,13.9,9,48,89,72,3,-999,0,416,1132
20148001,20150221000000,42.541,9.4852,10,0,2.7,14.2,8.3,52,95,85,4.2,-999,8.1,202,672
20148001,20150222000000,42.541,9.4852,10,0,6.8,14,10.3,62,93,78,3,-999,0.8,52,557
20148001,20150223000000,42.541,9.4852,10,0,7.7,16.5,11.4,43,90,69,2.6,-999,0,482,1268
20148001,20150224000000,42.541,9.4852,10,0,6,11.4,8.2,65,92,84,5,-999,17.3,0,149
20148001,20150225000000,42.541,9.4852,10,0,7.3,13.1,10.2,57,85,73,4.6,-999,1.4,22,492
20148001,20150226000000,42.541,9.4852,10,0,7.7,13.8,11.1,56,84,68,3.5,-999,0,338,1133
20148001,20150227000000,42.541,9.4852,10,0,5.3,14.2,10,48,86,66,2.9,-999,0,380,1235
20148001,20150228000000,42.541,9.4852,10,0,5.8,14.8,9.5,56,86,71,2.4,-999,0,288,968
20148001,20150301000000,42.541,9.4852,10,0,6.7,14.1,9.9,57,89,75,2.5,-999,0,115,704
20148001,20150302000000,42.541,9.4852,10,0,6.6,24.7,17.4,8,90,50,8.4,-999,0,468,1378
20148001,20150303000000,42.541,9.4852,10,0,9.4,17.8,13.5,26,80,63,2.2,-999,0,640,1594
20148001,20150304000000,42.541,9.4852,10,0,7.2,15.5,11.2,63,95,82,2.2,-999,40.3,195,707
20148001,20150305000000,42.541,9.4852,10,0,6.6,11.9,10,30,96,50,11.3,-999,0,27,502
20148001,20150306000000,42.541,9.4852,10,0,7.7,13,9.6,28,66,42,6.4,-999,0,640,1687
20148001,20150307000000,42.541,9.4852,10,0,3.6,13.4,9.5,28,72,46,4.2,-999,0,639,1689
20148001,20150308000000,42.541,9.4852,10,0,3.9,13.3,8.9,41,79,58,3.3,-999,0,562,1575
20148001,20150309000000,42.541,9.4852,10,0,3.4,13.3,8.1,46,82,67,2.6,-999,0,636,1569
20148001,20150310000000,42.541,9.4852,10,0,4.6,16.7,10.3,49,87,66,2.8,-999,0,645,1554
20148001,20150311000000,42.541,9.4852,10,0,5.7,15.6,11,54,93,72,2.3,-999,0,517,1370
20148001,20150312000000,42.541,9.4852,10,0,8,14.3,10.7,32,89,60,2.8,-999,0,629,1719
20148001,20150313000000,42.541,9.4852,10,0,5.3,15.1,10.2,32,81,59,2.7,-999,0,579,1663
20148001,20150314000000,42.541,9.4852,10,0,6.1,15.4,10.6,64,95,80,2.2,-999,7.5,289,1097
20148001,20150315000000,42.541,9.4852,10,0,9.2,13.1,10.1,80,97,92,5.6,-999,32.9,4,174
20148001,20150316000000,42.541,9.4852,10,0,5.9,13,10.8,85,98,93,5.3,-999,67.2,0,236
20148001,20150317000000,42.541,9.4852,10,0,11.5,12.7,12,91,98,96,5.1,-999,30.7,0,182
20148001,20150318000000,42.541,9.4852,10,0,8.2,16.2,11.8,56,97,83,1.8,-999,0.2,614,1761
20148001,20150319000000,42.541,9.4852,10,0,6.6,16.3,11.1,69,97,87,2.5,-999,0.2,643,1881
20148001,20150320000000,42.541,9.4852,10,0,5,15.8,11.1,71,98,87,4.2,-999,0,536,1471
20148001,20150321000000,42.541,9.4852,10,0,8.3,14.2,12.1,72,95,82,3.9,-999,2,0,370
20148001,20150322000000,42.541,9.4852,10,0,10.6,15,11.8,64,97,84,3.1,-999,2.8,129,440
20148001,20150323000000,42.541,9.4852,10,0,10,16.7,13.3,56,92,73,2.3,-999,0,365,1583
20148001,20150324000000,42.541,9.4852,10,0,6,15.5,12,70,97,87,3.2,-999,11.1,196,952
20148001,20150325000000,42.541,9.4852,10,0,11.6,13.1,12.5,87,97,94,3.9,-999,23.6,0,233
20148001,20150326000000,42.541,9.4852,10,0,11.1,16.6,12.9,70,94,83,2,-999,0.2,111,909
20148001,20150327000000,42.541,9.4852,10,0,8.9,18.9,13,38,90,72,3.7,-999,0,669,2053
20148001,20150328000000,42.541,9.4852,10,0,6.7,17.3,12.5,36,86,64,2.8,-999,0,708,2135
20148001,20150329000000,42.541,9.4852,10,0,5.9,17.4,12.2,42,95,72,1.9,-999,0.2,596,1943
20148001,20150330000000,42.541,9.4852,10,0,9.2,19.7,15.4,43,95,71,4,-999,0,493,1859
20148001,20150331000000,42.541,9.4852,10,0,8,21.6,16,33,95,71,3.2,-999,0,697,2152
20148001,20150401000000,42.541,9.4852,10,0,12.8,21.3,16.7,23,66,43,4.8,-999,0,685,2174
20148001,20150402000000,42.541,9.4852,10,0,6.5,17.9,13.3,37,94,72,2.1,-999,0.4,707,2185
20148001,20150403000000,42.541,9.4852,10,0,9.2,17.5,13.2,57,93,80,1.6,-999,0,519,1945
20148001,20150404000000,42.541,9.4852,10,0,9,16.9,12.2,66,95,84,2.3,-999,7.3,186,1139
20148001,20150405000000,42.541,9.4852,10,0,9.6,12,10.9,50,91,69,6.2,-999,1,38,346
20148001,20150406000000,42.541,9.4852,10,0,8.2,13.3,10,32,62,46,5.5,-999,1,694,2346
20148001,20150407000000,42.541,9.4852,10,0,4.6,13.3,9.7,28,85,47,4.5,-999,0,718,2340
20148001,20150408000000,42.541,9.4852,10,0,6.7,18.5,11.9,20,72,47,3.8,-999,0,734,2353
20148001,20150409000000,42.541,9.4852,10,0,5.7,17.1,11.8,44,92,69,2.5,-999,0,733,2306
20148001,20150410000000,42.541,9.4852,10,0,6.9,17.3,11.9,52,93,76,2.3,-999,0,711,2296
20148001,20150411000000,42.541,9.4852,10,0,5.3,16.9,11.7,63,96,81,2.8,-999,0.2,441,1903
20148001,20150412000000,42.541,9.4852,10,0,8,18.9,13.3,59,97,81,1.8,-999,0,658,2282
20148001,20150413000000,42.541,9.4852,10,0,8.6,20.2,14.8,54,96,77,1.9,-999,0,733,2285
20148001,20150414000000,42.541,9.4852,10,0,9.5,19.7,15.1,57,95,77,2.1,-999,0.2,699,2187
20148001,20150415000000,42.541,9.4852,10,0,10.1,18.9,14.5,72,97,85,2,-999,0,595,2202
20148001,20150416000000,42.541,9.4852,10,0,9.5,17.4,14.2,77,98,89,2.1,-999,1.2,172,1431
20148001,20150417000000,42.541,9.4852,10,0,12,20.4,15.8,68,98,87,2.4,-999,0.2,317,1608
20148001,20150418000000,42.541,9.4852,10,0,10.4,19.5,15,71,96,87,1.8,-999,0,715,2304
20148001,20150419000000,42.541,9.4852,10,0,11.7,17.3,13.9,60,96,76,1.9,-999,0,70,997
20148001,20150420000000,42.541,9.4852,10,0,8.6,17.4,13.3,32,92,62,2.7,-999,0,646,2393
20148001,20150421000000,42.541,9.4852,10,0,7.6,21.9,14.9,24,91,58,1.9,-999,0,743,2516
20148001,20150422000000,42.541,9.4852,10,0,8,21.3,15.4,44,90,68,2,-999,0,-999,2219
20148001,20150423000000,42.541,9.4852,10,0,9.1,19.9,14.4,60,97,83,1.4,-999,1,-999,1378
20148001,20150424000000,42.541,9.4852,10,0,9.3,20.4,15,66,96,82,2,-999,0,724,2398
20148001,20150425000000,42.541,9.4852,10,0,10.5,20,15.4,72,97,87,1.7,-999,0.2,349,1769
20148001,20150426000000,42.541,9.4852,10,0,12.1,19.5,15.6,76,98,91,3.4,-999,0.8,38,1092
20148001,20150427000000,42.541,9.4852,10,0,12.3,21.8,15.9,64,98,87,3.1,-999,12.6,220,1592
20148001,20150428000000,42.541,9.4852,10,0,12.5,20.1,15.5,61,97,84,2.6,-999,0.2,283,1433
20148001,20150429000000,42.541,9.4852,10,0,9.6,19.4,14.5,70,94,82,2.1,-999,0,302,1432
20148001,20150430000000,42.541,9.4852,10,0,8.1,20.1,14.6,60,92,79,2.9,-999,0,705,2594
20148001,20150501000000,42.541,9.4852,10,0,8.6,21,15.6,51,91,77,2,-999,0.2,606,2261
20148001,20150502000000,42.541,9.4852,10,0,11.8,21.9,17.7,64,94,81,2.1,-999,0,692,2493
20148001,20150503000000,42.541,9.4852,10,0,13.5,20.5,17.3,75,97,86,1.6,-999,0,250,1502
20148001,20150504000000,42.541,9.4852,10,0,14.4,21.8,17.8,71,98,88,1.6,-999,0,376,1960
20148001,20150505000000,42.541,9.4852,10,0,14.1,22.6,18.3,70,99,87,1.3,-999,0.2,385,2005
20148001,20150506000000,42.541,9.4852,10,0,13.9,23.4,17.8,70,99,90,1.9,-999,0.2,307,1435
20148001,20150507000000,42.541,9.4852,10,0,11.2,25.3,18.2,40,97,79,2,-999,0.2,796,2627
20148001,20150508000000,42.541,9.4852,10,0,11.3,22.4,17.2,63,96,78,2.2,-999,0,574,2329
20148001,20150509000000,42.541,9.4852,10,0,12,22.2,17.7,56,96,78,2.3,-999,0.2,653,2222
20148001,20150510000000,42.541,9.4852,10,0,11.9,28.1,20.1,30,96,68,1.9,-999,0,798,2652
20148001,20150511000000,42.541,9.4852,10,0,12.5,26.3,19.7,40,93,67,1.8,-999,0,757,2596
20148001,20150512000000,42.541,9.4852,10,0,12.5,26.7,20,39,94,67,1.7,-999,0,758,2614
20148001,20150513000000,42.541,9.4852,10,0,13.3,25.6,19.6,38,87,62,2.5,-999,0,696,2497
20148001,20150514000000,42.541,9.4852,10,0,12.8,23.2,18.4,66,93,81,1.9,-999,0,324,1672
20148001,20150515000000,42.541,9.4852,10,0,15,25.3,19.6,22,91,58,4.4,-999,0.6,445,2031
20148001,20150516000000,42.541,9.4852,10,0,10.8,22.5,16.9,38,92,68,2.7,-999,0,537,2548
20148001,20150517000000,42.541,9.4852,10,0,13,27.1,21.6,45,83,62,3.4,-999,0,799,2658
20148001,20150518000000,42.541,9.4852,10,0,16,27.3,22.1,38,89,62,1.9,-999,0,803,2652
20148001,20150519000000,42.541,9.4852,10,0,14.9,23.5,19.4,60,95,74,2.1,-999,0,542,2307
20148001,20150520000000,42.541,9.4852,10,0,15.9,24,19.3,29,95,68,3,-999,0,300,1820
20148001,20150521000000,42.541,9.4852,10,0,12.8,22.2,16,27,74,50,4.3,-999,1,472,2090
20148001,20150522000000,42.541,9.4852,10,0,11.6,21.4,16.6,43,79,61,3.4,-999,0.6,219,1445
20148001,20150523000000,42.541,9.4852,10,0,13.4,21.2,16,46,96,78,1.5,-999,3.2,119,1244
20148001,20150524000000,42.541,9.4852,10,0,13.7,21.5,16.7,44,96,73,2.4,-999,0.2,617,2612
20148001,20150525000000,42.541,9.4852,10,0,11.4,24.1,18.4,39,89,64,3,-999,0,826,2839
20148001,20150526000000,42.541,9.4852,10,0,12.4,22.7,17.3,57,93,78,2,-999,0,359,1993
20148001,20150527000000,42.541,9.4852,10,0,13.2,23.7,18.6,43,88,64,3.5,-999,0,761,2778
20148001,20150528000000,42.541,9.4852,10,0,11.9,23.5,18.2,42,88,65,2.6,-999,0,831,2858
20148001,20150529000000,42.541,9.4852,10,0,12.3,23.5,18.4,57,93,75,2.3,-999,0,799,2846
20148001,20150530000000,42.541,9.4852,10,0,14,23.6,18.9,47,93,74,2.7,-999,0.2,817,2771
20148001,20150531000000,42.541,9.4852,10,0,12.7,25.3,19.4,45,93,74,2.1,-999,0,701,2624
20148001,20150601000000,42.541,9.4852,10,0,13.8,25,19.8,63,97,81,1.9,-999,0,560,2310
20148001,20150602000000,42.541,9.4852,10,0,13.9,25.5,20.4,61,98,78,2,-999,0,814,2811
20148001,20150603000000,42.541,9.4852,10,0,15.4,25.7,21.1,60,95,75,2,-999,0,835,2805
20148001,20150604000000,42.541,9.4852,10,0,15.8,28.1,22.3,43,92,73,1.9,-999,0,834,2898
20148001,20150605000000,42.541,9.4852,10,0,16.5,31.7,24.5,33,86,61,2,-999,0,835,2843
20148001,20150606000000,42.541,9.4852,10,0,19.8,29.6,25,41,91,63,2.2,-999,0,840,2849
20148001,20150607000000,42.541,9.4852,10,0,17.7,31.5,25.5,36,93,63,2.2,-999,0,826,2715
20148001,20150608000000,42.541,9.4852,10,0,19.5,30.7,25.1,34,86,62,2.4,-999,0,824,2750
20148001,20150609000000,42.541,9.4852,10,0,18.9,27.9,22.9,64,95,81,1.8,-999,0,367,1732
20148001,20150610000000,42.541,9.4852,10,0,17.3,29.7,23.1,39,96,75,2.7,-999,0,707,2669
20148001,20150611000000,42.541,9.4852,10,0,16.1,28.2,22.9,44,95,75,3.2,-999,0,816,2912
20148001,20150612000000,42.541,9.4852,10,0,15,24.7,21.3,66,94,82,2.9,-999,-999,16,809
20148001,20150613000000,42.541,9.4852,10,0,16.5,27.7,22.8,44,95,73,4.7,-999,-999,502,2265
20148001,20150614000000,42.541,9.4852,10,0,19.2,27.4,22.4,57,93,79,2,-999,0.6,420,1935
20148001,20150615000000,42.541,9.4852,10,0,18.1,26.7,21.5,54,95,80,1.8,-999,4.8,375,1475
20148001,20150616000000,42.541,9.4852,10,0,17,26.5,20.4,57,95,82,2.2,-999,9.9,306,1818
20148001,20150617000000,42.541,9.4852,10,0,15,26.7,21.1,42,94,70,3.2,-999,0,706,2761
20148001,20150618000000,42.541,9.4852,10,0,16.4,26.8,22,45,88,65,2.6,-999,0,823,2877
20148001,20150619000000,42.541,9.4852,10,0,15.8,26.8,21.9,47,92,73,1.9,-999,0,824,2831
20148001,20150620000000,42.541,9.4852,10,0,17.5,26.7,21.6,55,94,79,2,-999,12.4,530,2219
20148001,20150621000000,42.541,9.4852,10,0,16.5,27,22.1,41,91,70,2.1,-999,0,750,2869
20148001,20150622000000,42.541,9.4852,10,0,16.3,27.4,22.3,55,92,76,2.3,-999,0,794,2802
20148001,20150623000000,42.541,9.4852,10,0,16.1,30,23.4,42,93,72,2.5,-999,0,597,2489
20148001,20150624000000,42.541,9.4852,10,0,18.3,27.7,22.7,41,93,66,3.3,-999,0,771,2896
20148001,20150625000000,42.541,9.4852,10,0,15.9,26.8,21.9,24,88,55,2.6,-999,0,836,3024
20148001,20150626000000,42.541,9.4852,10,0,14.8,28.3,22.9,31,80,56,2.2,-999,0,740,2908
20148001,20150627000000,42.541,9.4852,10,0,17.4,27.8,23.1,49,92,71,2.1,-999,0,801,2764
20148001,20150628000000,42.541,9.4852,10,0,19.6,28.8,24.2,55,93,75,2.1,-999,0,741,2677
20148001,20150629000000,42.541,9.4852,10,0,18.6,29.2,24.9,52,90,70,1.8,-999,0,752,2670
20148001,20150630000000,42.541,9.4852,10,0,20,30.8,25.7,45,88,69,1.9,-999,0,833,2790
20148001,20150701000000,42.541,9.4852,10,0,19.7,30.3,25.6,43,83,67,2.2,-999,0,841,2837
20148001,20150702000000,42.541,9.4852,10,0,19.9,31.6,26.5,37,84,65,2.2,-999,0,838,2843
20148001,20150703000000,42.541,9.4852,10,0,20.5,33.8,27.7,37,88,65,2.4,-999,0,792,2701
20148001,20150704000000,42.541,9.4852,10,0,24,32.9,28.5,44,88,64,2,-999,0,782,2740
20148001,20150705000000,42.541,9.4852,10,0,22.5,33.1,27.9,40,85,61,2,-999,0,806,2689
20148001,20150706000000,42.541,9.4852,10,0,21.9,31.6,27.3,52,88,69,1.9,-999,0,801,2697
20148001,20150707000000,42.541,9.4852,10,0,22.2,31.7,27.3,62,90,75,1.9,-999,0,769,2628
20148001,20150708000000,42.541,9.4852,10,0,21.5,31.3,26.9,60,93,73,2.2,-999,0,742,2646
20148001,20150709000000,42.541,9.4852,10,0,22.4,32.1,27.5,37,92,67,2.8,-999,0,662,2643
20148001,20150710000000,42.541,9.4852,10,0,21.8,31.8,26.5,29,81,59,2.9,-999,0,795,2805
20148001,20150711000000,42.541,9.4852,10,0,20.1,32.5,26.9,32,75,54,2.1,-999,0,828,2770
20148001,20150712000000,42.541,9.4852,10,0,21.1,31.9,26.4,40,86,68,2.4,-999,0,826,2758
20148001,20150713000000,42.541,9.4852,10,0,21,30.9,25.9,56,91,76,2,-999,0,537,2140
20148001,20150714000000,42.541,9.4852,10,0,21.6,31.5,26.5,44,91,73,2.1,-999,0,812,2732
20148001,20150715000000,42.541,9.4852,10,0,20.8,31.7,26.7,45,90,72,2.3,-999,0,818,2729
20148001,20150716000000,42.541,9.4852,10,0,20.7,31.1,26.4,60,94,78,2.5,-999,0,797,2582
20148001,20150717000000,42.541,9.4852,10,0,20.4,31.5,26.7,53,91,75,2.3,-999,0,789,2639
20148001,20150718000000,42.541,9.4852,10,0,23.3,33.1,28.1,45,86,67,1.9,-999,0,754,2615
20148001,20150719000000,42.541,9.4852,10,0,22.2,33.1,27.9,41,88,67,1.7,-999,0,703,2374
20148001,20150720000000,42.541,9.4852,10,0,22.3,32.9,28,51,87,71,2.4,-999,0,775,2558
20148001,20150721000000,42.541,9.4852,10,0,23.7,32.3,28.2,56,88,70,2.3,-999,0,813,2663
20148001,20150722000000,42.541,9.4852,10,0,23.5,32.5,28.4,50,88,71,2.3,-999,0,810,2666
20148001,20150723000000,42.541,9.4852,10,0,24,31.7,27.7,62,92,75,2.1,-999,0,624,2184
20148001,20150724000000,42.541,9.4852,10,0,23.3,32.4,27.5,40,92,72,2.4,-999,0,525,2030
20148001,20150725000000,42.541,9.4852,10,0,23.5,32.1,27.5,52,83,65,2.5,-999,0,621,2237
20148001,20150726000000,42.541,9.4852,10,0,20.6,31.5,26.3,31,75,57,2.6,-999,0,233,1293
20148001,20150727000000,42.541,9.4852,10,0,20.9,32.3,26.9,40,76,60,3.4,-999,0,760,2627
20148001,20150728000000,42.541,9.4852,10,0,20.9,31.5,26.6,45,82,62,2.3,-999,0,754,2568
20148001,20150729000000,42.541,9.4852,10,0,20.9,30.9,26.2,55,86,67,2.7,-999,0,740,2519
20148001,20150730000000,42.541,9.4852,10,0,20.7,31.9,26.6,38,81,65,2,-999,0,700,2363
20148001,20150731000000,42.541,9.4852,10,0,21.8,31.6,26.3,52,89,70,2.5,-999,0,641,2365
20148001,20150801000000,42.541,9.4852,10,0,21.3,31,24.5,61,93,81,2.4,-999,13.3,239,1314
20148001,20150802000000,42.541,9.4852,10,0,20.2,29.2,24.8,53,87,72,2.6,-999,0,780,2610
20148001,20150803000000,42.541,9.4852,10,0,21.1,31.8,26,42,85,63,2.8,-999,0,809,2693
20148001,20150804000000,42.541,9.4852,10,0,20.3,32.6,26.7,30,83,57,2.4,-999,0,802,2593
20148001,20150805000000,42.541,9.4852,10,0,21.5,30.5,26.3,55,91,74,2.2,-999,0,782,2559
20148001,20150806000000,42.541,9.4852,10,0,21.4,33.5,27.5,34,89,62,2.1,-999,0,768,2541
20148001,20150807000000,42.541,9.4852,10,0,22.3,34,29.3,37,76,50,2.6,-999,0,774,2532
20148001,20150808000000,42.541,9.4852,10,0,24.9,34.6,29.7,38,82,55,2.1,-999,0,751,2376
20148001,20150809000000,42.541,9.4852,10,0,23.4,32.1,27.4,45,80,65,2.9,-999,10.2,445,1492
20148001,20150810000000,42.541,9.4852,10,0,20,26.9,22.9,58,92,75,2.2,-999,2.2,175,1161
20148001,20150811000000,42.541,9.4852,10,0,20,29.5,25,48,86,68,2.6,-999,0,643,2210
20148001,20150812000000,42.541,9.4852,10,0,21.6,33.9,27.6,27,78,54,2.4,-999,0,771,2413
20148001,20150813000000,42.541,9.4852,10,0,22.1,33.8,28,29,82,56,2.6,-999,0,635,2203
20148001,20150814000000,42.541,9.4852,10,0,21.3,30.2,24.7,48,93,75,2.4,-999,10.7,342,1396
20148001,20150815000000,42.541,9.4852,10,0,20.3,27.4,22.9,58,89,74,2.3,-999,2.8,208,1171
20148001,20150816000000,42.541,9.4852,10,0,17.1,27.4,21.6,48,90,71,2.4,-999,1.2,446,1861
20148001,20150817000000,42.541,9.4852,10,0,16.6,28.3,22.8,34,81,59,2.5,-999,0,720,2383
20148001,20150818000000,42.541,9.4852,10,0,16,28,21.3,54,95,74,2.2,-999,6.7,492,1785
20148001,20150819000000,42.541,9.4852,10,0,18,27.2,22.5,51,89,69,3.2,-999,0,579,2107
20148001,20150820000000,42.541,9.4852,10,0,18.2,27.6,22.8,46,89,68,2,-999,0,733,2366
20148001,20150821000000,42.541,9.4852,10,0,18.3,27.9,23.3,48,87,68,2.1,-999,0,728,2271
20148001,20150822000000,42.541,9.4852,10,0,18,27.5,22.7,46,89,69,2.1,-999,0,696,2248
20148001,20150823000000,42.541,9.4852,10,0,17.6,27.9,23.9,57,89,77,4.9,-999,0,587,2110
20148001,20150824000000,42.541,9.4852,10,0,20.2,28.7,24,67,93,82,2.6,-999,0,366,1543
20148001,20150825000000,42.541,9.4852,10,0,19.8,29.7,24.7,42,89,65,3.2,-999,0,650,2254
20148001,20150826000000,42.541,9.4852,10,0,18.1,27.3,23,46,89,68,2.5,-999,0,696,2299
20148001,20150827000000,42.541,9.4852,10,0,17.6,29.5,23.6,46,92,73,1.8,-999,0,749,2327
20148001,20150828000000,42.541,9.4852,10,0,17.9,29.5,23.7,51,89,73,1.8,-999,0,749,2329
20148001,20150829000000,42.541,9.4852,10,0,17.8,29.8,23.4,48,86,70,2.4,-999,0,743,2319
20148001,20150830000000,42.541,9.4852,10,0,15.8,29.5,23.5,41,93,72,2.1,-999,0,741,2261
20148001,20150831000000,42.541,9.4852,10,0,19.8,30.6,24.6,50,87,70,1.8,-999,0,625,2014
20148001,20150901000000,42.541,9.4852,10,0,19.5,30.9,25,41,89,64,1.9,-999,0,600,1875
20148001,20150902000000,42.541,9.4852,10,0,19.3,29.5,24.2,51,84,69,2.1,-999,0,552,1904
20148001,20150903000000,42.541,9.4852,10,0,19.4,28.2,23,60,94,78,2.2,-999,0,285,1367
20148001,20150904000000,42.541,9.4852,10,0,19.2,28.5,23.4,48,85,71,1.8,-999,0,323,1446
20148001,20150905000000,42.541,9.4852,10,0,20.4,29,24.1,26,76,51,3.7,-999,0,534,1759
20148001,20150906000000,42.541,9.4852,10,0,16.5,26.3,21.1,35,87,60,3,-999,0,221,1212
20148001,20150907000000,42.541,9.4852,10,0,16.8,26.4,21.2,46,85,67,2.6,-999,0,701,2185
20148001,20150908000000,42.541,9.4852,10,0,15.8,25.9,20.3,31,84,59,2.2,-999,0,675,1890
20148001,20150909000000,42.541,9.4852,10,0,15.2,24.9,20.3,38,81,58,3.2,-999,0,671,2140
20148001,20150910000000,42.541,9.4852,10,0,13.6,25.5,19.8,40,81,60,2.4,-999,0,647,2028
20148001,20150911000000,42.541,9.4852,10,0,16.1,26,20.7,40,92,64,2.2,-999,0,382,1466
20148001,20150912000000,42.541,9.4852,10,0,15.5,26.5,21.6,61,91,77,4.1,-999,0,572,1941
20148001,20150913000000,42.541,9.4852,10,0,18,25.9,23.2,74,94,87,4.3,-999,1.2,122,891
20148001,20150914000000,42.541,9.4852,10,0,22.5,28.8,24.4,59,93,78,2.9,-999,0,194,1223
20148001,20150915000000,42.541,9.4852,10,0,18.1,27.3,22.6,57,96,75,2.3,-999,0,303,1349
20148001,20150916000000,42.541,9.4852,10,0,19.6,27.6,22.9,62,95,80,1.7,-999,0,213,1221
20148001,20150917000000,42.541,9.4852,10,0,18.3,28.7,23.2,66,96,86,1.7,-999,0,362,1400
20148001,20150918000000,42.541,9.4852,10,0,19.6,28.7,22.6,41,96,68,2.7,-999,0,302,1316
20148001,20150919000000,42.541,9.4852,10,0,17.4,25.4,20.7,49,91,71,2,-999,0,106,963
20148001,20150920000000,42.541,9.4852,10,0,15.5,26.4,21.5,42,71,53,4.6,-999,0.2,541,1648
20148001,20150921000000,42.541,9.4852,10,0,18,26.4,21.4,42,85,60,3.1,-999,0,683,1939
20148001,20150922000000,42.541,9.4852,10,0,16.9,25.1,20.1,54,90,73,3.1,-999,0,438,1568
20148001,20150923000000,42.541,9.4852,10,0,15,27.1,19.6,25,83,51,3.8,-999,0.6,325,1216
20148001,20150924000000,42.541,9.4852,10,0,13.4,24.6,19.4,33,81,55,3.8,-999,0.4,506,1650
20148001,20150925000000,42.541,9.4852,10,0,16.9,25.4,20.5,40,81,60,2.4,-999,0,571,1733
20148001,20150926000000,42.541,9.4852,10,0,14.8,24.7,19.7,43,87,65,2,-999,0,680,1749
20148001,20150927000000,42.541,9.4852,10,0,14.9,24.4,20.1,44,84,61,2.4,-999,0,661,1822
20148001,20150928000000,42.541,9.4852,10,0,16.9,22.9,20.2,47,69,56,4,-999,0,359,1362
20148001,20150929000000,42.541,9.4852,10,0,17.8,22.4,19.8,47,62,55,3,-999,0,124,1027
20148001,20150930000000,42.541,9.4852,10,0,15.3,21.1,17.6,51,96,70,2.1,-999,9,238,1123
20148001,20151001000000,42.541,9.4852,10,0,14.5,19.7,16.3,78,98,91,4.9,-999,80.5,0,148
20148001,20151002000000,42.541,9.4852,10,0,16.1,20.8,18.3,74,98,85,6.2,-999,21.1,78,663
20148001,20151003000000,42.541,9.4852,10,0,13.5,21.5,17.6,66,95,82,3.2,-999,0,545,1612
20148001,20151004000000,42.541,9.4852,10,0,15.7,25.1,20,56,93,81,1.9,-999,0,483,1498
20148001,20151005000000,42.541,9.4852,10,0,16.8,24.7,20.5,70,96,86,1.5,-999,0,417,1278
20148001,20151006000000,42.541,9.4852,10,0,16,25.1,19.9,66,98,88,1.3,-999,0.2,411,1328
20148001,20151007000000,42.541,9.4852,10,0,17.1,24.9,19.8,52,97,80,2,-999,0.2,624,1561
20148001,20151008000000,42.541,9.4852,10,0,12.9,22.8,17.4,63,96,81,2,-999,0.2,591,1565
20148001,20151009000000,42.541,9.4852,10,0,13,22,17.4,59,96,85,2.2,-999,24,132,872
20148001,20151010000000,42.541,9.4852,10,0,14.8,19.1,16.9,62,95,85,5.1,-999,18.2,0,150
20148001,20151011000000,42.541,9.4852,10,0,15,21.9,18.4,53,96,75,2.7,-999,0,592,1479
20148001,20151012000000,42.541,9.4852,10,0,13.1,21.4,17.6,65,96,83,1.5,-999,0,152,823
20148001,20151013000000,42.541,9.4852,10,0,15.7,23.1,18.5,61,97,86,1.6,-999,2.4,209,880
20148001,20151014000000,42.541,9.4852,10,0,15.6,20.8,17.5,46,97,88,1.5,-999,2,29,490
20148001,20151015000000,42.541,9.4852,10,0,14.4,20.9,17.2,26,71,41,3.5,-999,0,622,1530
20148001,20151016000000,42.541,9.4852,10,0,11,19.7,15.4,31,78,52,2.2,-999,0,614,1516
20148001,20151017000000,42.541,9.4852,10,0,9.5,19.4,14.7,40,88,65,2.6,-999,0,493,1259
20148001,20151018000000,42.541,9.4852,10,0,11.6,21.1,16.5,66,95,81,2.1,-999,0,332,1177
20148001,20151019000000,42.541,9.4852,10,0,14.3,21.8,17.1,62,94,81,2.1,-999,0,303,1078
20148001,20151020000000,42.541,9.4852,10,0,14.6,19.7,16.4,52,91,75,2.1,-999,0,136,660
20148001,20151021000000,42.541,9.4852,10,0,12.7,17.9,15.2,51,78,64,3.9,-999,0,262,971
20148001,20151022000000,42.541,9.4852,10,0,10.5,19.1,14.2,45,76,64,3.7,-999,0,460,1262
20148001,20151023000000,42.541,9.4852,10,0,10.1,20.2,15.1,43,83,65,2.8,-999,0,614,1356
20148001,20151024000000,42.541,9.4852,10,0,9.4,20.4,14.7,43,90,74,2.5,-999,0,534,1317
20148001,20151025000000,42.541,9.4852,10,0,11.4,20.4,14.7,58,95,78,1.8,-999,0,361,1049
20148001,20151026000000,42.541,9.4852,10,0,9.6,18.1,15.3,83,97,91,2.2,-999,1,21,275
20148001,20151027000000,42.541,9.4852,10,0,16.3,19.4,17.3,93,99,96,1.6,-999,27.1,4,236
20148001,20151028000000,42.541,9.4852,10,0,14.5,20.3,17.4,83,99,94,1.2,-999,5.2,127,754
20148001,20151029000000,42.541,9.4852,10,0,10.4,20.3,13.8,51,95,85,1.9,-999,2.6,215,618
20148001,20151030000000,42.541,9.4852,10,0,11,19.9,15.1,57,92,78,2.6,-999,0,561,1212
20148001,20151031000000,42.541,9.4852,10,0,11.2,19,15,57,93,76,2.4,-999,0,557,1156
20148001,20151101000000,42.541,9.4852,10,0,10.2,19,13.6,56,93,79,1.7,-999,0.2,454,1018
20148001,20151102000000,42.541,9.4852,10,0,9.6,19.2,13.3,61,97,85,1.6,-999,0.2,459,1053
20148001,20151103000000,42.541,9.4852,10,0,8.9,19.5,14.6,76,98,91,1.6,-999,1,131,645
20148001,20151104000000,42.541,9.4852,10,0,12.7,19.9,15.9,74,98,91,1.9,-999,4,224,657
20148001,20151105000000,42.541,9.4852,10,0,11.8,21.5,15.9,65,97,89,1.6,-999,0.2,299,787
20148001,20151106000000,42.541,9.4852,10,0,13.3,20.7,15.9,64,95,83,2.3,-999,0.2,479,983
20148001,20151107000000,42.541,9.4852,10,0,10.9,19.8,14.5,76,97,87,2.3,-999,0.2,554,1106
20148001,20151108000000,42.541,9.4852,10,0,9.6,20.5,14.8,62,96,83,2,-999,0,458,1045
20148001,20151109000000,42.541,9.4852,10,0,11.5,20.2,15.3,66,96,82,2.1,-999,0,423,937
20148001,20151110000000,42.541,9.4852,10,0,12.6,21.2,15.4,61,98,83,2.1,-999,0.2,416,995
20148001,20151111000000,42.541,9.4852,10,0,9.7,18.7,15.8,66,100,83,1.7,-999,0,0,436
20148001,20151112000000,42.541,9.4852,10,0,14,20.8,16.8,55,89,74,1.5,-999,0,128,737
20148001,20151113000000,42.541,9.4852,10,0,14.3,19.6,16.4,55,90,72,2.3,-999,0,0,421
20148001,20151114000000,42.541,9.4852,10,0,12.1,21.6,15.6,52,91,73,2.5,-999,0,444,945
20148001,20151115000000,42.541,9.4852,10,0,10.7,19.2,13.9,62,96,82,2,-999,0.2,471,821
20148001,20151116000000,42.541,9.4852,10,0,9.3,19.6,14.8,68,95,84,1.6,-999,0,319,795
20148001,20151117000000,42.541,9.4852,10,0,14.7,20.1,15.4,60,94,78,2.2,-999,0.2,128,661
20148001,20151118000000,42.541,9.4852,10,0,10.5,20.1,14.2,63,96,84,1.9,-999,0,509,852
20148001,20151119000000,42.541,9.4852,10,0,10.5,20,14.2,60,94,83,1.8,-999,0,347,795
20148001,20151120000000,42.541,9.4852,10,0,11.2,22.6,15,42,97,76,2.7,-999,0,434,861
20148001,20151121000000,42.541,9.4852,10,0,10.6,20.5,15.9,23,86,51,6.4,-999,17.2,55,403
20148001,20151122000000,42.541,9.4852,10,0,6.4,14.3,9,46,88,74,3.6,-999,0.8,368,785
20148001,20151123000000,42.541,9.4852,10,0,3.9,14.8,8.3,41,87,73,1.6,-999,7.3,380,796
20148001,20151124000000,42.541,9.4852,10,0,5.5,12.9,8.6,70,98,85,2.4,-999,1.8,94,457
20148001,20151125000000,42.541,9.4852,10,0,4.7,13.5,9.1,55,90,77,2,-999,18.6,194,458
20148001,20151126000000,42.541,9.4852,10,0,7.4,12.7,10.7,41,94,58,7.6,-999,0,195,481
20148001,20151127000000,42.541,9.4852,10,0,6.7,13.8,10.4,41,83,60,5,-999,0,323,713
20148001,20151128000000,42.541,9.4852,10,0,4.1,15,9.1,51,88,70,2.6,-999,0,457,854
20148001,20151129000000,42.541,9.4852,10,0,3.9,16.2,10.1,60,92,72,2.8,-999,0,402,721
20148001,20151130000000,42.541,9.4852,10,0,6,16.2,10.2,61,95,81,2.1,-999,0.2,512,803
20148001,20151201000000,42.541,9.4852,10,0,5.2,16.6,10,66,97,86,2,-999,0.2,491,836
20148001,20151202000000,42.541,9.4852,10,0,6.5,17.7,11.9,59,90,79,2,-999,0,320,758
20148001,20151203000000,42.541,9.4852,10,0,9.6,16.7,12.1,57,88,75,2.4,-999,0,332,680
20148001,20151204000000,42.541,9.4852,10,0,9.7,17.1,12.5,53,87,73,2.4,-999,0,264,621
20148001,20151205000000,42.541,9.4852,10,0,9.8,16.4,12.8,52,87,72,1.9,-999,0,151,556
20148001,20151206000000,42.541,9.4852,10,0,10.5,16,12.5,66,92,82,1.8,-999,0,96,429
20148001,20151207000000,42.541,9.4852,10,0,8.8,16.1,11.1,80,97,92,1.4,-999,2.4,103,390
20148001,20151208000000,42.541,9.4852,10,0,7.8,17.4,11.8,60,95,82,2,-999,0,465,732
20148001,20151209000000,42.541,9.4852,10,0,8.8,16.6,11.3,62,95,82,2.2,-999,0,161,466
20148001,20151210000000,42.541,9.4852,10,0,7.2,16.3,10.5,48,90,73,2.5,-999,0,506,789
20148001,20151211000000,42.541,9.4852,10,0,6.5,17.4,9.4,39,86,63,2.7,-999,0,510,818
20148001,20151212000000,42.541,9.4852,10,0,5.5,16,9.9,56,88,70,3.1,-999,0,474,790
20148001,20151213000000,42.541,9.4852,10,0,7.1,15.4,10.5,52,94,75,2.4,-999,0,382,684
20148001,20151214000000,42.541,9.4852,10,0,6.8,15.4,10.3,67,92,80,2.2,-999,0,201,514
20148001,20151215000000,42.541,9.4852,10,0,7.6,17.1,11.1,51,89,71,2.9,-999,0,494,729
20148001,20151216000000,42.541,9.4852,10,0,8.8,15.9,10.7,61,92,77,1.8,-999,0.2,65,311
20148001,20151217000000,42.541,9.4852,10,0,6.9,17.7,10.9,61,94,82,2.3,-999,0,484,729
20148001,20151218000000,42.541,9.4852,10,0,8.4,17.1,11.7,61,94,80,2.2,-999,0,416,724
20148001,20151219000000,42.541,9.4852,10,0,8,17.3,13.2,62,91,79,1.8,-999,0,84,475
20148001,20151220000000,42.541,9.4852,10,0,8.6,17.1,11.5,70,98,87,1.8,-999,0.2,395,705
20148001,20151221000000,42.541,9.4852,10,0,6.4,17.7,10.6,55,97,81,2.2,-999,0,494,719
20148001,20151222000000,42.541,9.4852,10,0,7.2,17.8,12.2,58,95,79,2.1,-999,0.2,260,613
20148001,20151223000000,42.541,9.4852,10,0,7.1,16.4,10.4,65,97,85,1.8,-999,0.2,434,689
20148001,20151224000000,42.541,9.4852,10,0,6.9,15.9,10.8,58,95,82,2.4,-999,0,494,729
20148001,20151225000000,42.541,9.4852,10,0,6.8,16.6,10.5,70,98,85,1.8,-999,0,443,626
20148001,20151226000000,42.541,9.4852,10,0,7.8,17.2,11,61,98,86,1.7,-999,0.2,392,650
20148001,20151227000000,42.541,9.4852,10,0,7.6,17.1,11.1,60,92,79,2.4,-999,0,440,741
20148001,20151228000000,42.541,9.4852,10,0,8.4,15.9,11.2,61,88,77,2.7,-999,0,400,725
20148001,20151229000000,42.541,9.4852,10,0,7.5,15.4,10.3,58,90,76,2.9,-999,0,468,749
20148001,20151230000000,42.541,9.4852,10,0,6.9,16.1,11.4,63,91,81,1.8,-999,0,-999,502
20148001,20151231000000,42.541,9.4852,10,0,7.1,13.3,10.1,59,91,81,0.8,-999,0,-999,367
20148001,20160101000000,42.541,9.4852,10,0,9.4,13.3,10.7,77,96,87,1.1,-999,1.2,0,182
20148001,20160102000000,42.541,9.4852,10,0,8.1,14.9,11.8,66,98,89,1.3,-999,0.6,48,342
20148001,20160103000000,42.541,9.4852,10,0,8.5,16.8,12,35,82,57,2.8,-999,0.2,436,766
20148001,20160104000000,42.541,9.4852,10,0,7.7,17.8,13.6,29,82,54,4.2,-999,0.4,84,449
20148001,20160105000000,42.541,9.4852,10,0,9.6,17,11.8,57,91,77,1.7,-999,0,293,631
20148001,20160106000000,42.541,9.4852,10,0,7.2,15.9,11.3,39,80,61,3,-999,0,209,640
20148001,20160107000000,42.541,9.4852,10,0,4.1,16,9.8,46,90,73,1.8,-999,0.6,143,400
20148001,20160108000000,42.541,9.4852,10,0,6.8,19.1,11.8,63,97,85,1.6,-999,0.2,450,728
20148001,20160109000000,42.541,9.4852,10,0,6.5,16.4,11.5,83,99,94,1.6,-999,1.6,34,352
20148001,20160110000000,42.541,9.4852,10,0,6.3,18.4,11.7,62,99,87,2.2,-999,0,484,845
20148001,20160111000000,42.541,9.4852,10,0,7.2,20.7,14.3,27,94,59,6.5,-999,0,276,637
20148001,20160112000000,42.541,9.4852,10,0,12.7,17.4,14.6,23,54,36,9.8,-999,0,513,904
20148001,20160113000000,42.541,9.4852,10,0,8.5,14.7,10.7,19,62,42,6.8,-999,0,523,934
20148001,20160114000000,42.541,9.4852,10,0,3.1,14.7,9.5,14,92,71,1.7,-999,1.2,98,490
20148001,20160115000000,42.541,9.4852,10,0,5.4,12.7,9.3,25,88,57,4.8,-999,0,237,592
20148001,20160116000000,42.541,9.4852,10,0,4.5,11.2,7.7,25,70,46,5.4,-999,0,164,575
20148001,20160117000000,42.541,9.4852,10,0,5.1,11.1,7.1,17,54,33,5,-999,0,474,892
20148001,20160118000000,42.541,9.4852,10,0,-0.1,10,5.3,33,90,59,2.8,-999,1.6,182,517
20148001,20160119000000,42.541,9.4852,10,0,3,10.6,5.8,50,94,79,1.2,-999,0,86,465
20148001,20160120000000,42.541,9.4852,10,0,2.4,10.7,7.7,65,92,79,2.3,-999,0.2,17,364
20148001,20160121000000,42.541,9.4852,10,0,4.3,14.1,9,58,95,83,1.7,-999,2.2,221,646
20148001,20160122000000,42.541,9.4852,10,0,6.1,14,9.4,65,96,86,1.9,-999,1,230,676
20148001,20160123000000,42.541,9.4852,10,0,6.1,14.4,8.8,53,92,78,1.9,-999,0,98,433
20148001,20160124000000,42.541,9.4852,10,0,4.7,14.8,8.9,63,94,81,2.2,-999,0,527,967
20148001,20160125000000,42.541,9.4852,10,0,5.4,15,9.4,57,90,75,2.7,-999,0,540,999
20148001,20160126000000,42.541,9.4852,10,0,7.1,16,12.6,59,89,75,2,-999,0,118,649
20148001,20160127000000,42.541,9.4852,10,0,7.7,16.6,11.5,60,97,83,1.7,-999,0.2,376,904
20148001,20160128000000,42.541,9.4852,10,0,5.9,15.6,10.7,71,97,87,1.5,-999,0.2,299,751
20148001,20160129000000,42.541,9.4852,10,0,7.6,16.2,11.3,63,94,82,2.2,-999,0,234,722
20148001,20160130000000,42.541,9.4852,10,0,7.6,14.8,10.4,69,96,85,2.2,-999,0,380,713
20148001,20160131000000,42.541,9.4852,10,0,5.9,17.7,11.9,59,93,80,2,-999,0,368,965
20148001,20160201000000,42.541,9.4852,10,0,6,16.8,11.7,74,95,86,1.6,-999,0,230,816
20148001,20160202000000,42.541,9.4852,10,0,11.2,14.9,12.8,80,93,89,1.9,-999,0.4,0,270
20148001,20160203000000,42.541,9.4852,10,0,9.2,15.4,12,25,92,73,3.4,-999,0.4,220,539
20148001,20160204000000,42.541,9.4852,10,0,7.4,15.8,11.1,16,57,37,5.8,-999,0,569,1198
20148001,20160205000000,42.541,9.4852,10,0,3.4,15.1,8.5,41,95,70,2.5,-999,0,553,1130
20148001,20160206000000,42.541,9.4852,10,0,5.1,15.5,11.2,62,91,79,4.7,-999,0,345,954
20148001,20160207000000,42.541,9.4852,10,0,10.8,14.6,13.2,73,92,85,5.5,-999,0.6,3,352
20148001,20160208000000,42.541,9.4852,10,0,8.5,17.3,11.7,58,96,83,1.9,-999,0,347,988
20148001,20160209000000,42.541,9.4852,10,0,5.9,16.1,11.9,57,96,77,2.1,-999,1.6,218,829
20148001,20160210000000,42.541,9.4852,10,0,12.2,15.1,13.3,15,70,32,9.9,-999,0,529,1279
20148001,20160211000000,42.541,9.4852,10,0,6.2,15.2,10.6,29,83,60,2.4,-999,0,404,1081
20148001,20160212000000,42.541,9.4852,10,0,5.6,15.3,10.4,47,93,76,2.4,-999,0.4,140,629
20148001,20160213000000,42.541,9.4852,10,0,7.7,19.4,14.5,23,94,58,4.2,-999,5.2,355,889
20148001,20160214000000,42.541,9.4852,10,0,9.1,18.7,13.1,55,94,75,2.2,-999,1.7,551,1269
20148001,20160215000000,42.541,9.4852,10,0,8,12.8,9.2,64,95,82,2.3,-999,30.6,0,205
20148001,20160216000000,42.541,9.4852,10,0,7.2,16,11.4,66,93,85,2.7,-999,2.8,240,934
20148001,20160217000000,42.541,9.4852,10,0,9.4,13.1,10.2,70,95,85,1.9,-999,0,26,576
20148001,20160218000000,42.541,9.4852,10,0,6.8,15.4,10.2,36,84,65,3.1,-999,0,451,1261
20148001,20160219000000,42.541,9.4852,10,0,2.5,14.8,9.2,42,87,62,2.4,-999,0,612,1401
20148001,20160220000000,42.541,9.4852,10,0,5.7,15.9,10.4,33,82,56,2.8,-999,0,614,1434
20148001,20160221000000,42.541,9.4852,10,0,4.9,15.6,9.8,62,95,79,2.4,-999,0,608,1440
20148001,20160222000000,42.541,9.4852,10,0,6.2,16.7,12.1,74,95,85,1.8,-999,2.6,265,1025
20148001,20160223000000,42.541,9.4852,10,0,7.6,17.4,11.9,65,98,86,2.1,-999,0,405,1077
20148001,20160224000000,42.541,9.4852,10,0,6.8,17.5,11.4,51,96,81,2.2,-999,0.2,435,1263
20148001,20160225000000,42.541,9.4852,10,0,6.2,15.4,10.2,68,94,83,2.4,-999,1.2,111,625
20148001,20160226000000,42.541,9.4852,10,0,5.6,15.9,10.7,61,91,83,1.9,-999,1.2,347,1127
20148001,20160227000000,42.541,9.4852,10,0,7.8,14.1,10.8,80,96,91,3.6,-999,23.9,0,274
20148001,20160228000000,42.541,9.4852,10,0,8.2,12.3,9.9,83,97,93,3.7,-999,60.6,0,57
20148001,20160229000000,42.541,9.4852,10,0,7.4,12.3,10.3,80,95,88,3.3,-999,3.6,55,595
20148001,20160301000000,42.541,9.4852,10,0,7.1,16.6,11.9,54,94,70,3.3,-999,0.2,470,1407
20148001,20160302000000,42.541,9.4852,10,0,8.2,16.1,12.4,33,92,65,3.2,-999,0,585,1571
20148001,20160303000000,42.541,9.4852,10,0,9.4,15.9,12.7,29,57,43,9.5,-999,0,580,1689
20148001,20160304000000,42.541,9.4852,10,0,9.5,14.9,10.7,29,82,51,3.2,-999,0,462,1263
20148001,20160305000000,42.541,9.4852,10,0,4.9,17.2,10.6,46,85,70,3.8,-999,2.2,170,974
20148001,20160306000000,42.541,9.4852,10,0,5.7,14.7,10.2,38,78,59,3.5,-999,0,401,1389
20148001,20160307000000,42.541,9.4852,10,0,4.2,14,8.9,35,71,57,3.1,-999,0,331,1193
20148001,20160308000000,42.541,9.4852,10,0,5.1,13.5,8.6,39,90,64,3.9,-999,2.4,206,985
20148001,20160309000000,42.541,9.4852,10,0,4.6,11.2,7.7,67,88,80,2.9,-999,5,54,568
20148001,20160310000000,42.541,9.4852,10,0,6.4,13.7,10.4,54,92,74,2.5,-999,0,291,1099
20148001,20160311000000,42.541,9.4852,10,0,8.9,14.6,12,58,81,71,4.3,-999,0.6,344,1296
20148001,20160312000000,42.541,9.4852,10,0,10.8,15.8,13,54,78,65,5.4,-999,0,429,1591
20148001,20160313000000,42.541,9.4852,10,0,11.4,14.9,12.5,54,69,62,6.2,-999,0,209,1195
20148001,20160314000000,42.541,9.4852,10,0,9.8,14.3,11,56,85,68,4.1,-999,0,342,1248
20148001,20160315000000,42.541,9.4852,10,0,4.1,14.1,9.2,50,88,71,2.1,-999,0,610,1821
20148001,20160316000000,42.541,9.4852,10,0,6.9,15.4,11.3,59,90,74,3.1,-999,1.2,289,1512
20148001,20160317000000,42.541,9.4852,10,0,9.5,15.2,12,59,92,77,2.3,-999,0.4,212,913
20148001,20160318000000,42.541,9.4852,10,0,7.3,15.7,11.4,60,92,78,2.3,-999,0,630,1849
20148001,20160319000000,42.541,9.4852,10,0,7.7,16.3,11.3,65,95,79,3,-999,0.2,496,1733
20148001,20160320000000,42.541,9.4852,10,0,5.8,16.2,11.6,71,95,86,3.4,-999,0,266,1271
20148001,20160321000000,42.541,9.4852,10,0,10.1,17.1,12.9,73,96,86,1.7,-999,0.8,222,1001
20148001,20160322000000,42.541,9.4852,10,0,9.1,17.2,14.3,62,91,75,3.9,-999,0.8,300,1335
20148001,20160323000000,42.541,9.4852,10,0,11.1,15.6,13.1,43,75,57,6.6,-999,0,199,1452
20148001,20160324000000,42.541,9.4852,10,0,10.3,16,12.2,28,67,47,4.9,-999,0,615,2083
20148001,20160325000000,42.541,9.4852,10,0,4.5,15.8,11,48,82,69,3,-999,0,541,1580
20148001,20160326000000,42.541,9.4852,10,0,7,17.1,11.9,57,90,75,2.1,-999,0,659,2037
20148001,20160327000000,42.541,9.4852,10,0,6.8,16.3,11.9,68,93,83,1.6,-999,0,47,855
20148001,20160328000000,42.541,9.4852,10,0,7.7,18.8,13,60,95,84,1.7,-999,0.2,335,1594
20148001,20160329000000,42.541,9.4852,10,0,9.4,17.9,13.5,71,95,85,2,-999,0,476,1784
20148001,20160330000000,42.541,9.4852,10,0,8.6,17.9,13.6,70,94,85,2.3,-999,0,291,1604
20148001,20160331000000,42.541,9.4852,10,0,12.5,17.3,14.9,79,95,88,1.7,-999,0,0,658
20148001,20160401000000,42.541,9.4852,10,0,14.3,17.3,15.2,83,97,93,1.6,-999,0,0,440
20148001,20160402000000,42.541,9.4852,10,0,12.4,20.6,15.4,52,97,82,1.4,-999,0,108,1129
20148001,20160403000000,42.541,9.4852,10,0,9.6,19.9,15,58,95,83,2.4,-999,0,528,1902
20148001,20160404000000,42.541,9.4852,10,0,12.4,18.9,15.4,72,95,88,2,-999,0,428,1745
20148001,20160405000000,42.541,9.4852,10,0,12.4,18.3,14.7,77,97,89,2.8,-999,0.4,236,1365
20148001,20160406000000,42.541,9.4852,10,0,6.8,23,15.1,44,96,76,1.5,-999,0,637,2099
20148001,20160407000000,42.541,9.4852,10,0,10.1,22.1,16,43,94,77,1.7,-999,0,556,1898
20148001,20160408000000,42.541,9.4852,10,0,12.9,18.8,15.1,46,94,77,2,-999,19.2,132,1135
20148001,20160409000000,42.541,9.4852,10,0,8.4,13.9,10,42,93,80,2.3,-999,19.7,190,1104
20148001,20160410000000,42.541,9.4852,10,0,7.2,17.2,12,51,93,72,2.5,-999,0,740,2401
20148001,20160411000000,42.541,9.4852,10,0,7.1,18.4,13.4,58,96,82,3.1,-999,0.2,693,2368
20148001,20160412000000,42.541,9.4852,10,0,10.2,19,14.8,72,96,86,1.7,-999,0,559,2011
20148001,20160413000000,42.541,9.4852,10,0,10.2,20.8,15.1,62,97,85,1.8,-999,0.2,526,2098
20148001,20160414000000,42.541,9.4852,10,0,8,20.5,14.8,50,94,74,2.7,-999,0,739,2465
20148001,20160415000000,42.541,9.4852,10,0,9.5,20.5,14.8,38,93,71,2.6,-999,0.2,748,2502
20148001,20160416000000,42.541,9.4852,10,0,8.5,19.5,15.1,71,94,85,1.6,-999,0,96,1259
20148001,20160417000000,42.541,9.4852,10,0,12.9,20.6,16,74,95,87,1.6,-999,0,301,1424
20148001,20160418000000,42.541,9.4852,10,0,11.6,21.6,15.6,59,97,81,1.9,-999,0.2,404,1767
20148001,20160419000000,42.541,9.4852,10,0,8.2,20.2,15.1,31,85,55,4.7,-999,0,740,2540
20148001,20160420000000,42.541,9.4852,10,0,8,23.1,15.3,34,82,64,1.9,-999,0,754,2410
20148001,20160421000000,42.541,9.4852,10,0,8.2,19.8,14.9,62,92,81,2.7,-999,0.6,296,1653
20148001,20160422000000,42.541,9.4852,10,0,9.8,18.8,14.6,72,96,88,1.4,-999,1.4,275,1370
20148001,20160423000000,42.541,9.4852,10,0,11.1,20.2,14.9,53,96,80,1.7,-999,0,139,1405
20148001,20160424000000,42.541,9.4852,10,0,10.9,21.8,16,48,90,65,3.2,-999,4.8,642,2348
20148001,20160425000000,42.541,9.4852,10,0,9.3,18.1,12.5,20,92,58,4.5,-999,0,684,2695
20148001,20160426000000,42.541,9.4852,10,0,5.4,19,13.4,41,82,60,2.6,-999,0,755,2684
20148001,20160427000000,42.541,9.4852,10,0,6.6,21.9,15.4,35,85,58,2.5,-999,0,776,2716
20148001,20160428000000,42.541,9.4852,10,0,10.5,17.9,13.8,62,91,80,1.5,-999,0.6,23,803
20148001,20160429000000,42.541,9.4852,10,0,11.8,19.9,15.2,49,92,73,2.1,-999,0.2,674,2545
20148001,20160430000000,42.541,9.4852,10,0,8.4,19.8,13.5,45,93,78,2,-999,3,292,1411
20148001,20160501000000,42.541,9.4852,10,0,6.7,19,12.2,55,95,76,2.9,-999,12.8,405,1836
20148001,20160502000000,42.541,9.4852,10,0,10.6,18.4,14.3,57,93,71,3.5,-999,6.5,122,1023
20148001,20160503000000,42.541,9.4852,10,0,12.8,23.7,18.4,38,93,56,3.4,-999,0,764,2667
20148001,20160504000000,42.541,9.4852,10,0,10.3,23.3,16.7,36,92,63,2.1,-999,0,779,2754
20148001,20160505000000,42.541,9.4852,10,0,10,21.3,15.7,41,82,67,2.6,-999,0,600,2228
20148001,20160506000000,42.541,9.4852,10,0,8.7,20.6,14.8,52,94,75,2.6,-999,0.2,782,2718
20148001,20160507000000,42.541,9.4852,10,0,6.8,20.6,14.8,51,95,76,3.2,-999,0.2,631,2430
20148001,20160508000000,42.541,9.4852,10,0,12,19.8,16,61,94,82,2.3,-999,0,30,1060
20148001,20160509000000,42.541,9.4852,10,0,14.2,21.1,17.7,64,91,82,5.8,-999,0,318,1917
20148001,20160510000000,42.541,9.4852,10,0,16.6,21.8,18.4,65,96,85,6.2,-999,0.6,493,2383
20148001,20160511000000,42.541,9.4852,10,0,16.4,20.9,17.5,77,96,88,3.4,-999,4.4,16,992
20148001,20160512000000,42.541,9.4852,10,0,13.2,20.9,16.6,58,93,78,2.9,-999,0.2,492,2237
20148001,20160513000000,42.541,9.4852,10,0,11,26,19.3,32,74,51,3.5,-999,0.6,623,2532
20148001,20160514000000,42.541,9.4852,10,0,14,22.3,17.8,55,93,78,1.8,-999,0,291,2120
20148001,20160515000000,42.541,9.4852,10,0,15.1,21.4,17.1,66,95,85,2.3,-999,9.4,221,1482
20148001,20160516000000,42.541,9.4852,10,0,13.4,20.6,16.7,63,95,83,1.9,-999,5.7,313,1635
20148001,20160517000000,42.541,9.4852,10,0,12,20.3,15.8,58,95,82,2.2,-999,3.6,457,1978
20148001,20160518000000,42.541,9.4852,10,0,10.8,20.7,15.8,58,94,80,2.4,-999,0,527,2154
20148001,20160519000000,42.541,9.4852,10,0,12.2,25,17.8,24,92,62,4.4,-999,0.4,441,2355
20148001,20160520000000,42.541,9.4852,10,0,13.8,24.6,19.7,33,72,50,4.2,-999,0,677,2791
20148001,20160521000000,42.541,9.4852,10,0,14.6,26.5,20,23,81,50,2.8,-999,0,833,2905
20148001,20160522000000,42.541,9.4852,10,0,11.5,24.1,18.7,35,89,65,1.9,-999,0,833,2898
20148001,20160523000000,42.541,9.4852,10,0,12.9,23.8,19.2,21,86,45,5.5,-999,0,717,2866
20148001,20160524000000,42.541,9.4852,10,0,13.6,25.3,18.5,23,85,53,3.3,-999,0,838,2986
20148001,20160525000000,42.541,9.4852,10,0,11,21.1,16.6,58,90,70,2.3,-999,0,692,2653
20148001,20160526000000,42.541,9.4852,10,0,12.4,22.3,17.6,56,96,79,2.9,-999,0,702,2648
20148001,20160527000000,42.541,9.4852,10,0,12.1,24,18.5,43,97,79,2.6,-999,0.2,740,2814
20148001,20160528000000,42.541,9.4852,10,0,13.3,25.9,19.9,36,97,74,1.5,-999,0.6,561,2332
20148001,20160529000000,42.541,9.4852,10,0,15.9,23.4,19.7,47,94,76,2.2,-999,0.8,348,1926
20148001,20160530000000,42.541,9.4852,10,0,13.9,25.6,20.3,35,81,60,2.6,-999,0,735,2919
20148001,20160531000000,42.541,9.4852,10,0,12.3,23.9,18.5,48,86,68,2.8,-999,0,539,2417
20148001,20160601000000,42.541,9.4852,10,0,12.4,20.4,16.8,60,92,80,1.9,-999,2,39,1136
20148001,20160602000000,42.541,9.4852,10,0,14.3,22.4,18,58,91,78,2,-999,0.6,189,1634
20148001,20160603000000,42.541,9.4852,10,0,14.8,23.4,19.1,52,88,78,1.6,-999,0.6,134,1496
20148001,20160604000000,42.541,9.4852,10,0,14.9,24.2,19.4,54,91,77,2.1,-999,0,510,2420
20148001,20160605000000,42.541,9.4852,10,0,14.1,24.8,19.6,49,91,74,2,-999,0,718,2771
20148001,20160606000000,42.541,9.4852,10,0,14.3,24.8,19.8,58,94,78,2.1,-999,0.2,625,2617
20148001,20160607000000,42.541,9.4852,10,0,14.3,25.8,20.8,55,93,74,2.4,-999,0,828,2919
20148001,20160608000000,42.541,9.4852,10,0,15.6,25.9,21.5,53,90,72,2.1,-999,0,693,2642
20148001,20160609000000,42.541,9.4852,10,0,18.5,25.7,21.7,55,93,77,2.1,-999,0,521,2614
20148001,20160610000000,42.541,9.4852,10,0,16.4,25.7,21.2,51,92,74,2,-999,0,681,2870
20148001,20160611000000,42.541,9.4852,10,0,16.3,25.3,21.3,61,91,79,2.4,-999,0.2,358,2035
20148001,20160612000000,42.541,9.4852,10,0,18.8,26.7,21.9,41,91,71,2.3,-999,0,575,2645
20148001,20160613000000,42.541,9.4852,10,0,15.6,25,21,56,91,70,2.8,-999,0,636,2678
20148001,20160614000000,42.541,9.4852,10,0,16,27.2,21.9,43,88,63,2.7,-999,0,850,3020
20148001,20160615000000,42.541,9.4852,10,0,14.3,26.3,21.5,40,86,64,3.2,-999,0,620,2472
20148001,20160616000000,42.541,9.4852,10,0,16.5,27.9,22.6,37,91,71,2.9,-999,0,414,2274
20148001,20160617000000,42.541,9.4852,10,0,18.1,26.6,21.7,33,78,52,2.8,-999,0,773,2740
20148001,20160618000000,42.541,9.4852,10,0,13.8,25,19.8,51,79,67,3,-999,2.2,406,1904
20148001,20160619000000,42.541,9.4852,10,0,15.8,24.5,19.4,41,93,67,3.2,-999,0,423,2366
20148001,20160620000000,42.541,9.4852,10,0,16,26.5,21.2,39,79,58,2.5,-999,0,805,2861
20148001,20160621000000,42.541,9.4852,10,0,16,26.9,21.8,39,84,62,2.5,-999,0,766,2945
20148001,20160622000000,42.541,9.4852,10,0,16.2,29.7,23.6,36,81,56,2.3,-999,0,857,3030
20148001,20160623000000,42.541,9.4852,10,0,18,32.7,26.3,36,77,53,2.8,-999,0,826,2899
20148001,20160624000000,42.541,9.4852,10,0,20.7,35.5,27.1,26,83,57,2.4,-999,0,821,2898
20148001,20160625000000,42.541,9.4852,10,0,19.3,29.7,24.9,43,89,66,2.5,-999,0,829,2901
20148001,20160626000000,42.541,9.4852,10,0,19.2,30.5,25.4,43,91,65,2,-999,0,833,2885
20148001,20160627000000,42.541,9.4852,10,0,19,28.8,23.5,46,92,69,3.4,-999,0,-999,2370
20148001,20160628000000,42.541,9.4852,10,0,18,27.7,23.1,55,89,70,2.3,-999,0,836,2803
20148001,20160629000000,42.541,9.4852,10,0,18.1,27.9,23.2,54,88,72,1.8,-999,0,569,2119
20148001,20160630000000,42.541,9.4852,10,0,20.5,29.7,24,47,94,78,2.5,-999,0,579,2460
20148001,20160701000000,42.541,9.4852,10,0,19,28.5,24,59,92,77,2.1,-999,0,763,2660
20148001,20160702000000,42.541,9.4852,10,0,19.7,29.1,24.6,52,88,75,2.3,-999,0,737,2788
20148001,20160703000000,42.541,9.4852,10,0,20.2,30.6,25.1,45,84,67,2.6,-999,0,793,2893
20148001,20160704000000,42.541,9.4852,10,0,19,29.3,24.4,52,88,73,2.4,-999,0,789,2850
20148001,20160705000000,42.541,9.4852,10,0,20.4,30.5,26.1,41,87,66,2.4,-999,0,740,2724
20148001,20160706000000,42.541,9.4852,10,0,20.8,30,25.7,54,85,71,2.1,-999,0,750,2792
20148001,20160707000000,42.541,9.4852,10,0,20.1,30.6,25.9,47,89,72,1.9,-999,0,818,2853
20148001,20160708000000,42.541,9.4852,10,0,21,30.4,25.8,50,89,72,2.1,-999,0,-999,2589
20148001,20160709000000,42.541,9.4852,10,0,21.3,29.8,25.8,52,89,74,2,-999,0,-999,2806
20148001,20160710000000,42.541,9.4852,10,0,20.2,31.4,26.1,40,90,70,2.1,-999,0,780,2893
20148001,20160711000000,42.541,9.4852,10,0,20.3,31.1,26.3,39,86,67,2.3,-999,0,820,2858
20148001,20160712000000,42.541,9.4852,10,0,21.4,30.7,26.5,51,90,73,2.2,-999,0,821,2788
20148001,20160713000000,42.541,9.4852,10,0,21,30.7,26,25,89,57,3,-999,0,555,2165
20148001,20160714000000,42.541,9.4852,10,0,18.6,28.4,24,18,58,39,3.4,-999,0,778,2883
20148001,20160715000000,42.541,9.4852,10,0,19.1,26.7,22.5,29,71,48,5,-999,0,569,2461
20148001,20160716000000,42.541,9.4852,10,0,17,28.1,23.1,29,67,45,2.5,-999,0,831,2939
20148001,20160717000000,42.541,9.4852,10,0,16.7,27.9,23,34,71,50,3,-999,0,841,2933
20148001,20160718000000,42.541,9.4852,10,0,16.8,28.3,23.3,48,79,61,2.5,-999,0,836,2895
20148001,20160719000000,42.541,9.4852,10,0,18,29.2,23.9,35,87,61,2.6,-999,0,834,2855
20148001,20160720000000,42.541,9.4852,10,0,18.5,29.7,25,35,89,58,2.6,-999,0,826,2793
20148001,20160721000000,42.541,9.4852,10,0,19.1,29.9,24.6,38,85,61,2,-999,0,696,2562
20148001,20160722000000,42.541,9.4852,10,0,19.2,29.5,24.7,41,89,72,2.5,-999,0.8,552,2323
20148001,20160723000000,42.541,9.4852,10,0,22.6,30.1,25.2,52,94,81,2.3,-999,0,386,2036
20148001,20160724000000,42.541,9.4852,10,0,21.5,29.5,24.9,63,90,78,2.6,-999,0,429,2155
20148001,20160725000000,42.541,9.4852,10,0,20.3,31,25.9,38,89,63,2.7,-999,0,652,2549
20148001,20160726000000,42.541,9.4852,10,0,20.8,31.3,26,45,87,64,2,-999,0,733,2621
20148001,20160727000000,42.541,9.4852,10,0,20.9,30.5,25.2,55,94,74,2,-999,0.6,571,2050
20148001,20160728000000,42.541,9.4852,10,0,20.9,29.7,25.5,55,94,76,1.8,-999,0,776,2655
20148001,20160729000000,42.541,9.4852,10,0,21.4,29.5,25.3,61,89,77,2.2,-999,0,506,2399
20148001,20160730000000,42.541,9.4852,10,0,21,30.3,25.8,57,90,73,2.1,-999,0,786,2595
20148001,20160731000000,42.541,9.4852,10,0,20.8,29.6,25.6,61,85,74,2.5,-999,0,750,2544
20148001,20160801000000,42.541,9.4852,10,0,21.4,31.1,25.9,52,83,68,2.2,-999,0,586,2112
20148001,20160802000000,42.541,9.4852,10,0,19.7,30.2,25.3,48,88,70,2.4,-999,0,795,2647
20148001,20160803000000,42.541,9.4852,10,0,20.5,30.4,25.8,49,87,67,2.1,-999,0,797,2619
20148001,20160804000000,42.541,9.4852,10,0,21.5,29.8,25.9,62,89,75,2.2,-999,0,787,2578
20148001,20160805000000,42.541,9.4852,10,0,21.8,31.7,25.6,22,90,59,3.8,-999,0,420,1794
20148001,20160806000000,42.541,9.4852,10,0,19,29.5,25.6,33,65,47,5.2,-999,0,740,2661
20148001,20160807000000,42.541,9.4852,10,0,20.9,30.5,26.3,31,65,47,4.4,-999,0,794,2639
20148001,20160808000000,42.541,9.4852,10,0,17.9,31.3,24.9,27,75,48,2.6,-999,0,791,2644
20148001,20160809000000,42.541,9.4852,10,0,19,30.8,25.3,29,78,51,2.6,-999,0,789,2524
20148001,20160810000000,42.541,9.4852,10,0,18.4,29.5,23.9,47,80,65,2.5,-999,0,387,1673
20148001,20160811000000,42.541,9.4852,10,0,18.6,27.5,22.7,35,78,57,3.4,-999,0,610,2356
20148001,20160812000000,42.541,9.4852,10,0,15.2,27.7,21.9,27,78,52,2.5,-999,0,785,2545
20148001,20160813000000,42.541,9.4852,10,0,16.5,30.4,23.8,27,71,51,2,-999,0,783,2612
20148001,20160814000000,42.541,9.4852,10,0,17.6,29.8,23.9,44,87,64,2.1,-999,0,782,2569
20148001,20160815000000,42.541,9.4852,10,0,17.9,29.5,24.2,46,81,66,2.1,-999,0,776,2535
20148001,20160816000000,42.541,9.4852,10,0,19.1,30.3,24.6,36,74,58,2.5,-999,0,718,2360
20148001,20160817000000,42.541,9.4852,10,0,18.5,29,24,43,83,64,2.3,-999,0,614,2251
20148001,20160818000000,42.541,9.4852,10,0,18.6,28.6,23.8,51,88,71,2.5,-999,0,734,2305
20148001,20160819000000,42.541,9.4852,10,0,19.5,29.5,24.8,57,88,74,1.8,-999,0,442,1887
20148001,20160820000000,42.541,9.4852,10,0,20.3,29.2,25,63,88,76,2.4,-999,0,717,2361
20148001,20160821000000,42.541,9.4852,10,0,21.4,29.8,25.2,56,87,73,2.2,-999,0,555,1932
20148001,20160822000000,42.541,9.4852,10,0,18.7,30.1,24.4,31,82,55,3.5,-999,0,751,2460
20148001,20160823000000,42.541,9.4852,10,0,16.8,30.4,23.8,26,71,48,2.8,-999,0,762,2450
20148001,20160824000000,42.541,9.4852,10,0,17.2,30.9,25,33,73,49,2.8,-999,0,762,2430
20148001,20160825000000,42.541,9.4852,10,0,17.6,31.2,24.7,29,74,53,2.5,-999,0,755,2320
20148001,20160826000000,42.541,9.4852,10,0,18.5,29.5,23.7,35,74,57,2.1,-999,0,749,2352
20148001,20160827000000,42.541,9.4852,10,0,17.1,30.6,24.3,35,84,59,2.3,-999,0,748,2347
20148001,20160828000000,42.541,9.4852,10,0,18.3,29,24.3,47,85,69,2.1,-999,0,735,2300
20148001,20160829000000,42.541,9.4852,10,0,20.8,28.7,24.3,55,89,73,2.6,-999,0,653,2060
20148001,20160830000000,42.541,9.4852,10,0,19.6,28.4,22.7,56,93,80,2.4,-999,2.4,187,853
20148001,20160831000000,42.541,9.4852,10,0,19.1,28.3,23.2,55,92,77,2,-999,0.2,589,2056
20148001,20160901000000,42.541,9.4852,10,0,19.2,29.2,24.2,49,89,71,1.9,-999,0,727,2196
20148001,20160902000000,42.541,9.4852,10,0,19.7,29.8,25,47,84,66,2.4,-999,0,730,2184
20148001,20160903000000,42.541,9.4852,10,0,20.4,29.2,25,56,87,71,2.7,-999,0,713,2173
20148001,20160904000000,42.541,9.4852,10,0,20.5,29,24.7,61,89,76,2.4,-999,0,617,1988
20148001,20160905000000,42.541,9.4852,10,0,20.8,29.5,24.6,57,91,76,2.1,-999,0,643,2048
20148001,20160906000000,42.541,9.4852,10,0,19.6,29.9,23.8,27,90,58,2.8,-999,6.9,711,2213
20148001,20160907000000,42.541,9.4852,10,0,17.3,26.8,23.3,47,74,59,5.3,-999,0,64,638
20148001,20160908000000,42.541,9.4852,10,0,20.5,29.2,25.4,37,68,53,3.4,-999,0,652,2026
20148001,20160909000000,42.541,9.4852,10,0,20.7,31.2,25.7,32,68,49,3,-999,0,709,2046
20148001,20160910000000,42.541,9.4852,10,0,19.4,31.2,25.7,34,73,52,2.5,-999,0,696,1963
20148001,20160911000000,42.541,9.4852,10,0,22.7,31.8,25.8,33,80,54,2.6,-999,0,672,1900
20148001,20160912000000,42.541,9.4852,10,0,19.3,29.6,24.2,43,79,63,2,-999,0,697,1845
20148001,20160913000000,42.541,9.4852,10,0,19.1,29,23.7,46,84,66,1.8,-999,0,631,1753
20148001,20160914000000,42.541,9.4852,10,0,17.6,27.9,23,59,87,75,3.3,-999,3.2,508,1765
20148001,20160915000000,42.541,9.4852,10,0,19.6,27.8,22.5,53,94,82,2.2,-999,18.4,327,1253
20148001,20160916000000,42.541,9.4852,10,0,18.1,26.3,21,47,95,77,3.4,-999,22.4,239,1123
20148001,20160917000000,42.541,9.4852,10,0,15.6,26.5,-999,-999,80,-999,2.5,-999,0.2,383,1372
20148001,20160918000000,42.541,9.4852,10,0,17,23.4,19.2,37,86,65,2.9,-999,2.4,216,1018
20148001,20160919000000,42.541,9.4852,10,0,16,26,20.8,37,82,61,2.3,-999,0,655,1900
20148001,20160920000000,42.541,9.4852,10,0,15.5,26.1,21.7,48,74,65,3.5,-999,18,603,1766
20148001,20160921000000,42.541,9.4852,10,0,17.8,25.3,20.1,60,92,81,2.4,-999,10,400,1500
20148001,20160922000000,42.541,9.4852,10,0,16.3,24.6,20,53,86,72,2.4,-999,0,619,1818
20148001,20160923000000,42.541,9.4852,10,0,15.9,25.5,20.8,51,85,71,2.7,-999,0,392,1347
20148001,20160924000000,42.541,9.4852,10,0,16.7,25.3,19.9,53,88,76,1.8,-999,0,375,1392
20148001,20160925000000,42.541,9.4852,10,0,15.1,25.3,19.7,35,87,64,2.5,-999,0,663,1816
20148001,20160926000000,42.541,9.4852,10,0,15.8,25.4,19.9,45,87,66,3.1,-999,0,638,1772
20148001,20160927000000,42.541,9.4852,10,0,15.7,25.2,19.8,42,81,64,3,-999,0,648,1678
20148001,20160928000000,42.541,9.4852,10,0,14.4,25.8,19.8,35,82,61,2,-999,0,671,1749
20148001,20160929000000,42.541,9.4852,10,0,15.7,25.6,20.4,43,85,59,2.6,-999,0,663,1750
20148001,20160930000000,42.541,9.4852,10,0,14.5,24.3,19,49,86,70,2.4,-999,0,628,1618
20148001,20161001000000,42.541,9.4852,10,0,15.1,23.7,20,65,88,80,2.5,-999,0.2,105,794
20148001,20161002000000,42.541,9.4852,10,0,16.6,25.5,21.1,56,91,77,2.4,-999,0,610,1623
20148001,20161003000000,42.541,9.4852,10,0,15.8,26.3,20.8,46,87,70,2.7,-999,0,655,1655
20148001,20161004000000,42.541,9.4852,10,0,15.1,24.1,18.8,40,82,62,3.3,-999,0,646,1682
20148001,20161005000000,42.541,9.4852,10,0,14.4,23.2,17.8,39,83,60,2.8,-999,0,617,1668
20148001,20161006000000,42.541,9.4852,10,0,12.6,21.6,17.6,62,95,77,2.6,-999,28.9,199,737
20148001,20161007000000,42.541,9.4852,10,0,15.1,21.4,17.3,53,93,74,5,-999,0,488,1492
20148001,20161008000000,42.541,9.4852,10,0,12.8,23.4,17.6,51,89,72,2,-999,0,525,1354
20148001,20161009000000,42.541,9.4852,10,0,13.5,21.8,17.4,52,87,70,3.4,-999,6.7,322,1184
20148001,20161010000000,42.541,9.4852,10,0,13.3,20,16.1,58,93,75,3,-999,0.2,477,1399
20148001,20161011000000,42.541,9.4852,10,0,10.6,16.4,12.4,70,92,82,2.9,-999,10.5,10,364
20148001,20161012000000,42.541,9.4852,10,0,9.9,18.3,13.3,50,86,70,2.8,-999,0,393,1260
20148001,20161013000000,42.541,9.4852,10,0,9.3,21,14.6,66,97,86,2.1,-999,19.2,0,250
20148001,20161014000000,42.541,9.4852,10,0,15.2,21.9,18.4,70,97,91,4,-999,27,0,189
20148001,20161015000000,42.541,9.4852,10,0,15,22.6,18,67,94,84,1.7,-999,0.8,357,1086
20148001,20161016000000,42.541,9.4852,10,0,12.3,22.3,17.3,49,90,74,2.4,-999,0,541,1402
20148001,20161017000000,42.541,9.4852,10,0,14.2,22.2,17.5,55,92,77,2.5,-999,0,409,1183
20148001,20161018000000,42.541,9.4852,10,0,14.9,21.9,16.9,64,95,84,1.9,-999,0.4,241,839
20148001,20161019000000,42.541,9.4852,10,0,12,21.8,16.2,58,95,82,2.1,-999,0.2,479,1235
20148001,20161020000000,42.541,9.4852,10,0,11.2,20.7,16.2,54,91,72,2.2,-999,0,589,1344
20148001,20161021000000,42.541,9.4852,10,0,13,20.1,15.5,43,86,63,4,-999,0,270,983
20148001,20161022000000,42.541,9.4852,10,0,11,19.8,15.3,58,88,74,2.3,-999,0.8,503,1211
20148001,20161023000000,42.541,9.4852,10,0,14.2,21.4,17.3,76,96,88,2.1,-999,0,108,786
20148001,20161024000000,42.541,9.4852,10,0,14.1,22.5,18.6,82,97,92,4.1,-999,0.2,173,727
20148001,20161025000000,42.541,9.4852,10,0,15.7,22.8,19.3,78,98,93,1.3,-999,0.2,123,720
20148001,20161026000000,42.541,9.4852,10,0,16.6,22,19.2,74,97,91,1.6,-999,0.6,4,525
20148001,20161027000000,42.541,9.4852,10,0,16.6,21.6,18.2,52,89,70,4.6,-999,0,471,1153
20148001,20161028000000,42.541,9.4852,10,0,10.1,19.7,14.2,51,90,71,2.8,-999,0,589,1203
20148001,20161029000000,42.541,9.4852,10,0,8.3,20.8,13.9,54,87,71,2.6,-999,0,596,1219
20148001,20161030000000,42.541,9.4852,10,0,9.7,22,14.9,55,91,73,1.8,-999,0.2,591,1166
20148001,20161031000000,42.541,9.4852,10,0,10.1,21.9,15.3,58,94,81,1.5,-999,0,582,1105
20148001,20161101000000,42.541,9.4852,10,0,11.4,21,15.3,60,95,82,2.1,-999,0.2,544,1063
20148001,20161102000000,42.541,9.4852,10,0,11.9,21,15.6,59,90,80,2.6,-999,0,570,1110
20148001,20161103000000,42.541,9.4852,10,0,11.2,20.8,16.3,69,90,82,2.2,-999,0,332,840
20148001,20161104000000,42.541,9.4852,10,0,12.8,20.2,16,64,93,82,2.1,-999,0,306,733
20148001,20161105000000,42.541,9.4852,10,0,12.6,22.9,17.3,53,95,80,2.6,-999,7,86,442
20148001,20161106000000,42.541,9.4852,10,0,14.1,22.2,16.4,32,95,68,3.2,-999,0,253,787
20148001,20161107000000,42.541,9.4852,10,0,6.1,18.4,11.7,39,88,68,2,-999,0,232,686
20148001,20161108000000,42.541,9.4852,10,0,10.2,16.3,11.9,35,65,53,4.2,-999,0,211,655
20148001,20161109000000,42.541,9.4852,10,0,8.6,16.4,11.7,37,89,63,3.2,-999,2.4,313,747
20148001,20161110000000,42.541,9.4852,10,0,7.1,18.6,12.5,39,84,64,2.1,-999,0,463,922
20148001,20161111000000,42.541,9.4852,10,0,8.3,20.5,13.3,33,84,57,4.6,-999,1.6,376,868
20148001,20161112000000,42.541,9.4852,10,0,7.6,17.1,11.4,33,78,56,2.9,-999,0,546,997
