66008006,20140101000000,42.545,3.028333,18,5,-999,-999,-999,-999,-999,-999,-999,-999,0,-999,-999
66008006,20140102000000,42.545,3.028333,18,5,-999,-999,-999,-999,-999,-999,-999,-999,0,-999,-999
66008006,20140103000000,42.545,3.028333,18,5,-999,-999,-999,-999,-999,-999,-999,-999,0,-999,-999
66008006,20140104000000,42.545,3.028333,18,5,-999,-999,-999,-999,-999,-999,-999,-999,0,-999,-999
66008006,20140105000000,42.545,3.028333,18,5,-999,-999,-999,-999,-999,-999,-999,-999,0,-999,-999
66008006,20140106000000,42.545,3.028333,18,5,-999,-999,-999,-999,-999,-999,-999,-999,0,-999,-999
66008006,20140107000000,42.545,3.028333,18,5,-999,-999,-999,-999,-999,-999,-999,-999,0,-999,-999
66008006,20140108000000,42.545,3.028333,18,5,-999,-999,-999,-999,-999,-999,-999,-999,0,-999,-999
66008006,20140113000000,42.545,3.028333,18,5,-999,-999,-999,-999,-999,-999,-999,-999,3.5,-999,-999
66008006,20140114000000,42.545,3.028333,18,5,-999,-999,-999,-999,-999,-999,-999,-999,0,-999,-999
66008006,20140115000000,42.545,3.028333,18,5,-999,-999,-999,-999,-999,-999,-999,-999,0,-999,-999
66008006,20140116000000,42.545,3.028333,18,5,-999,-999,-999,-999,-999,-999,-999,-999,0,-999,-999
66008006,20140117000000,42.545,3.028333,18,5,-999,-999,-999,-999,-999,-999,-999,-999,0,-999,-999
66008006,20140118000000,42.545,3.028333,18,5,-999,-999,-999,-999,-999,-999,-999,-999,9,-999,-999
66008006,20140119000000,42.545,3.028333,18,5,-999,-999,-999,-999,-999,-999,-999,-999,1,-999,-999
66008006,20140120000000,42.545,3.028333,18,5,-999,-999,-999,-999,-999,-999,-999,-999,0,-999,-999
66008006,20140121000000,42.545,3.028333,18,5,-999,-999,-999,-999,-999,-999,-999,-999,0,-999,-999
66008006,20140122000000,42.545,3.028333,18,5,-999,-999,-999,-999,-999,-999,-999,-999,4,-999,-999
66008006,20140124000000,42.545,3.028333,18,5,-999,-999,-999,-999,-999,-999,-999,-999,15.5,-999,-999
66008006,20140125000000,42.545,3.028333,18,5,-999,-999,-999,-999,-999,-999,-999,-999,0,-999,-999
66008006,20140126000000,42.545,3.028333,18,5,-999,-999,-999,-999,-999,-999,-999,-999,0,-999,-999
66008006,20140127000000,42.545,3.028333,18,5,-999,-999,-999,-999,-999,-999,-999,-999,0,-999,-999
66008006,20140128000000,42.545,3.028333,18,5,-999,-999,-999,-999,-999,-999,-999,-999,0,-999,-999
66008006,20140129000000,42.545,3.028333,18,5,-999,-999,-999,-999,-999,-999,-999,-999,9.5,-999,-999
66008006,20140130000000,42.545,3.028333,18,5,-999,-999,-999,-999,-999,-999,-999,-999,0,-999,-999
66008006,20140131000000,42.545,3.028333,18,5,-999,-999,-999,-999,-999,-999,-999,-999,0,-999,-999
66008006,20140201000000,42.545,3.028333,18,5,-999,-999,-999,-999,-999,-999,-999,-999,0,-999,-999
66008006,20140202000000,42.545,3.028333,18,5,-999,-999,-999,-999,-999,-999,-999,-999,0,-999,-999
66008006,20140203000000,42.545,3.028333,18,5,-999,-999,-999,-999,-999,-999,-999,-999,0,-999,-999
66008006,20140204000000,42.545,3.028333,18,5,-999,-999,-999,-999,-999,-999,-999,-999,0,-999,-999
66008006,20140206000000,42.545,3.028333,18,5,-999,-999,-999,-999,-999,-999,-999,-999,0,-999,-999
66008006,20140207000000,42.545,3.028333,18,5,-999,-999,-999,-999,-999,-999,-999,-999,0,-999,-999
66008006,20140208000000,42.545,3.028333,18,5,-999,-999,-999,-999,-999,-999,-999,-999,0,-999,-999
66008006,20140209000000,42.545,3.028333,18,5,-999,-999,-999,-999,-999,-999,-999,-999,0,-999,-999
66008006,20140210000000,42.545,3.028333,18,5,-999,-999,-999,-999,-999,-999,-999,-999,0,-999,-999
66008006,20140211000000,42.545,3.028333,18,5,-999,-999,-999,-999,-999,-999,-999,-999,0,-999,-999
66008006,20140212000000,42.545,3.028333,18,5,-999,-999,-999,-999,-999,-999,-999,-999,0,-999,-999
66008006,20140213000000,42.545,3.028333,18,5,-999,-999,-999,-999,-999,-999,-999,-999,0,-999,-999
66008006,20140214000000,42.545,3.028333,18,5,-999,-999,-999,-999,-999,-999,-999,-999,0,-999,-999
66008006,20140215000000,42.545,3.028333,18,5,-999,-999,-999,-999,-999,-999,-999,-999,1.5,-999,-999
66008006,20140218000000,42.545,3.028333,18,5,-999,-999,-999,-999,-999,-999,-999,-999,0,-999,-999
66008006,20140219000000,42.545,3.028333,18,5,-999,-999,-999,-999,-999,-999,-999,-999,0,-999,-999
66008006,20140220000000,42.545,3.028333,18,5,-999,-999,-999,-999,-999,-999,-999,-999,0,-999,-999
66008006,20140221000000,42.545,3.028333,18,5,-999,-999,-999,-999,-999,-999,-999,-999,0,-999,-999
66008006,20140222000000,42.545,3.028333,18,5,-999,-999,-999,-999,-999,-999,-999,-999,0,-999,-999
66008006,20140223000000,42.545,3.028333,18,5,-999,-999,-999,-999,-999,-999,-999,-999,0,-999,-999
66008006,20140224000000,42.545,3.028333,18,5,-999,-999,-999,-999,-999,-999,-999,-999,0,-999,-999
66008006,20140225000000,42.545,3.028333,18,5,-999,-999,-999,-999,-999,-999,-999,-999,4,-999,-999
66008006,20140226000000,42.545,3.028333,18,5,-999,-999,-999,-999,-999,-999,-999,-999,0,-999,-999
66008006,20140227000000,42.545,3.028333,18,5,-999,-999,-999,-999,-999,-999,-999,-999,0,-999,-999
66008006,20140228000000,42.545,3.028333,18,5,-999,-999,-999,-999,-999,-999,-999,-999,0.5,-999,-999
66008006,20140301000000,42.545,3.028333,18,5,-999,-999,-999,-999,-999,-999,-999,-999,0,-999,-999
66008006,20140302000000,42.545,3.028333,18,5,-999,-999,-999,-999,-999,-999,-999,-999,0.5,-999,-999
66008006,20140303000000,42.545,3.028333,18,5,-999,-999,-999,-999,-999,-999,-999,-999,0.5,-999,-999
66008006,20140304000000,42.545,3.028333,18,5,-999,-999,-999,-999,-999,-999,-999,-999,0,-999,-999
66008006,20140306000000,42.545,3.028333,18,5,-999,-999,-999,-999,-999,-999,-999,-999,0,-999,-999
66008006,20140307000000,42.545,3.028333,18,5,-999,-999,-999,-999,-999,-999,-999,-999,0,-999,-999
66008006,20140308000000,42.545,3.028333,18,5,-999,-999,-999,-999,-999,-999,-999,-999,0,-999,-999
66008006,20140309000000,42.545,3.028333,18,5,-999,-999,-999,-999,-999,-999,-999,-999,0,-999,-999
66008006,20140310000000,42.545,3.028333,18,5,-999,-999,-999,-999,-999,-999,-999,-999,0,-999,-999
66008006,20140311000000,42.545,3.028333,18,5,-999,-999,-999,-999,-999,-999,-999,-999,0,-999,-999
66008006,20140312000000,42.545,3.028333,18,5,-999,-999,-999,-999,-999,-999,-999,-999,0,-999,-999
66008006,20140313000000,42.545,3.028333,18,5,-999,-999,-999,-999,-999,-999,-999,-999,0,-999,-999
66008006,20140314000000,42.545,3.028333,18,5,-999,-999,-999,-999,-999,-999,-999,-999,0,-999,-999
66008006,20140315000000,42.545,3.028333,18,5,-999,-999,-999,-999,-999,-999,-999,-999,0,-999,-999
66008006,20140316000000,42.545,3.028333,18,5,-999,-999,-999,-999,-999,-999,-999,-999,0,-999,-999
66008006,20140317000000,42.545,3.028333,18,5,-999,-999,-999,-999,-999,-999,-999,-999,0,-999,-999
66008006,20140318000000,42.545,3.028333,18,5,-999,-999,-999,-999,-999,-999,-999,-999,0,-999,-999
66008006,20140319000000,42.545,3.028333,18,5,-999,-999,-999,-999,-999,-999,-999,-999,0,-999,-999
66008006,20140320000000,42.545,3.028333,18,5,-999,-999,-999,-999,-999,-999,-999,-999,0,-999,-999
66008006,20140321000000,42.545,3.028333,18,5,-999,-999,-999,-999,-999,-999,-999,-999,0,-999,-999
66008006,20140322000000,42.545,3.028333,18,5,-999,-999,-999,-999,-999,-999,-999,-999,4.5,-999,-999
66008006,20140323000000,42.545,3.028333,18,5,-999,-999,-999,-999,-999,-999,-999,-999,0,-999,-999
66008006,20140324000000,42.545,3.028333,18,5,-999,-999,-999,-999,-999,-999,-999,-999,0,-999,-999
66008006,20140325000000,42.545,3.028333,18,5,-999,-999,-999,-999,-999,-999,-999,-999,4.5,-999,-999
66008006,20140326000000,42.545,3.028333,18,5,-999,-999,-999,-999,-999,-999,-999,-999,3,-999,-999
66008006,20140327000000,42.545,3.028333,18,5,-999,-999,-999,-999,-999,-999,-999,-999,0,-999,-999
66008006,20140328000000,42.545,3.028333,18,5,-999,-999,-999,-999,-999,-999,-999,-999,0,-999,-999
66008006,20140329000000,42.545,3.028333,18,5,-999,-999,-999,-999,-999,-999,-999,-999,0,-999,-999
66008006,20140330000000,42.545,3.028333,18,5,-999,-999,-999,-999,-999,-999,-999,-999,0,-999,-999
66008006,20140331000000,42.545,3.028333,18,5,-999,-999,-999,-999,-999,-999,-999,-999,0,-999,-999
66008006,20140401000000,42.545,3.028333,18,5,-999,-999,-999,-999,-999,-999,-999,-999,0,-999,-999
66008006,20140402000000,42.545,3.028333,18,5,-999,-999,-999,-999,-999,-999,-999,-999,0,-999,-999
66008006,20140403000000,42.545,3.028333,18,5,-999,-999,-999,-999,-999,-999,-999,-999,72.5,-999,-999
66008006,20140404000000,42.545,3.028333,18,5,-999,-999,-999,-999,-999,-999,-999,-999,0,-999,-999
66008006,20140405000000,42.545,3.028333,18,5,-999,-999,-999,-999,-999,-999,-999,-999,0,-999,-999
66008006,20140406000000,42.545,3.028333,18,5,-999,-999,-999,-999,-999,-999,-999,-999,0,-999,-999
66008006,20140407000000,42.545,3.028333,18,5,-999,-999,-999,-999,-999,-999,-999,-999,0,-999,-999
66008006,20140408000000,42.545,3.028333,18,5,-999,-999,-999,-999,-999,-999,-999,-999,0,-999,-999
66008006,20140409000000,42.545,3.028333,18,5,-999,-999,-999,-999,-999,-999,-999,-999,0,-999,-999
66008006,20140410000000,42.545,3.028333,18,5,-999,-999,-999,-999,-999,-999,-999,-999,0,-999,-999
66008006,20140411000000,42.545,3.028333,18,5,-999,-999,-999,-999,-999,-999,-999,-999,0,-999,-999
66008006,20140412000000,42.545,3.028333,18,5,-999,-999,-999,-999,-999,-999,-999,-999,0,-999,-999
66008006,20140413000000,42.545,3.028333,18,5,-999,-999,-999,-999,-999,-999,-999,-999,0,-999,-999
66008006,20140414000000,42.545,3.028333,18,5,-999,-999,-999,-999,-999,-999,-999,-999,0,-999,-999
66008006,20140415000000,42.545,3.028333,18,5,-999,-999,-999,-999,-999,-999,-999,-999,0,-999,-999
66008006,20140417000000,42.545,3.028333,18,5,-999,-999,-999,-999,-999,-999,-999,-999,0,-999,-999
66008006,20140418000000,42.545,3.028333,18,5,-999,-999,-999,-999,-999,-999,-999,-999,0,-999,-999
66008006,20140419000000,42.545,3.028333,18,5,-999,-999,-999,-999,-999,-999,-999,-999,1,-999,-999
66008006,20140420000000,42.545,3.028333,18,5,-999,-999,-999,-999,-999,-999,-999,-999,3.5,-999,-999
66008006,20140421000000,42.545,3.028333,18,5,-999,-999,-999,-999,-999,-999,-999,-999,0,-999,-999
66008006,20140422000000,42.545,3.028333,18,5,-999,-999,-999,-999,-999,-999,-999,-999,0.5,-999,-999
66008006,20140423000000,42.545,3.028333,18,5,-999,-999,-999,-999,-999,-999,-999,-999,0,-999,-999
66008006,20140424000000,42.545,3.028333,18,5,-999,-999,-999,-999,-999,-999,-999,-999,0,-999,-999
66008006,20140425000000,42.545,3.028333,18,5,-999,-999,-999,-999,-999,-999,-999,-999,0,-999,-999
66008006,20140426000000,42.545,3.028333,18,5,-999,-999,-999,-999,-999,-999,-999,-999,4,-999,-999
66008006,20140427000000,42.545,3.028333,18,5,-999,-999,-999,-999,-999,-999,-999,-999,0,-999,-999
66008006,20140429000000,42.545,3.028333,18,5,-999,-999,-999,-999,-999,-999,-999,-999,0.5,-999,-999
66008006,20140430000000,42.545,3.028333,18,5,-999,-999,-999,-999,-999,-999,-999,-999,0,-999,-999
66008006,20140501000000,42.545,3.028333,18,5,-999,-999,-999,-999,-999,-999,-999,-999,0,-999,-999
66008006,20140502000000,42.545,3.028333,18,5,-999,-999,-999,-999,-999,-999,-999,-999,0,-999,-999
66008006,20140503000000,42.545,3.028333,18,5,-999,-999,-999,-999,-999,-999,-999,-999,0,-999,-999
66008006,20140504000000,42.545,3.028333,18,5,-999,-999,-999,-999,-999,-999,-999,-999,0,-999,-999
66008006,20140505000000,42.545,3.028333,18,5,-999,-999,-999,-999,-999,-999,-999,-999,0,-999,-999
66008006,20140506000000,42.545,3.028333,18,5,-999,-999,-999,-999,-999,-999,-999,-999,0,-999,-999
66008006,20140507000000,42.545,3.028333,18,5,-999,-999,-999,-999,-999,-999,-999,-999,0,-999,-999
66008006,20140508000000,42.545,3.028333,18,5,-999,-999,-999,-999,-999,-999,-999,-999,0,-999,-999
66008006,20140509000000,42.545,3.028333,18,5,-999,-999,-999,-999,-999,-999,-999,-999,0,-999,-999
66008006,20140510000000,42.545,3.028333,18,5,-999,-999,-999,-999,-999,-999,-999,-999,0,-999,-999
66008006,20140512000000,42.545,3.028333,18,5,-999,-999,-999,-999,-999,-999,-999,-999,0,-999,-999
66008006,20140513000000,42.545,3.028333,18,5,-999,-999,-999,-999,-999,-999,-999,-999,0,-999,-999
66008006,20140514000000,42.545,3.028333,18,5,-999,-999,-999,-999,-999,-999,-999,-999,0,-999,-999
66008006,20140515000000,42.545,3.028333,18,5,-999,-999,-999,-999,-999,-999,-999,-999,0,-999,-999
66008006,20140516000000,42.545,3.028333,18,5,-999,-999,-999,-999,-999,-999,-999,-999,0,-999,-999
66008006,20140517000000,42.545,3.028333,18,5,-999,-999,-999,-999,-999,-999,-999,-999,0,-999,-999
66008006,20140518000000,42.545,3.028333,18,5,-999,-999,-999,-999,-999,-999,-999,-999,0,-999,-999
66008006,20140519000000,42.545,3.028333,18,5,-999,-999,-999,-999,-999,-999,-999,-999,0,-999,-999
66008006,20140520000000,42.545,3.028333,18,5,-999,-999,-999,-999,-999,-999,-999,-999,3.5,-999,-999
66008006,20140521000000,42.545,3.028333,18,5,-999,-999,-999,-999,-999,-999,-999,-999,0.5,-999,-999
66008006,20140522000000,42.545,3.028333,18,5,-999,-999,-999,-999,-999,-999,-999,-999,0,-999,-999
66008006,20140523000000,42.545,3.028333,18,5,-999,-999,-999,-999,-999,-999,-999,-999,1.5,-999,-999
66008006,20140524000000,42.545,3.028333,18,5,-999,-999,-999,-999,-999,-999,-999,-999,0,-999,-999
66008006,20140525000000,42.545,3.028333,18,5,-999,-999,-999,-999,-999,-999,-999,-999,0,-999,-999
66008006,20140527000000,42.545,3.028333,18,5,-999,-999,-999,-999,-999,-999,-999,-999,0,-999,-999
66008006,20140528000000,42.545,3.028333,18,5,-999,-999,-999,-999,-999,-999,-999,-999,0,-999,-999
66008006,20140529000000,42.545,3.028333,18,5,-999,-999,-999,-999,-999,-999,-999,-999,0,-999,-999
66008006,20140530000000,42.545,3.028333,18,5,-999,-999,-999,-999,-999,-999,-999,-999,0,-999,-999
66008006,20140531000000,42.545,3.028333,18,5,-999,-999,-999,-999,-999,-999,-999,-999,0,-999,-999
66008006,20140601000000,42.545,3.028333,18,5,-999,-999,-999,-999,-999,-999,-999,-999,0,-999,-999
66008006,20140602000000,42.545,3.028333,18,5,-999,-999,-999,-999,-999,-999,-999,-999,0,-999,-999
66008006,20140603000000,42.545,3.028333,18,5,-999,-999,-999,-999,-999,-999,-999,-999,0,-999,-999
66008006,20140604000000,42.545,3.028333,18,5,-999,-999,-999,-999,-999,-999,-999,-999,0,-999,-999
66008006,20140605000000,42.545,3.028333,18,5,-999,-999,-999,-999,-999,-999,-999,-999,0,-999,-999
66008006,20140606000000,42.545,3.028333,18,5,-999,-999,-999,-999,-999,-999,-999,-999,0,-999,-999
66008006,20140607000000,42.545,3.028333,18,5,-999,-999,-999,-999,-999,-999,-999,-999,0,-999,-999
66008006,20140608000000,42.545,3.028333,18,5,-999,-999,-999,-999,-999,-999,-999,-999,0,-999,-999
66008006,20140609000000,42.545,3.028333,18,5,-999,-999,-999,-999,-999,-999,-999,-999,0,-999,-999
66008006,20140610000000,42.545,3.028333,18,5,-999,-999,-999,-999,-999,-999,-999,-999,0,-999,-999
66008006,20140611000000,42.545,3.028333,18,5,-999,-999,-999,-999,-999,-999,-999,-999,0,-999,-999
66008006,20140612000000,42.545,3.028333,18,5,-999,-999,-999,-999,-999,-999,-999,-999,0,-999,-999
66008006,20140616000000,42.545,3.028333,18,5,-999,-999,-999,-999,-999,-999,-999,-999,0,-999,-999
66008006,20140617000000,42.545,3.028333,18,5,-999,-999,-999,-999,-999,-999,-999,-999,0,-999,-999
66008006,20140618000000,42.545,3.028333,18,5,-999,-999,-999,-999,-999,-999,-999,-999,0.5,-999,-999
66008006,20140619000000,42.545,3.028333,18,5,-999,-999,-999,-999,-999,-999,-999,-999,0,-999,-999
66008006,20140620000000,42.545,3.028333,18,5,-999,-999,-999,-999,-999,-999,-999,-999,0,-999,-999
66008006,20140621000000,42.545,3.028333,18,5,-999,-999,-999,-999,-999,-999,-999,-999,0,-999,-999
66008006,20140622000000,42.545,3.028333,18,5,-999,-999,-999,-999,-999,-999,-999,-999,0,-999,-999
66008006,20140623000000,42.545,3.028333,18,5,-999,-999,-999,-999,-999,-999,-999,-999,0,-999,-999
66008006,20140624000000,42.545,3.028333,18,5,-999,-999,-999,-999,-999,-999,-999,-999,11.5,-999,-999
66008006,20140625000000,42.545,3.028333,18,5,-999,-999,-999,-999,-999,-999,-999,-999,1,-999,-999
66008006,20140626000000,42.545,3.028333,18,5,-999,-999,-999,-999,-999,-999,-999,-999,0,-999,-999
66008006,20140627000000,42.545,3.028333,18,5,-999,-999,-999,-999,-999,-999,-999,-999,0,-999,-999
66008006,20140628000000,42.545,3.028333,18,5,-999,-999,-999,-999,-999,-999,-999,-999,0,-999,-999
66008006,20140629000000,42.545,3.028333,18,5,-999,-999,-999,-999,-999,-999,-999,-999,1,-999,-999
66008006,20140630000000,42.545,3.028333,18,5,-999,-999,-999,-999,-999,-999,-999,-999,0,-999,-999
66008006,20140701000000,42.545,3.028333,18,5,-999,-999,-999,-999,-999,-999,-999,-999,1,-999,-999
66008006,20140702000000,42.545,3.028333,18,5,-999,-999,-999,-999,-999,-999,-999,-999,0,-999,-999
66008006,20140703000000,42.545,3.028333,18,5,-999,-999,-999,-999,-999,-999,-999,-999,2,-999,-999
66008006,20140704000000,42.545,3.028333,18,5,-999,-999,-999,-999,-999,-999,-999,-999,0,-999,-999
66008006,20140707000000,42.545,3.028333,18,5,-999,-999,-999,-999,-999,-999,-999,-999,18.5,-999,-999
66008006,20140709000000,42.545,3.028333,18,5,-999,-999,-999,-999,-999,-999,-999,-999,0,-999,-999
66008006,20140710000000,42.545,3.028333,18,5,-999,-999,-999,-999,-999,-999,-999,-999,0,-999,-999
66008006,20140711000000,42.545,3.028333,18,5,-999,-999,-999,-999,-999,-999,-999,-999,0,-999,-999
66008006,20140712000000,42.545,3.028333,18,5,-999,-999,-999,-999,-999,-999,-999,-999,0,-999,-999
66008006,20140713000000,42.545,3.028333,18,5,-999,-999,-999,-999,-999,-999,-999,-999,0,-999,-999
66008006,20140714000000,42.545,3.028333,18,5,-999,-999,-999,-999,-999,-999,-999,-999,0,-999,-999
66008006,20140715000000,42.545,3.028333,18,5,-999,-999,-999,-999,-999,-999,-999,-999,0,-999,-999
66008006,20140716000000,42.545,3.028333,18,5,-999,-999,-999,-999,-999,-999,-999,-999,0,-999,-999
66008006,20140717000000,42.545,3.028333,18,5,-999,-999,-999,-999,-999,-999,-999,-999,0,-999,-999
66008006,20140718000000,42.545,3.028333,18,5,-999,-999,-999,-999,-999,-999,-999,-999,0,-999,-999
66008006,20140719000000,42.545,3.028333,18,5,-999,-999,-999,-999,-999,-999,-999,-999,0,-999,-999
66008006,20140720000000,42.545,3.028333,18,5,-999,-999,-999,-999,-999,-999,-999,-999,4,-999,-999
66008006,20140721000000,42.545,3.028333,18,5,-999,-999,-999,-999,-999,-999,-999,-999,0,-999,-999
66008006,20140722000000,42.545,3.028333,18,5,-999,-999,-999,-999,-999,-999,-999,-999,0,-999,-999
66008006,20140723000000,42.545,3.028333,18,5,-999,-999,-999,-999,-999,-999,-999,-999,0,-999,-999
66008006,20140725000000,42.545,3.028333,18,5,-999,-999,-999,-999,-999,-999,-999,-999,1.5,-999,-999
66008006,20140726000000,42.545,3.028333,18,5,-999,-999,-999,-999,-999,-999,-999,-999,0,-999,-999
66008006,20140727000000,42.545,3.028333,18,5,-999,-999,-999,-999,-999,-999,-999,-999,0,-999,-999
66008006,20140728000000,42.545,3.028333,18,5,-999,-999,-999,-999,-999,-999,-999,-999,5,-999,-999
66008006,20140730000000,42.545,3.028333,18,5,-999,-999,-999,-999,-999,-999,-999,-999,0,-999,-999
66008006,20140731000000,42.545,3.028333,18,5,-999,-999,-999,-999,-999,-999,-999,-999,0,-999,-999
66008006,20140801000000,42.545,3.028333,18,5,-999,-999,-999,-999,-999,-999,-999,-999,7,-999,-999
66008006,20140802000000,42.545,3.028333,18,5,-999,-999,-999,-999,-999,-999,-999,-999,3,-999,-999
66008006,20140803000000,42.545,3.028333,18,5,-999,-999,-999,-999,-999,-999,-999,-999,0,-999,-999
66008006,20140804000000,42.545,3.028333,18,5,-999,-999,-999,-999,-999,-999,-999,-999,0,-999,-999
66008006,20140805000000,42.545,3.028333,18,5,-999,-999,-999,-999,-999,-999,-999,-999,0,-999,-999
66008006,20140806000000,42.545,3.028333,18,5,-999,-999,-999,-999,-999,-999,-999,-999,0,-999,-999
66008006,20140807000000,42.545,3.028333,18,5,-999,-999,-999,-999,-999,-999,-999,-999,0,-999,-999
66008006,20140808000000,42.545,3.028333,18,5,-999,-999,-999,-999,-999,-999,-999,-999,0,-999,-999
66008006,20140809000000,42.545,3.028333,18,5,-999,-999,-999,-999,-999,-999,-999,-999,0,-999,-999
66008006,20140810000000,42.545,3.028333,18,5,-999,-999,-999,-999,-999,-999,-999,-999,0,-999,-999
66008006,20140811000000,42.545,3.028333,18,5,-999,-999,-999,-999,-999,-999,-999,-999,0,-999,-999
66008006,20140812000000,42.545,3.028333,18,5,-999,-999,-999,-999,-999,-999,-999,-999,4,-999,-999
66008006,20140813000000,42.545,3.028333,18,5,-999,-999,-999,-999,-999,-999,-999,-999,0,-999,-999
66008006,20140814000000,42.545,3.028333,18,5,-999,-999,-999,-999,-999,-999,-999,-999,0,-999,-999
66008006,20140815000000,42.545,3.028333,18,5,-999,-999,-999,-999,-999,-999,-999,-999,0,-999,-999
66008006,20140816000000,42.545,3.028333,18,5,-999,-999,-999,-999,-999,-999,-999,-999,0,-999,-999
66008006,20140817000000,42.545,3.028333,18,5,-999,-999,-999,-999,-999,-999,-999,-999,0,-999,-999
66008006,20140818000000,42.545,3.028333,18,5,-999,-999,-999,-999,-999,-999,-999,-999,0,-999,-999
66008006,20140819000000,42.545,3.028333,18,5,-999,-999,-999,-999,-999,-999,-999,-999,0,-999,-999
66008006,20140820000000,42.545,3.028333,18,5,-999,-999,-999,-999,-999,-999,-999,-999,0,-999,-999
66008006,20140821000000,42.545,3.028333,18,5,-999,-999,-999,-999,-999,-999,-999,-999,0,-999,-999
66008006,20140822000000,42.545,3.028333,18,5,-999,-999,-999,-999,-999,-999,-999,-999,26,-999,-999
66008006,20140823000000,42.545,3.028333,18,5,-999,-999,-999,-999,-999,-999,-999,-999,0,-999,-999
66008006,20140824000000,42.545,3.028333,18,5,-999,-999,-999,-999,-999,-999,-999,-999,0,-999,-999
66008006,20140825000000,42.545,3.028333,18,5,-999,-999,-999,-999,-999,-999,-999,-999,0,-999,-999
66008006,20140826000000,42.545,3.028333,18,5,-999,-999,-999,-999,-999,-999,-999,-999,0,-999,-999
66008006,20140827000000,42.545,3.028333,18,5,-999,-999,-999,-999,-999,-999,-999,-999,0,-999,-999
66008006,20140828000000,42.545,3.028333,18,5,-999,-999,-999,-999,-999,-999,-999,-999,0,-999,-999
66008006,20140829000000,42.545,3.028333,18,5,-999,-999,-999,-999,-999,-999,-999,-999,0,-999,-999
66008006,20140830000000,42.545,3.028333,18,5,-999,-999,-999,-999,-999,-999,-999,-999,0,-999,-999
66008006,20140831000000,42.545,3.028333,18,5,-999,-999,-999,-999,-999,-999,-999,-999,0,-999,-999
66008006,20140901000000,42.545,3.028333,18,5,-999,-999,-999,-999,-999,-999,-999,-999,0,-999,-999
66008006,20140902000000,42.545,3.028333,18,5,-999,-999,-999,-999,-999,-999,-999,-999,0,-999,-999
66008006,20140903000000,42.545,3.028333,18,5,-999,-999,-999,-999,-999,-999,-999,-999,0.5,-999,-999
66008006,20140904000000,42.545,3.028333,18,5,-999,-999,-999,-999,-999,-999,-999,-999,0,-999,-999
66008006,20140905000000,42.545,3.028333,18,5,-999,-999,-999,-999,-999,-999,-999,-999,0.5,-999,-999
66008006,20140906000000,42.545,3.028333,18,5,-999,-999,-999,-999,-999,-999,-999,-999,0,-999,-999
66008006,20140907000000,42.545,3.028333,18,5,-999,-999,-999,-999,-999,-999,-999,-999,0,-999,-999
66008006,20140908000000,42.545,3.028333,18,5,-999,-999,-999,-999,-999,-999,-999,-999,24.5,-999,-999
66008006,20140909000000,42.545,3.028333,18,5,-999,-999,-999,-999,-999,-999,-999,-999,0,-999,-999
66008006,20140910000000,42.545,3.028333,18,5,-999,-999,-999,-999,-999,-999,-999,-999,0,-999,-999
66008006,20140911000000,42.545,3.028333,18,5,-999,-999,-999,-999,-999,-999,-999,-999,0,-999,-999
66008006,20140912000000,42.545,3.028333,18,5,-999,-999,-999,-999,-999,-999,-999,-999,0,-999,-999
66008006,20140913000000,42.545,3.028333,18,5,-999,-999,-999,-999,-999,-999,-999,-999,0,-999,-999
66008006,20140914000000,42.545,3.028333,18,5,-999,-999,-999,-999,-999,-999,-999,-999,0,-999,-999
66008006,20140915000000,42.545,3.028333,18,5,-999,-999,-999,-999,-999,-999,-999,-999,0.5,-999,-999
66008006,20140916000000,42.545,3.028333,18,5,-999,-999,-999,-999,-999,-999,-999,-999,10.5,-999,-999
66008006,20140917000000,42.545,3.028333,18,5,-999,-999,-999,-999,-999,-999,-999,-999,0,-999,-999
66008006,20140918000000,42.545,3.028333,18,5,-999,-999,-999,-999,-999,-999,-999,-999,0,-999,-999
66008006,20140919000000,42.545,3.028333,18,5,-999,-999,-999,-999,-999,-999,-999,-999,0,-999,-999
66008006,20140920000000,42.545,3.028333,18,5,-999,-999,-999,-999,-999,-999,-999,-999,0,-999,-999
66008006,20140921000000,42.545,3.028333,18,5,-999,-999,-999,-999,-999,-999,-999,-999,0,-999,-999
66008006,20140923000000,42.545,3.028333,18,5,-999,-999,-999,-999,-999,-999,-999,-999,0,-999,-999
66008006,20140924000000,42.545,3.028333,18,5,-999,-999,-999,-999,-999,-999,-999,-999,0,-999,-999
66008006,20140925000000,42.545,3.028333,18,5,-999,-999,-999,-999,-999,-999,-999,-999,0,-999,-999
66008006,20140926000000,42.545,3.028333,18,5,-999,-999,-999,-999,-999,-999,-999,-999,0,-999,-999
66008006,20140928000000,42.545,3.028333,18,5,-999,-999,-999,-999,-999,-999,-999,-999,101,-999,-999
66008006,20140929000000,42.545,3.028333,18,5,-999,-999,-999,-999,-999,-999,-999,-999,25.5,-999,-999
66008006,20140930000000,42.545,3.028333,18,5,-999,-999,-999,-999,-999,-999,-999,-999,0,-999,-999
66008006,20141001000000,42.545,3.028333,18,5,-999,-999,-999,-999,-999,-999,-999,-999,0,-999,-999
66008006,20141002000000,42.545,3.028333,18,5,-999,-999,-999,-999,-999,-999,-999,-999,1.5,-999,-999
66008006,20141004000000,42.545,3.028333,18,5,-999,-999,-999,-999,-999,-999,-999,-999,15.5,-999,-999
66008006,20141005000000,42.545,3.028333,18,5,-999,-999,-999,-999,-999,-999,-999,-999,0.5,-999,-999
66008006,20141006000000,42.545,3.028333,18,5,-999,-999,-999,-999,-999,-999,-999,-999,0,-999,-999
66008006,20141007000000,42.545,3.028333,18,5,-999,-999,-999,-999,-999,-999,-999,-999,0,-999,-999
66008006,20141008000000,42.545,3.028333,18,5,-999,-999,-999,-999,-999,-999,-999,-999,0,-999,-999
66008006,20141009000000,42.545,3.028333,18,5,-999,-999,-999,-999,-999,-999,-999,-999,0,-999,-999
66008006,20141010000000,42.545,3.028333,18,5,-999,-999,-999,-999,-999,-999,-999,-999,0,-999,-999
66008006,20141011000000,42.545,3.028333,18,5,-999,-999,-999,-999,-999,-999,-999,-999,0,-999,-999
66008006,20141012000000,42.545,3.028333,18,5,-999,-999,-999,-999,-999,-999,-999,-999,0,-999,-999
66008006,20141013000000,42.545,3.028333,18,5,-999,-999,-999,-999,-999,-999,-999,-999,0,-999,-999
66008006,20141014000000,42.545,3.028333,18,5,-999,-999,-999,-999,-999,-999,-999,-999,0,-999,-999
66008006,20141015000000,42.545,3.028333,18,5,-999,-999,-999,-999,-999,-999,-999,-999,0,-999,-999
66008006,20141016000000,42.545,3.028333,18,5,-999,-999,-999,-999,-999,-999,-999,-999,0,-999,-999
66008006,20141017000000,42.545,3.028333,18,5,-999,-999,-999,-999,-999,-999,-999,-999,0,-999,-999
66008006,20141018000000,42.545,3.028333,18,5,-999,-999,-999,-999,-999,-999,-999,-999,0,-999,-999
66008006,20141019000000,42.545,3.028333,18,5,-999,-999,-999,-999,-999,-999,-999,-999,0,-999,-999
66008006,20141020000000,42.545,3.028333,18,5,-999,-999,-999,-999,-999,-999,-999,-999,0,-999,-999
66008006,20141021000000,42.545,3.028333,18,5,-999,-999,-999,-999,-999,-999,-999,-999,0,-999,-999
66008006,20141022000000,42.545,3.028333,18,5,-999,-999,-999,-999,-999,-999,-999,-999,0,-999,-999
66008006,20141023000000,42.545,3.028333,18,5,-999,-999,-999,-999,-999,-999,-999,-999,0,-999,-999
66008006,20141024000000,42.545,3.028333,18,5,-999,-999,-999,-999,-999,-999,-999,-999,0,-999,-999
66008006,20141025000000,42.545,3.028333,18,5,-999,-999,-999,-999,-999,-999,-999,-999,0,-999,-999
66008006,20141026000000,42.545,3.028333,18,5,-999,-999,-999,-999,-999,-999,-999,-999,0,-999,-999
66008006,20141027000000,42.545,3.028333,18,5,-999,-999,-999,-999,-999,-999,-999,-999,0,-999,-999
66008006,20141028000000,42.545,3.028333,18,5,-999,-999,-999,-999,-999,-999,-999,-999,0,-999,-999
66008006,20141029000000,42.545,3.028333,18,5,-999,-999,-999,-999,-999,-999,-999,-999,0,-999,-999
66008006,20141030000000,42.545,3.028333,18,5,-999,-999,-999,-999,-999,-999,-999,-999,0,-999,-999
66008006,20141031000000,42.545,3.028333,18,5,-999,-999,-999,-999,-999,-999,-999,-999,0,-999,-999
66008006,20141101000000,42.545,3.028333,18,5,-999,-999,-999,-999,-999,-999,-999,-999,0,-999,-999
66008006,20141102000000,42.545,3.028333,18,5,-999,-999,-999,-999,-999,-999,-999,-999,0,-999,-999
66008006,20141103000000,42.545,3.028333,18,5,-999,-999,-999,-999,-999,-999,-999,-999,0,-999,-999
66008006,20141104000000,42.545,3.028333,18,5,-999,-999,-999,-999,-999,-999,-999,-999,0.5,-999,-999
66008006,20141106000000,42.545,3.028333,18,5,-999,-999,-999,-999,-999,-999,-999,-999,0,-999,-999
66008006,20141107000000,42.545,3.028333,18,5,-999,-999,-999,-999,-999,-999,-999,-999,0,-999,-999
66008006,20141108000000,42.545,3.028333,18,5,-999,-999,-999,-999,-999,-999,-999,-999,0,-999,-999
66008006,20141109000000,42.545,3.028333,18,5,-999,-999,-999,-999,-999,-999,-999,-999,0,-999,-999
66008006,20141110000000,42.545,3.028333,18,5,-999,-999,-999,-999,-999,-999,-999,-999,0,-999,-999
66008006,20141111000000,42.545,3.028333,18,5,-999,-999,-999,-999,-999,-999,-999,-999,0,-999,-999
66008006,20141112000000,42.545,3.028333,18,5,-999,-999,-999,-999,-999,-999,-999,-999,0.5,-999,-999
66008006,20141113000000,42.545,3.028333,18,5,-999,-999,-999,-999,-999,-999,-999,-999,0,-999,-999
66008006,20141114000000,42.545,3.028333,18,5,-999,-999,-999,-999,-999,-999,-999,-999,0,-999,-999
66008006,20141115000000,42.545,3.028333,18,5,-999,-999,-999,-999,-999,-999,-999,-999,0,-999,-999
66008006,20141116000000,42.545,3.028333,18,5,-999,-999,-999,-999,-999,-999,-999,-999,0,-999,-999
66008006,20141117000000,42.545,3.028333,18,5,-999,-999,-999,-999,-999,-999,-999,-999,0,-999,-999
66008006,20141118000000,42.545,3.028333,18,5,-999,-999,-999,-999,-999,-999,-999,-999,0,-999,-999
66008006,20141119000000,42.545,3.028333,18,5,-999,-999,-999,-999,-999,-999,-999,-999,0,-999,-999
66008006,20141120000000,42.545,3.028333,18,5,-999,-999,-999,-999,-999,-999,-999,-999,0,-999,-999
66008006,20141121000000,42.545,3.028333,18,5,-999,-999,-999,-999,-999,-999,-999,-999,0,-999,-999
66008006,20141122000000,42.545,3.028333,18,5,-999,-999,-999,-999,-999,-999,-999,-999,0,-999,-999
66008006,20141123000000,42.545,3.028333,18,5,-999,-999,-999,-999,-999,-999,-999,-999,2,-999,-999
66008006,20141124000000,42.545,3.028333,18,5,-999,-999,-999,-999,-999,-999,-999,-999,11,-999,-999
66008006,20141125000000,42.545,3.028333,18,5,-999,-999,-999,-999,-999,-999,-999,-999,2,-999,-999
66008006,20141126000000,42.545,3.028333,18,5,-999,-999,-999,-999,-999,-999,-999,-999,3.5,-999,-999
66008006,20141129000000,42.545,3.028333,18,5,-999,-999,-999,-999,-999,-999,-999,-999,224.5,-999,-999
66008006,20141130000000,42.545,3.028333,18,5,-999,-999,-999,-999,-999,-999,-999,-999,34.5,-999,-999
66008006,20141201000000,42.545,3.028333,18,5,-999,-999,-999,-999,-999,-999,-999,-999,3.5,-999,-999
66008006,20141202000000,42.545,3.028333,18,5,-999,-999,-999,-999,-999,-999,-999,-999,0,-999,-999
66008006,20141203000000,42.545,3.028333,18,5,-999,-999,-999,-999,-999,-999,-999,-999,1.5,-999,-999
66008006,20141204000000,42.545,3.028333,18,5,-999,-999,-999,-999,-999,-999,-999,-999,4,-999,-999
66008006,20141205000000,42.545,3.028333,18,5,-999,-999,-999,-999,-999,-999,-999,-999,0,-999,-999
66008006,20141206000000,42.545,3.028333,18,5,-999,-999,-999,-999,-999,-999,-999,-999,0,-999,-999
66008006,20141207000000,42.545,3.028333,18,5,-999,-999,-999,-999,-999,-999,-999,-999,0,-999,-999
66008006,20141208000000,42.545,3.028333,18,5,-999,-999,-999,-999,-999,-999,-999,-999,0,-999,-999
66008006,20141209000000,42.545,3.028333,18,5,-999,-999,-999,-999,-999,-999,-999,-999,0,-999,-999
66008006,20141210000000,42.545,3.028333,18,5,-999,-999,-999,-999,-999,-999,-999,-999,0,-999,-999
66008006,20141211000000,42.545,3.028333,18,5,-999,-999,-999,-999,-999,-999,-999,-999,0,-999,-999
66008006,20141212000000,42.545,3.028333,18,5,-999,-999,-999,-999,-999,-999,-999,-999,0,-999,-999
66008006,20141213000000,42.545,3.028333,18,5,-999,-999,-999,-999,-999,-999,-999,-999,0,-999,-999
66008006,20141214000000,42.545,3.028333,18,5,-999,-999,-999,-999,-999,-999,-999,-999,4,-999,-999
66008006,20141215000000,42.545,3.028333,18,5,-999,-999,-999,-999,-999,-999,-999,-999,9,-999,-999
66008006,20141216000000,42.545,3.028333,18,5,-999,-999,-999,-999,-999,-999,-999,-999,0,-999,-999
66008006,20141217000000,42.545,3.028333,18,5,-999,-999,-999,-999,-999,-999,-999,-999,2.5,-999,-999
66008006,20141218000000,42.545,3.028333,18,5,-999,-999,-999,-999,-999,-999,-999,-999,0,-999,-999
66008006,20141219000000,42.545,3.028333,18,5,-999,-999,-999,-999,-999,-999,-999,-999,0,-999,-999
66008006,20141220000000,42.545,3.028333,18,5,-999,-999,-999,-999,-999,-999,-999,-999,0,-999,-999
66008006,20141221000000,42.545,3.028333,18,5,-999,-999,-999,-999,-999,-999,-999,-999,0,-999,-999
66008006,20141222000000,42.545,3.028333,18,5,-999,-999,-999,-999,-999,-999,-999,-999,0,-999,-999
66008006,20141223000000,42.545,3.028333,18,5,-999,-999,-999,-999,-999,-999,-999,-999,0,-999,-999
66008006,20141224000000,42.545,3.028333,18,5,-999,-999,-999,-999,-999,-999,-999,-999,0,-999,-999
66008006,20141225000000,42.545,3.028333,18,5,-999,-999,-999,-999,-999,-999,-999,-999,0,-999,-999
66008006,20141226000000,42.545,3.028333,18,5,-999,-999,-999,-999,-999,-999,-999,-999,0,-999,-999
66008006,20141227000000,42.545,3.028333,18,5,-999,-999,-999,-999,-999,-999,-999,-999,6.5,-999,-999
66008006,20141228000000,42.545,3.028333,18,5,-999,-999,-999,-999,-999,-999,-999,-999,3,-999,-999
66008006,20141230000000,42.545,3.028333,18,5,-999,-999,-999,-999,-999,-999,-999,-999,0,-999,-999
66008006,20141231000000,42.545,3.028333,18,5,-999,-999,-999,-999,-999,-999,-999,-999,0,-999,-999
66008006,20150101000000,42.545,3.028333,18,5,-999,-999,-999,-999,-999,-999,-999,-999,0,-999,-999
66008006,20150102000000,42.545,3.028333,18,5,-999,-999,-999,-999,-999,-999,-999,-999,0,-999,-999
66008006,20150103000000,42.545,3.028333,18,5,-999,-999,-999,-999,-999,-999,-999,-999,0,-999,-999
66008006,20150104000000,42.545,3.028333,18,5,-999,-999,-999,-999,-999,-999,-999,-999,0,-999,-999
66008006,20150105000000,42.545,3.028333,18,5,-999,-999,-999,-999,-999,-999,-999,-999,0,-999,-999
66008006,20150106000000,42.545,3.028333,18,5,-999,-999,-999,-999,-999,-999,-999,-999,0,-999,-999
66008006,20150107000000,42.545,3.028333,18,5,-999,-999,-999,-999,-999,-999,-999,-999,0,-999,-999
66008006,20150108000000,42.545,3.028333,18,5,-999,-999,-999,-999,-999,-999,-999,-999,0,-999,-999
66008006,20150109000000,42.545,3.028333,18,5,-999,-999,-999,-999,-999,-999,-999,-999,0,-999,-999
66008006,20150110000000,42.545,3.028333,18,5,-999,-999,-999,-999,-999,-999,-999,-999,0,-999,-999
66008006,20150111000000,42.545,3.028333,18,5,-999,-999,-999,-999,-999,-999,-999,-999,0,-999,-999
66008006,20150112000000,42.545,3.028333,18,5,-999,-999,-999,-999,-999,-999,-999,-999,0,-999,-999
66008006,20150114000000,42.545,3.028333,18,5,-999,-999,-999,-999,-999,-999,-999,-999,0,-999,-999
66008006,20150115000000,42.545,3.028333,18,5,-999,-999,-999,-999,-999,-999,-999,-999,0,-999,-999
66008006,20150116000000,42.545,3.028333,18,5,-999,-999,-999,-999,-999,-999,-999,-999,0.5,-999,-999
66008006,20150119000000,42.545,3.028333,18,5,-999,-999,-999,-999,-999,-999,-999,-999,7.5,-999,-999
66008006,20150120000000,42.545,3.028333,18,5,-999,-999,-999,-999,-999,-999,-999,-999,0,-999,-999
66008006,20150121000000,42.545,3.028333,18,5,-999,-999,-999,-999,-999,-999,-999,-999,0,-999,-999
66008006,20150122000000,42.545,3.028333,18,5,-999,-999,-999,-999,-999,-999,-999,-999,0,-999,-999
66008006,20150123000000,42.545,3.028333,18,5,-999,-999,-999,-999,-999,-999,-999,-999,0,-999,-999
66008006,20150124000000,42.545,3.028333,18,5,-999,-999,-999,-999,-999,-999,-999,-999,0,-999,-999
66008006,20150125000000,42.545,3.028333,18,5,-999,-999,-999,-999,-999,-999,-999,-999,0,-999,-999
66008006,20150126000000,42.545,3.028333,18,5,-999,-999,-999,-999,-999,-999,-999,-999,0,-999,-999
66008006,20150128000000,42.545,3.028333,18,5,-999,-999,-999,-999,-999,-999,-999,-999,0,-999,-999
66008006,20150129000000,42.545,3.028333,18,5,-999,-999,-999,-999,-999,-999,-999,-999,14,-999,-999
66008006,20150130000000,42.545,3.028333,18,5,-999,-999,-999,-999,-999,-999,-999,-999,2.5,-999,-999
66008006,20150131000000,42.545,3.028333,18,5,-999,-999,-999,-999,-999,-999,-999,-999,0.5,-999,-999
66008006,20150201000000,42.545,3.028333,18,5,-999,-999,-999,-999,-999,-999,-999,-999,0,-999,-999
66008006,20150202000000,42.545,3.028333,18,5,-999,-999,-999,-999,-999,-999,-999,-999,0.5,-999,-999
66008006,20150203000000,42.545,3.028333,18,5,-999,-999,-999,-999,-999,-999,-999,-999,7.5,-999,-999
66008006,20150204000000,42.545,3.028333,18,5,-999,-999,-999,-999,-999,-999,-999,-999,0,-999,-999
66008006,20150205000000,42.545,3.028333,18,5,-999,-999,-999,-999,-999,-999,-999,-999,0,-999,-999
66008006,20150206000000,42.545,3.028333,18,5,-999,-999,-999,-999,-999,-999,-999,-999,0,-999,-999
66008006,20150207000000,42.545,3.028333,18,5,-999,-999,-999,-999,-999,-999,-999,-999,0,-999,-999
66008006,20150208000000,42.545,3.028333,18,5,-999,-999,-999,-999,-999,-999,-999,-999,0,-999,-999
66008006,20150209000000,42.545,3.028333,18,5,-999,-999,-999,-999,-999,-999,-999,-999,0,-999,-999
66008006,20150210000000,42.545,3.028333,18,5,-999,-999,-999,-999,-999,-999,-999,-999,0,-999,-999
66008006,20150211000000,42.545,3.028333,18,5,-999,-999,-999,-999,-999,-999,-999,-999,0,-999,-999
66008006,20150212000000,42.545,3.028333,18,5,-999,-999,-999,-999,-999,-999,-999,-999,0,-999,-999
66008006,20150213000000,42.545,3.028333,18,5,-999,-999,-999,-999,-999,-999,-999,-999,0,-999,-999
66008006,20150214000000,42.545,3.028333,18,5,-999,-999,-999,-999,-999,-999,-999,-999,0,-999,-999
66008006,20150215000000,42.545,3.028333,18,5,-999,-999,-999,-999,-999,-999,-999,-999,2.5,-999,-999
66008006,20150216000000,42.545,3.028333,18,5,-999,-999,-999,-999,-999,-999,-999,-999,0,-999,-999
66008006,20150217000000,42.545,3.028333,18,5,-999,-999,-999,-999,-999,-999,-999,-999,0,-999,-999
66008006,20150218000000,42.545,3.028333,18,5,-999,-999,-999,-999,-999,-999,-999,-999,0,-999,-999
66008006,20150219000000,42.545,3.028333,18,5,-999,-999,-999,-999,-999,-999,-999,-999,0,-999,-999
66008006,20150220000000,42.545,3.028333,18,5,-999,-999,-999,-999,-999,-999,-999,-999,0,-999,-999
66008006,20150221000000,42.545,3.028333,18,5,-999,-999,-999,-999,-999,-999,-999,-999,0.5,-999,-999
66008006,20150222000000,42.545,3.028333,18,5,-999,-999,-999,-999,-999,-999,-999,-999,0.5,-999,-999
66008006,20150223000000,42.545,3.028333,18,5,-999,-999,-999,-999,-999,-999,-999,-999,2,-999,-999
66008006,20150224000000,42.545,3.028333,18,5,-999,-999,-999,-999,-999,-999,-999,-999,0,-999,-999
66008006,20150225000000,42.545,3.028333,18,5,-999,-999,-999,-999,-999,-999,-999,-999,0,-999,-999
66008006,20150226000000,42.545,3.028333,18,5,-999,-999,-999,-999,-999,-999,-999,-999,17.5,-999,-999
66008006,20150227000000,42.545,3.028333,18,5,-999,-999,-999,-999,-999,-999,-999,-999,0,-999,-999
66008006,20150228000000,42.545,3.028333,18,5,-999,-999,-999,-999,-999,-999,-999,-999,2,-999,-999
66008006,20150301000000,42.545,3.028333,18,5,-999,-999,-999,-999,-999,-999,-999,-999,0,-999,-999
66008006,20150302000000,42.545,3.028333,18,5,-999,-999,-999,-999,-999,-999,-999,-999,0,-999,-999
66008006,20150303000000,42.545,3.028333,18,5,-999,-999,-999,-999,-999,-999,-999,-999,0,-999,-999
66008006,20150304000000,42.545,3.028333,18,5,-999,-999,-999,-999,-999,-999,-999,-999,0,-999,-999
66008006,20150305000000,42.545,3.028333,18,5,-999,-999,-999,-999,-999,-999,-999,-999,0,-999,-999
66008006,20150306000000,42.545,3.028333,18,5,-999,-999,-999,-999,-999,-999,-999,-999,0,-999,-999
66008006,20150307000000,42.545,3.028333,18,5,-999,-999,-999,-999,-999,-999,-999,-999,0,-999,-999
66008006,20150308000000,42.545,3.028333,18,5,-999,-999,-999,-999,-999,-999,-999,-999,0,-999,-999
66008006,20150309000000,42.545,3.028333,18,5,-999,-999,-999,-999,-999,-999,-999,-999,0,-999,-999
66008006,20150310000000,42.545,3.028333,18,5,-999,-999,-999,-999,-999,-999,-999,-999,0,-999,-999
66008006,20150311000000,42.545,3.028333,18,5,-999,-999,-999,-999,-999,-999,-999,-999,0,-999,-999
66008006,20150312000000,42.545,3.028333,18,5,-999,-999,-999,-999,-999,-999,-999,-999,0,-999,-999
66008006,20150313000000,42.545,3.028333,18,5,-999,-999,-999,-999,-999,-999,-999,-999,2.5,-999,-999
66008006,20150314000000,42.545,3.028333,18,5,-999,-999,-999,-999,-999,-999,-999,-999,0,-999,-999
66008006,20150315000000,42.545,3.028333,18,5,-999,-999,-999,-999,-999,-999,-999,-999,28,-999,-999
66008006,20150316000000,42.545,3.028333,18,5,-999,-999,-999,-999,-999,-999,-999,-999,6,-999,-999
66008006,20150317000000,42.545,3.028333,18,5,-999,-999,-999,-999,-999,-999,-999,-999,8,-999,-999
66008006,20150318000000,42.545,3.028333,18,5,-999,-999,-999,-999,-999,-999,-999,-999,0,-999,-999
66008006,20150319000000,42.545,3.028333,18,5,-999,-999,-999,-999,-999,-999,-999,-999,0,-999,-999
66008006,20150320000000,42.545,3.028333,18,5,-999,-999,-999,-999,-999,-999,-999,-999,0,-999,-999
66008006,20150321000000,42.545,3.028333,18,5,-999,-999,-999,-999,-999,-999,-999,-999,193,-999,-999
66008006,20150322000000,42.545,3.028333,18,5,-999,-999,-999,-999,-999,-999,-999,-999,3,-999,-999
66008006,20150323000000,42.545,3.028333,18,5,-999,-999,-999,-999,-999,-999,-999,-999,0,-999,-999
66008006,20150324000000,42.545,3.028333,18,5,-999,-999,-999,-999,-999,-999,-999,-999,13,-999,-999
66008006,20150325000000,42.545,3.028333,18,5,-999,-999,-999,-999,-999,-999,-999,-999,4,-999,-999
66008006,20150326000000,42.545,3.028333,18,5,-999,-999,-999,-999,-999,-999,-999,-999,0,-999,-999
66008006,20150327000000,42.545,3.028333,18,5,-999,-999,-999,-999,-999,-999,-999,-999,0,-999,-999
66008006,20150328000000,42.545,3.028333,18,5,-999,-999,-999,-999,-999,-999,-999,-999,0,-999,-999
66008006,20150329000000,42.545,3.028333,18,5,-999,-999,-999,-999,-999,-999,-999,-999,0,-999,-999
66008006,20150330000000,42.545,3.028333,18,5,-999,-999,-999,-999,-999,-999,-999,-999,0,-999,-999
66008006,20150331000000,42.545,3.028333,18,5,-999,-999,-999,-999,-999,-999,-999,-999,0,-999,-999
66008006,20150401000000,42.545,3.028333,18,5,-999,-999,-999,-999,-999,-999,-999,-999,0,-999,-999
66008006,20150402000000,42.545,3.028333,18,5,-999,-999,-999,-999,-999,-999,-999,-999,0,-999,-999
66008006,20150403000000,42.545,3.028333,18,5,-999,-999,-999,-999,-999,-999,-999,-999,4,-999,-999
66008006,20150404000000,42.545,3.028333,18,5,-999,-999,-999,-999,-999,-999,-999,-999,0,-999,-999
66008006,20150405000000,42.545,3.028333,18,5,-999,-999,-999,-999,-999,-999,-999,-999,0,-999,-999
66008006,20150406000000,42.545,3.028333,18,5,-999,-999,-999,-999,-999,-999,-999,-999,0,-999,-999
66008006,20150407000000,42.545,3.028333,18,5,-999,-999,-999,-999,-999,-999,-999,-999,0,-999,-999
66008006,20150408000000,42.545,3.028333,18,5,-999,-999,-999,-999,-999,-999,-999,-999,0,-999,-999
66008006,20150409000000,42.545,3.028333,18,5,-999,-999,-999,-999,-999,-999,-999,-999,0,-999,-999
66008006,20150410000000,42.545,3.028333,18,5,-999,-999,-999,-999,-999,-999,-999,-999,0,-999,-999
66008006,20150411000000,42.545,3.028333,18,5,-999,-999,-999,-999,-999,-999,-999,-999,0,-999,-999
66008006,20150412000000,42.545,3.028333,18,5,-999,-999,-999,-999,-999,-999,-999,-999,0,-999,-999
66008006,20150413000000,42.545,3.028333,18,5,-999,-999,-999,-999,-999,-999,-999,-999,0,-999,-999
66008006,20150414000000,42.545,3.028333,18,5,-999,-999,-999,-999,-999,-999,-999,-999,0,-999,-999
66008006,20150415000000,42.545,3.028333,18,5,-999,-999,-999,-999,-999,-999,-999,-999,0,-999,-999
66008006,20150416000000,42.545,3.028333,18,5,-999,-999,-999,-999,-999,-999,-999,-999,0.5,-999,-999
66008006,20150417000000,42.545,3.028333,18,5,-999,-999,-999,-999,-999,-999,-999,-999,0.5,-999,-999
66008006,20150418000000,42.545,3.028333,18,5,-999,-999,-999,-999,-999,-999,-999,-999,6.5,-999,-999
66008006,20150513000000,42.545,3.028333,18,5,-999,-999,-999,-999,-999,-999,-999,-999,0,-999,-999
66008006,20150514000000,42.545,3.028333,18,5,-999,-999,-999,-999,-999,-999,-999,-999,0,-999,-999
66008006,20150515000000,42.545,3.028333,18,5,-999,-999,-999,-999,-999,-999,-999,-999,0,-999,-999
66008006,20150517000000,42.545,3.028333,18,5,-999,-999,-999,-999,-999,-999,-999,-999,0,-999,-999
66008006,20150519000000,42.545,3.028333,18,5,-999,-999,-999,-999,-999,-999,-999,-999,4,-999,-999
66008006,20150520000000,42.545,3.028333,18,5,-999,-999,-999,-999,-999,-999,-999,-999,0,-999,-999
66008006,20150522000000,42.545,3.028333,18,5,-999,-999,-999,-999,-999,-999,-999,-999,0,-999,-999
66008006,20150524000000,42.545,3.028333,18,5,-999,-999,-999,-999,-999,-999,-999,-999,0,-999,-999
66008006,20150525000000,42.545,3.028333,18,5,-999,-999,-999,-999,-999,-999,-999,-999,0,-999,-999
66008006,20150526000000,42.545,3.028333,18,5,-999,-999,-999,-999,-999,-999,-999,-999,0,-999,-999
66008006,20150527000000,42.545,3.028333,18,5,-999,-999,-999,-999,-999,-999,-999,-999,0,-999,-999
66008006,20150528000000,42.545,3.028333,18,5,-999,-999,-999,-999,-999,-999,-999,-999,0,-999,-999
66008006,20150529000000,42.545,3.028333,18,5,-999,-999,-999,-999,-999,-999,-999,-999,0,-999,-999
66008006,20150531000000,42.545,3.028333,18,5,-999,-999,-999,-999,-999,-999,-999,-999,0,-999,-999
66008006,20150601000000,42.545,3.028333,18,5,-999,-999,-999,-999,-999,-999,-999,-999,2,-999,-999
66008006,20150602000000,42.545,3.028333,18,5,-999,-999,-999,-999,-999,-999,-999,-999,0,-999,-999
66008006,20150603000000,42.545,3.028333,18,5,-999,-999,-999,-999,-999,-999,-999,-999,0,-999,-999
66008006,20150604000000,42.545,3.028333,18,5,-999,-999,-999,-999,-999,-999,-999,-999,0,-999,-999
66008006,20150605000000,42.545,3.028333,18,5,-999,-999,-999,-999,-999,-999,-999,-999,0,-999,-999
66008006,20150607000000,42.545,3.028333,18,5,-999,-999,-999,-999,-999,-999,-999,-999,0,-999,-999
66008006,20150608000000,42.545,3.028333,18,5,-999,-999,-999,-999,-999,-999,-999,-999,8.5,-999,-999
66008006,20150610000000,42.545,3.028333,18,5,-999,-999,-999,-999,-999,-999,-999,-999,0,-999,-999
66008006,20150611000000,42.545,3.028333,18,5,-999,-999,-999,-999,-999,-999,-999,-999,0,-999,-999
66008006,20150612000000,42.545,3.028333,18,5,-999,-999,-999,-999,-999,-999,-999,-999,9.5,-999,-999
66008006,20150614000000,42.545,3.028333,18,5,-999,-999,-999,-999,-999,-999,-999,-999,15.5,-999,-999
66008006,20150615000000,42.545,3.028333,18,5,-999,-999,-999,-999,-999,-999,-999,-999,0,-999,-999
66008006,20150616000000,42.545,3.028333,18,5,-999,-999,-999,-999,-999,-999,-999,-999,0,-999,-999
66008006,20150617000000,42.545,3.028333,18,5,-999,-999,-999,-999,-999,-999,-999,-999,0,-999,-999
66008006,20150618000000,42.545,3.028333,18,5,-999,-999,-999,-999,-999,-999,-999,-999,0,-999,-999
66008006,20150619000000,42.545,3.028333,18,5,-999,-999,-999,-999,-999,-999,-999,-999,0,-999,-999
66008006,20150621000000,42.545,3.028333,18,5,-999,-999,-999,-999,-999,-999,-999,-999,0,-999,-999
66008006,20150622000000,42.545,3.028333,18,5,-999,-999,-999,-999,-999,-999,-999,-999,0,-999,-999
66008006,20150623000000,42.545,3.028333,18,5,-999,-999,-999,-999,-999,-999,-999,-999,0,-999,-999
66008006,20150624000000,42.545,3.028333,18,5,-999,-999,-999,-999,-999,-999,-999,-999,0,-999,-999
66008006,20150625000000,42.545,3.028333,18,5,-999,-999,-999,-999,-999,-999,-999,-999,0,-999,-999
66008006,20150626000000,42.545,3.028333,18,5,-999,-999,-999,-999,-999,-999,-999,-999,0,-999,-999
66008006,20150627000000,42.545,3.028333,18,5,-999,-999,-999,-999,-999,-999,-999,-999,0,-999,-999
66008006,20150628000000,42.545,3.028333,18,5,-999,-999,-999,-999,-999,-999,-999,-999,0,-999,-999
66008006,20150629000000,42.545,3.028333,18,5,-999,-999,-999,-999,-999,-999,-999,-999,0,-999,-999
66008006,20150701000000,42.545,3.028333,18,5,-999,-999,-999,-999,-999,-999,-999,-999,0,-999,-999
66008006,20150702000000,42.545,3.028333,18,5,-999,-999,-999,-999,-999,-999,-999,-999,0,-999,-999
66008006,20150703000000,42.545,3.028333,18,5,-999,-999,-999,-999,-999,-999,-999,-999,0,-999,-999
66008006,20150704000000,42.545,3.028333,18,5,-999,-999,-999,-999,-999,-999,-999,-999,0,-999,-999
66008006,20150705000000,42.545,3.028333,18,5,-999,-999,-999,-999,-999,-999,-999,-999,0,-999,-999
66008006,20150706000000,42.545,3.028333,18,5,-999,-999,-999,-999,-999,-999,-999,-999,0,-999,-999
66008006,20150707000000,42.545,3.028333,18,5,-999,-999,-999,-999,-999,-999,-999,-999,0,-999,-999
66008006,20150709000000,42.545,3.028333,18,5,-999,-999,-999,-999,-999,-999,-999,-999,0,-999,-999
66008006,20150710000000,42.545,3.028333,18,5,-999,-999,-999,-999,-999,-999,-999,-999,0,-999,-999
66008006,20150711000000,42.545,3.028333,18,5,-999,-999,-999,-999,-999,-999,-999,-999,0,-999,-999
66008006,20150712000000,42.545,3.028333,18,5,-999,-999,-999,-999,-999,-999,-999,-999,0,-999,-999
66008006,20150713000000,42.545,3.028333,18,5,-999,-999,-999,-999,-999,-999,-999,-999,0,-999,-999
66008006,20150714000000,42.545,3.028333,18,5,-999,-999,-999,-999,-999,-999,-999,-999,0,-999,-999
66008006,20150715000000,42.545,3.028333,18,5,-999,-999,-999,-999,-999,-999,-999,-999,0,-999,-999
66008006,20150716000000,42.545,3.028333,18,5,-999,-999,-999,-999,-999,-999,-999,-999,0,-999,-999
66008006,20150717000000,42.545,3.028333,18,5,-999,-999,-999,-999,-999,-999,-999,-999,0,-999,-999
66008006,20150718000000,42.545,3.028333,18,5,-999,-999,-999,-999,-999,-999,-999,-999,0,-999,-999
66008006,20150719000000,42.545,3.028333,18,5,-999,-999,-999,-999,-999,-999,-999,-999,0,-999,-999
66008006,20150720000000,42.545,3.028333,18,5,-999,-999,-999,-999,-999,-999,-999,-999,0,-999,-999
66008006,20150721000000,42.545,3.028333,18,5,-999,-999,-999,-999,-999,-999,-999,-999,0,-999,-999
66008006,20150722000000,42.545,3.028333,18,5,-999,-999,-999,-999,-999,-999,-999,-999,0,-999,-999
66008006,20150723000000,42.545,3.028333,18,5,-999,-999,-999,-999,-999,-999,-999,-999,0,-999,-999
66008006,20150724000000,42.545,3.028333,18,5,-999,-999,-999,-999,-999,-999,-999,-999,0,-999,-999
66008006,20150725000000,42.545,3.028333,18,5,-999,-999,-999,-999,-999,-999,-999,-999,0,-999,-999
66008006,20150726000000,42.545,3.028333,18,5,-999,-999,-999,-999,-999,-999,-999,-999,0,-999,-999
66008006,20150728000000,42.545,3.028333,18,5,-999,-999,-999,-999,-999,-999,-999,-999,0,-999,-999
66008006,20150729000000,42.545,3.028333,18,5,-999,-999,-999,-999,-999,-999,-999,-999,0,-999,-999
66008006,20150730000000,42.545,3.028333,18,5,-999,-999,-999,-999,-999,-999,-999,-999,4,-999,-999
66008006,20150731000000,42.545,3.028333,18,5,-999,-999,-999,-999,-999,-999,-999,-999,14,-999,-999
66008006,20150801000000,42.545,3.028333,18,5,-999,-999,-999,-999,-999,-999,-999,-999,0,-999,-999
66008006,20150802000000,42.545,3.028333,18,5,-999,-999,-999,-999,-999,-999,-999,-999,0,-999,-999
66008006,20150803000000,42.545,3.028333,18,5,-999,-999,-999,-999,-999,-999,-999,-999,0,-999,-999
66008006,20150804000000,42.545,3.028333,18,5,-999,-999,-999,-999,-999,-999,-999,-999,0.5,-999,-999
66008006,20150805000000,42.545,3.028333,18,5,-999,-999,-999,-999,-999,-999,-999,-999,0,-999,-999
66008006,20150806000000,42.545,3.028333,18,5,-999,-999,-999,-999,-999,-999,-999,-999,0,-999,-999
66008006,20150807000000,42.545,3.028333,18,5,-999,-999,-999,-999,-999,-999,-999,-999,0.5,-999,-999
66008006,20150808000000,42.545,3.028333,18,5,-999,-999,-999,-999,-999,-999,-999,-999,5.5,-999,-999
66008006,20150809000000,42.545,3.028333,18,5,-999,-999,-999,-999,-999,-999,-999,-999,0.5,-999,-999
66008006,20150810000000,42.545,3.028333,18,5,-999,-999,-999,-999,-999,-999,-999,-999,0,-999,-999
66008006,20150811000000,42.545,3.028333,18,5,-999,-999,-999,-999,-999,-999,-999,-999,0,-999,-999
66008006,20150812000000,42.545,3.028333,18,5,-999,-999,-999,-999,-999,-999,-999,-999,0,-999,-999
66008006,20150813000000,42.545,3.028333,18,5,-999,-999,-999,-999,-999,-999,-999,-999,6.5,-999,-999
66008006,20150814000000,42.545,3.028333,18,5,-999,-999,-999,-999,-999,-999,-999,-999,2,-999,-999
66008006,20150815000000,42.545,3.028333,18,5,-999,-999,-999,-999,-999,-999,-999,-999,0,-999,-999
66008006,20150816000000,42.545,3.028333,18,5,-999,-999,-999,-999,-999,-999,-999,-999,0,-999,-999
66008006,20150817000000,42.545,3.028333,18,5,-999,-999,-999,-999,-999,-999,-999,-999,2,-999,-999
66008006,20150820000000,42.545,3.028333,18,5,-999,-999,-999,-999,-999,-999,-999,-999,0,-999,-999
66008006,20150821000000,42.545,3.028333,18,5,-999,-999,-999,-999,-999,-999,-999,-999,0,-999,-999
66008006,20150822000000,42.545,3.028333,18,5,-999,-999,-999,-999,-999,-999,-999,-999,0,-999,-999
66008006,20150823000000,42.545,3.028333,18,5,-999,-999,-999,-999,-999,-999,-999,-999,1.5,-999,-999
66008006,20150824000000,42.545,3.028333,18,5,-999,-999,-999,-999,-999,-999,-999,-999,0,-999,-999
66008006,20150825000000,42.545,3.028333,18,5,-999,-999,-999,-999,-999,-999,-999,-999,0,-999,-999
66008006,20150826000000,42.545,3.028333,18,5,-999,-999,-999,-999,-999,-999,-999,-999,0,-999,-999
66008006,20150827000000,42.545,3.028333,18,5,-999,-999,-999,-999,-999,-999,-999,-999,0,-999,-999
66008006,20150828000000,42.545,3.028333,18,5,-999,-999,-999,-999,-999,-999,-999,-999,0,-999,-999
66008006,20150829000000,42.545,3.028333,18,5,-999,-999,-999,-999,-999,-999,-999,-999,0,-999,-999
66008006,20150830000000,42.545,3.028333,18,5,-999,-999,-999,-999,-999,-999,-999,-999,0,-999,-999
66008006,20150831000000,42.545,3.028333,18,5,-999,-999,-999,-999,-999,-999,-999,-999,1,-999,-999
66008006,20150901000000,42.545,3.028333,18,5,-999,-999,-999,-999,-999,-999,-999,-999,0,-999,-999
66008006,20150902000000,42.545,3.028333,18,5,-999,-999,-999,-999,-999,-999,-999,-999,8,-999,-999
66008006,20150903000000,42.545,3.028333,18,5,-999,-999,-999,-999,-999,-999,-999,-999,2.5,-999,-999
66008006,20150904000000,42.545,3.028333,18,5,-999,-999,-999,-999,-999,-999,-999,-999,0.5,-999,-999
66008006,20150905000000,42.545,3.028333,18,5,-999,-999,-999,-999,-999,-999,-999,-999,0,-999,-999
66008006,20150906000000,42.545,3.028333,18,5,-999,-999,-999,-999,-999,-999,-999,-999,0,-999,-999
66008006,20150907000000,42.545,3.028333,18,5,-999,-999,-999,-999,-999,-999,-999,-999,0,-999,-999
66008006,20150908000000,42.545,3.028333,18,5,-999,-999,-999,-999,-999,-999,-999,-999,0,-999,-999
66008006,20150909000000,42.545,3.028333,18,5,-999,-999,-999,-999,-999,-999,-999,-999,0,-999,-999
66008006,20150910000000,42.545,3.028333,18,5,-999,-999,-999,-999,-999,-999,-999,-999,0,-999,-999
66008006,20150911000000,42.545,3.028333,18,5,-999,-999,-999,-999,-999,-999,-999,-999,0,-999,-999
66008006,20150912000000,42.545,3.028333,18,5,-999,-999,-999,-999,-999,-999,-999,-999,0,-999,-999
66008006,20150913000000,42.545,3.028333,18,5,-999,-999,-999,-999,-999,-999,-999,-999,0,-999,-999
66008006,20150914000000,42.545,3.028333,18,5,-999,-999,-999,-999,-999,-999,-999,-999,0,-999,-999
66008006,20150915000000,42.545,3.028333,18,5,-999,-999,-999,-999,-999,-999,-999,-999,0.5,-999,-999
66008006,20150916000000,42.545,3.028333,18,5,-999,-999,-999,-999,-999,-999,-999,-999,0,-999,-999
66008006,20150917000000,42.545,3.028333,18,5,-999,-999,-999,-999,-999,-999,-999,-999,0,-999,-999
66008006,20150918000000,42.545,3.028333,18,5,-999,-999,-999,-999,-999,-999,-999,-999,0,-999,-999
66008006,20150919000000,42.545,3.028333,18,5,-999,-999,-999,-999,-999,-999,-999,-999,0,-999,-999
66008006,20150920000000,42.545,3.028333,18,5,-999,-999,-999,-999,-999,-999,-999,-999,0,-999,-999
66008006,20150923000000,42.545,3.028333,18,5,-999,-999,-999,-999,-999,-999,-999,-999,0,-999,-999
66008006,20150924000000,42.545,3.028333,18,5,-999,-999,-999,-999,-999,-999,-999,-999,0,-999,-999
66008006,20150925000000,42.545,3.028333,18,5,-999,-999,-999,-999,-999,-999,-999,-999,0,-999,-999
66008006,20150926000000,42.545,3.028333,18,5,-999,-999,-999,-999,-999,-999,-999,-999,0,-999,-999
66008006,20150927000000,42.545,3.028333,18,5,-999,-999,-999,-999,-999,-999,-999,-999,0,-999,-999
66008006,20150928000000,42.545,3.028333,18,5,-999,-999,-999,-999,-999,-999,-999,-999,0,-999,-999
66008006,20150929000000,42.545,3.028333,18,5,-999,-999,-999,-999,-999,-999,-999,-999,28.5,-999,-999
66008006,20151001000000,42.545,3.028333,18,5,-999,-999,-999,-999,-999,-999,-999,-999,0.5,-999,-999
66008006,20151002000000,42.545,3.028333,18,5,-999,-999,-999,-999,-999,-999,-999,-999,1.5,-999,-999
66008006,20151003000000,42.545,3.028333,18,5,-999,-999,-999,-999,-999,-999,-999,-999,7.5,-999,-999
66008006,20151004000000,42.545,3.028333,18,5,-999,-999,-999,-999,-999,-999,-999,-999,0,-999,-999
66008006,20151005000000,42.545,3.028333,18,5,-999,-999,-999,-999,-999,-999,-999,-999,0,-999,-999
66008006,20151006000000,42.545,3.028333,18,5,-999,-999,-999,-999,-999,-999,-999,-999,19.5,-999,-999
66008006,20151007000000,42.545,3.028333,18,5,-999,-999,-999,-999,-999,-999,-999,-999,0,-999,-999
66008006,20151008000000,42.545,3.028333,18,5,-999,-999,-999,-999,-999,-999,-999,-999,0,-999,-999
66008006,20151009000000,42.545,3.028333,18,5,-999,-999,-999,-999,-999,-999,-999,-999,0,-999,-999
66008006,20151010000000,42.545,3.028333,18,5,-999,-999,-999,-999,-999,-999,-999,-999,0,-999,-999
66008006,20151011000000,42.545,3.028333,18,5,-999,-999,-999,-999,-999,-999,-999,-999,0.5,-999,-999
66008006,20151012000000,42.545,3.028333,18,5,-999,-999,-999,-999,-999,-999,-999,-999,2,-999,-999
66008006,20151013000000,42.545,3.028333,18,5,-999,-999,-999,-999,-999,-999,-999,-999,0.5,-999,-999
66008006,20151014000000,42.545,3.028333,18,5,-999,-999,-999,-999,-999,-999,-999,-999,0,-999,-999
66008006,20151015000000,42.545,3.028333,18,5,-999,-999,-999,-999,-999,-999,-999,-999,0,-999,-999
66008006,20151016000000,42.545,3.028333,18,5,-999,-999,-999,-999,-999,-999,-999,-999,0,-999,-999
66008006,20151017000000,42.545,3.028333,18,5,-999,-999,-999,-999,-999,-999,-999,-999,0,-999,-999
66008006,20151018000000,42.545,3.028333,18,5,-999,-999,-999,-999,-999,-999,-999,-999,7.5,-999,-999
66008006,20151019000000,42.545,3.028333,18,5,-999,-999,-999,-999,-999,-999,-999,-999,1.5,-999,-999
66008006,20151020000000,42.545,3.028333,18,5,-999,-999,-999,-999,-999,-999,-999,-999,0,-999,-999
66008006,20151021000000,42.545,3.028333,18,5,-999,-999,-999,-999,-999,-999,-999,-999,0,-999,-999
66008006,20151022000000,42.545,3.028333,18,5,-999,-999,-999,-999,-999,-999,-999,-999,0,-999,-999
66008006,20151023000000,42.545,3.028333,18,5,-999,-999,-999,-999,-999,-999,-999,-999,0,-999,-999
66008006,20151024000000,42.545,3.028333,18,5,-999,-999,-999,-999,-999,-999,-999,-999,0,-999,-999
66008006,20151025000000,42.545,3.028333,18,5,-999,-999,-999,-999,-999,-999,-999,-999,0,-999,-999
66008006,20151026000000,42.545,3.028333,18,5,-999,-999,-999,-999,-999,-999,-999,-999,4,-999,-999
66008006,20151028000000,42.545,3.028333,18,5,-999,-999,-999,-999,-999,-999,-999,-999,0.5,-999,-999
66008006,20151029000000,42.545,3.028333,18,5,-999,-999,-999,-999,-999,-999,-999,-999,0,-999,-999
66008006,20151030000000,42.545,3.028333,18,5,-999,-999,-999,-999,-999,-999,-999,-999,0,-999,-999
66008006,20151031000000,42.545,3.028333,18,5,-999,-999,-999,-999,-999,-999,-999,-999,0,-999,-999
66008006,20151101000000,42.545,3.028333,18,5,-999,-999,-999,-999,-999,-999,-999,-999,1.5,-999,-999
66008006,20151102000000,42.545,3.028333,18,5,-999,-999,-999,-999,-999,-999,-999,-999,54.5,-999,-999
66008006,20151103000000,42.545,3.028333,18,5,-999,-999,-999,-999,-999,-999,-999,-999,0,-999,-999
66008006,20151104000000,42.545,3.028333,18,5,-999,-999,-999,-999,-999,-999,-999,-999,0,-999,-999
66008006,20151105000000,42.545,3.028333,18,5,-999,-999,-999,-999,-999,-999,-999,-999,0,-999,-999
66008006,20151106000000,42.545,3.028333,18,5,-999,-999,-999,-999,-999,-999,-999,-999,0,-999,-999
66008006,20151107000000,42.545,3.028333,18,5,-999,-999,-999,-999,-999,-999,-999,-999,0,-999,-999
66008006,20151108000000,42.545,3.028333,18,5,-999,-999,-999,-999,-999,-999,-999,-999,0,-999,-999
66008006,20151109000000,42.545,3.028333,18,5,-999,-999,-999,-999,-999,-999,-999,-999,0,-999,-999
66008006,20151110000000,42.545,3.028333,18,5,-999,-999,-999,-999,-999,-999,-999,-999,0,-999,-999
66008006,20151111000000,42.545,3.028333,18,5,-999,-999,-999,-999,-999,-999,-999,-999,0,-999,-999
66008006,20151112000000,42.545,3.028333,18,5,-999,-999,-999,-999,-999,-999,-999,-999,0,-999,-999
66008006,20151113000000,42.545,3.028333,18,5,-999,-999,-999,-999,-999,-999,-999,-999,0,-999,-999
66008006,20151114000000,42.545,3.028333,18,5,-999,-999,-999,-999,-999,-999,-999,-999,0,-999,-999
66008006,20151115000000,42.545,3.028333,18,5,-999,-999,-999,-999,-999,-999,-999,-999,0,-999,-999
66008006,20151116000000,42.545,3.028333,18,5,-999,-999,-999,-999,-999,-999,-999,-999,0,-999,-999
66008006,20151117000000,42.545,3.028333,18,5,-999,-999,-999,-999,-999,-999,-999,-999,0,-999,-999
66008006,20151118000000,42.545,3.028333,18,5,-999,-999,-999,-999,-999,-999,-999,-999,0,-999,-999
66008006,20151119000000,42.545,3.028333,18,5,-999,-999,-999,-999,-999,-999,-999,-999,0,-999,-999
66008006,20151120000000,42.545,3.028333,18,5,-999,-999,-999,-999,-999,-999,-999,-999,1.5,-999,-999
66008006,20151121000000,42.545,3.028333,18,5,-999,-999,-999,-999,-999,-999,-999,-999,0,-999,-999
66008006,20151122000000,42.545,3.028333,18,5,-999,-999,-999,-999,-999,-999,-999,-999,0,-999,-999
66008006,20151123000000,42.545,3.028333,18,5,-999,-999,-999,-999,-999,-999,-999,-999,0,-999,-999
66008006,20151124000000,42.545,3.028333,18,5,-999,-999,-999,-999,-999,-999,-999,-999,0,-999,-999
66008006,20151125000000,42.545,3.028333,18,5,-999,-999,-999,-999,-999,-999,-999,-999,0.5,-999,-999
66008006,20151126000000,42.545,3.028333,18,5,-999,-999,-999,-999,-999,-999,-999,-999,0,-999,-999
66008006,20151127000000,42.545,3.028333,18,5,-999,-999,-999,-999,-999,-999,-999,-999,0,-999,-999
66008006,20151128000000,42.545,3.028333,18,5,-999,-999,-999,-999,-999,-999,-999,-999,0,-999,-999
66008006,20151129000000,42.545,3.028333,18,5,-999,-999,-999,-999,-999,-999,-999,-999,0,-999,-999
66008006,20151130000000,42.545,3.028333,18,5,-999,-999,-999,-999,-999,-999,-999,-999,0,-999,-999
66008006,20151201000000,42.545,3.028333,18,5,-999,-999,-999,-999,-999,-999,-999,-999,0,-999,-999
66008006,20151202000000,42.545,3.028333,18,5,-999,-999,-999,-999,-999,-999,-999,-999,0,-999,-999
66008006,20151203000000,42.545,3.028333,18,5,-999,-999,-999,-999,-999,-999,-999,-999,2.5,-999,-999
66008006,20151204000000,42.545,3.028333,18,5,-999,-999,-999,-999,-999,-999,-999,-999,0,-999,-999
66008006,20151205000000,42.545,3.028333,18,5,-999,-999,-999,-999,-999,-999,-999,-999,0,-999,-999
66008006,20151206000000,42.545,3.028333,18,5,-999,-999,-999,-999,-999,-999,-999,-999,0,-999,-999
66008006,20151208000000,42.545,3.028333,18,5,-999,-999,-999,-999,-999,-999,-999,-999,0,-999,-999
66008006,20151209000000,42.545,3.028333,18,5,-999,-999,-999,-999,-999,-999,-999,-999,0,-999,-999
66008006,20151210000000,42.545,3.028333,18,5,-999,-999,-999,-999,-999,-999,-999,-999,0,-999,-999
66008006,20151211000000,42.545,3.028333,18,5,-999,-999,-999,-999,-999,-999,-999,-999,0,-999,-999
66008006,20151212000000,42.545,3.028333,18,5,-999,-999,-999,-999,-999,-999,-999,-999,0,-999,-999
66008006,20151213000000,42.545,3.028333,18,5,-999,-999,-999,-999,-999,-999,-999,-999,0,-999,-999
66008006,20151214000000,42.545,3.028333,18,5,-999,-999,-999,-999,-999,-999,-999,-999,0,-999,-999
66008006,20151215000000,42.545,3.028333,18,5,-999,-999,-999,-999,-999,-999,-999,-999,0,-999,-999
66008006,20151216000000,42.545,3.028333,18,5,-999,-999,-999,-999,-999,-999,-999,-999,0,-999,-999
66008006,20151217000000,42.545,3.028333,18,5,-999,-999,-999,-999,-999,-999,-999,-999,0,-999,-999
66008006,20151218000000,42.545,3.028333,18,5,-999,-999,-999,-999,-999,-999,-999,-999,0,-999,-999
66008006,20151219000000,42.545,3.028333,18,5,-999,-999,-999,-999,-999,-999,-999,-999,0,-999,-999
66008006,20151220000000,42.545,3.028333,18,5,-999,-999,-999,-999,-999,-999,-999,-999,0,-999,-999
66008006,20151221000000,42.545,3.028333,18,5,-999,-999,-999,-999,-999,-999,-999,-999,0,-999,-999
66008006,20151224000000,42.545,3.028333,18,5,-999,-999,-999,-999,-999,-999,-999,-999,0,-999,-999
66008006,20151225000000,42.545,3.028333,18,5,-999,-999,-999,-999,-999,-999,-999,-999,0,-999,-999
66008006,20151226000000,42.545,3.028333,18,5,-999,-999,-999,-999,-999,-999,-999,-999,0,-999,-999
66008006,20151227000000,42.545,3.028333,18,5,-999,-999,-999,-999,-999,-999,-999,-999,0,-999,-999
66008006,20151228000000,42.545,3.028333,18,5,-999,-999,-999,-999,-999,-999,-999,-999,0,-999,-999
66008006,20151229000000,42.545,3.028333,18,5,-999,-999,-999,-999,-999,-999,-999,-999,0,-999,-999
66008006,20151230000000,42.545,3.028333,18,5,-999,-999,-999,-999,-999,-999,-999,-999,0,-999,-999
66008006,20151231000000,42.545,3.028333,18,5,-999,-999,-999,-999,-999,-999,-999,-999,0,-999,-999
66008006,20160101000000,42.545,3.028333,18,5,-999,-999,-999,-999,-999,-999,-999,-999,0,-999,-999
66008006,20160102000000,42.545,3.028333,18,5,-999,-999,-999,-999,-999,-999,-999,-999,1.5,-999,-999
66008006,20160103000000,42.545,3.028333,18,5,-999,-999,-999,-999,-999,-999,-999,-999,0,-999,-999
66008006,20160104000000,42.545,3.028333,18,5,-999,-999,-999,-999,-999,-999,-999,-999,1.5,-999,-999
66008006,20160105000000,42.545,3.028333,18,5,-999,-999,-999,-999,-999,-999,-999,-999,5.5,-999,-999
66008006,20160106000000,42.545,3.028333,18,5,-999,-999,-999,-999,-999,-999,-999,-999,0.5,-999,-999
66008006,20160107000000,42.545,3.028333,18,5,-999,-999,-999,-999,-999,-999,-999,-999,0,-999,-999
66008006,20160108000000,42.545,3.028333,18,5,-999,-999,-999,-999,-999,-999,-999,-999,0,-999,-999
66008006,20160109000000,42.545,3.028333,18,5,-999,-999,-999,-999,-999,-999,-999,-999,0,-999,-999
66008006,20160110000000,42.545,3.028333,18,5,-999,-999,-999,-999,-999,-999,-999,-999,0,-999,-999
66008006,20160111000000,42.545,3.028333,18,5,-999,-999,-999,-999,-999,-999,-999,-999,0.5,-999,-999
66008006,20160112000000,42.545,3.028333,18,5,-999,-999,-999,-999,-999,-999,-999,-999,0,-999,-999
66008006,20160113000000,42.545,3.028333,18,5,-999,-999,-999,-999,-999,-999,-999,-999,0,-999,-999
66008006,20160114000000,42.545,3.028333,18,5,-999,-999,-999,-999,-999,-999,-999,-999,0,-999,-999
66008006,20160115000000,42.545,3.028333,18,5,-999,-999,-999,-999,-999,-999,-999,-999,0,-999,-999
66008006,20160116000000,42.545,3.028333,18,5,-999,-999,-999,-999,-999,-999,-999,-999,0,-999,-999
66008006,20160119000000,42.545,3.028333,18,5,-999,-999,-999,-999,-999,-999,-999,-999,0,-999,-999
66008006,20160120000000,42.545,3.028333,18,5,-999,-999,-999,-999,-999,-999,-999,-999,0,-999,-999
66008006,20160121000000,42.545,3.028333,18,5,-999,-999,-999,-999,-999,-999,-999,-999,0,-999,-999
66008006,20160122000000,42.545,3.028333,18,5,-999,-999,-999,-999,-999,-999,-999,-999,0.5,-999,-999
66008006,20160123000000,42.545,3.028333,18,5,-999,-999,-999,-999,-999,-999,-999,-999,0,-999,-999
66008006,20160124000000,42.545,3.028333,18,5,-999,-999,-999,-999,-999,-999,-999,-999,0,-999,-999
66008006,20160125000000,42.545,3.028333,18,5,-999,-999,-999,-999,-999,-999,-999,-999,0,-999,-999
66008006,20160126000000,42.545,3.028333,18,5,-999,-999,-999,-999,-999,-999,-999,-999,0,-999,-999
66008006,20160127000000,42.545,3.028333,18,5,-999,-999,-999,-999,-999,-999,-999,-999,0,-999,-999
66008006,20160128000000,42.545,3.028333,18,5,-999,-999,-999,-999,-999,-999,-999,-999,0,-999,-999
66008006,20160130000000,42.545,3.028333,18,5,-999,-999,-999,-999,-999,-999,-999,-999,0,-999,-999
66008006,20160131000000,42.545,3.028333,18,5,-999,-999,-999,-999,-999,-999,-999,-999,0,-999,-999
66008006,20160201000000,42.545,3.028333,18,5,-999,-999,-999,-999,-999,-999,-999,-999,0,-999,-999
66008006,20160202000000,42.545,3.028333,18,5,-999,-999,-999,-999,-999,-999,-999,-999,0.5,-999,-999
66008006,20160203000000,42.545,3.028333,18,5,-999,-999,-999,-999,-999,-999,-999,-999,0,-999,-999
66008006,20160204000000,42.545,3.028333,18,5,-999,-999,-999,-999,-999,-999,-999,-999,0,-999,-999
66008006,20160205000000,42.545,3.028333,18,5,-999,-999,-999,-999,-999,-999,-999,-999,0,-999,-999
66008006,20160206000000,42.545,3.028333,18,5,-999,-999,-999,-999,-999,-999,-999,-999,0,-999,-999
66008006,20160207000000,42.545,3.028333,18,5,-999,-999,-999,-999,-999,-999,-999,-999,2,-999,-999
66008006,20160208000000,42.545,3.028333,18,5,-999,-999,-999,-999,-999,-999,-999,-999,0,-999,-999
66008006,20160209000000,42.545,3.028333,18,5,-999,-999,-999,-999,-999,-999,-999,-999,0,-999,-999
66008006,20160210000000,42.545,3.028333,18,5,-999,-999,-999,-999,-999,-999,-999,-999,0.5,-999,-999
66008006,20160211000000,42.545,3.028333,18,5,-999,-999,-999,-999,-999,-999,-999,-999,0,-999,-999
66008006,20160212000000,42.545,3.028333,18,5,-999,-999,-999,-999,-999,-999,-999,-999,1.5,-999,-999
66008006,20160213000000,42.545,3.028333,18,5,-999,-999,-999,-999,-999,-999,-999,-999,1,-999,-999
66008006,20160214000000,42.545,3.028333,18,5,-999,-999,-999,-999,-999,-999,-999,-999,10.5,-999,-999
66008006,20160215000000,42.545,3.028333,18,5,-999,-999,-999,-999,-999,-999,-999,-999,0,-999,-999
66008006,20160216000000,42.545,3.028333,18,5,-999,-999,-999,-999,-999,-999,-999,-999,0,-999,-999
66008006,20160217000000,42.545,3.028333,18,5,-999,-999,-999,-999,-999,-999,-999,-999,0,-999,-999
66008006,20160218000000,42.545,3.028333,18,5,-999,-999,-999,-999,-999,-999,-999,-999,0,-999,-999
66008006,20160219000000,42.545,3.028333,18,5,-999,-999,-999,-999,-999,-999,-999,-999,0,-999,-999
66008006,20160220000000,42.545,3.028333,18,5,-999,-999,-999,-999,-999,-999,-999,-999,0,-999,-999
66008006,20160221000000,42.545,3.028333,18,5,-999,-999,-999,-999,-999,-999,-999,-999,0,-999,-999
66008006,20160222000000,42.545,3.028333,18,5,-999,-999,-999,-999,-999,-999,-999,-999,0,-999,-999
66008006,20160223000000,42.545,3.028333,18,5,-999,-999,-999,-999,-999,-999,-999,-999,0,-999,-999
66008006,20160224000000,42.545,3.028333,18,5,-999,-999,-999,-999,-999,-999,-999,-999,0,-999,-999
66008006,20160225000000,42.545,3.028333,18,5,-999,-999,-999,-999,-999,-999,-999,-999,0,-999,-999
66008006,20160227000000,42.545,3.028333,18,5,-999,-999,-999,-999,-999,-999,-999,-999,46,-999,-999
66008006,20160228000000,42.545,3.028333,18,5,-999,-999,-999,-999,-999,-999,-999,-999,16.5,-999,-999
66008006,20160229000000,42.545,3.028333,18,5,-999,-999,-999,-999,-999,-999,-999,-999,0,-999,-999
66008006,20160301000000,42.545,3.028333,18,5,-999,-999,-999,-999,-999,-999,-999,-999,0,-999,-999
66008006,20160302000000,42.545,3.028333,18,5,-999,-999,-999,-999,-999,-999,-999,-999,0,-999,-999
66008006,20160303000000,42.545,3.028333,18,5,-999,-999,-999,-999,-999,-999,-999,-999,0,-999,-999
66008006,20160305000000,42.545,3.028333,18,5,-999,-999,-999,-999,-999,-999,-999,-999,0,-999,-999
66008006,20160306000000,42.545,3.028333,18,5,-999,-999,-999,-999,-999,-999,-999,-999,0,-999,-999
66008006,20160307000000,42.545,3.028333,18,5,-999,-999,-999,-999,-999,-999,-999,-999,0,-999,-999
66008006,20160308000000,42.545,3.028333,18,5,-999,-999,-999,-999,-999,-999,-999,-999,0,-999,-999
66008006,20160309000000,42.545,3.028333,18,5,-999,-999,-999,-999,-999,-999,-999,-999,0.5,-999,-999
66008006,20160310000000,42.545,3.028333,18,5,-999,-999,-999,-999,-999,-999,-999,-999,0,-999,-999
66008006,20160311000000,42.545,3.028333,18,5,-999,-999,-999,-999,-999,-999,-999,-999,0,-999,-999
66008006,20160312000000,42.545,3.028333,18,5,-999,-999,-999,-999,-999,-999,-999,-999,0,-999,-999
66008006,20160313000000,42.545,3.028333,18,5,-999,-999,-999,-999,-999,-999,-999,-999,0,-999,-999
66008006,20160314000000,42.545,3.028333,18,5,-999,-999,-999,-999,-999,-999,-999,-999,0,-999,-999
66008006,20160315000000,42.545,3.028333,18,5,-999,-999,-999,-999,-999,-999,-999,-999,8,-999,-999
66008006,20160316000000,42.545,3.028333,18,5,-999,-999,-999,-999,-999,-999,-999,-999,8,-999,-999
66008006,20160317000000,42.545,3.028333,18,5,-999,-999,-999,-999,-999,-999,-999,-999,30.5,-999,-999
66008006,20160318000000,42.545,3.028333,18,5,-999,-999,-999,-999,-999,-999,-999,-999,1.5,-999,-999
66008006,20160319000000,42.545,3.028333,18,5,-999,-999,-999,-999,-999,-999,-999,-999,0,-999,-999
66008006,20160320000000,42.545,3.028333,18,5,-999,-999,-999,-999,-999,-999,-999,-999,0,-999,-999
66008006,20160321000000,42.545,3.028333,18,5,-999,-999,-999,-999,-999,-999,-999,-999,0,-999,-999
66008006,20160322000000,42.545,3.028333,18,5,-999,-999,-999,-999,-999,-999,-999,-999,0,-999,-999
66008006,20160323000000,42.545,3.028333,18,5,-999,-999,-999,-999,-999,-999,-999,-999,0,-999,-999
66008006,20160324000000,42.545,3.028333,18,5,-999,-999,-999,-999,-999,-999,-999,-999,0,-999,-999
66008006,20160325000000,42.545,3.028333,18,5,-999,-999,-999,-999,-999,-999,-999,-999,0,-999,-999
66008006,20160326000000,42.545,3.028333,18,5,-999,-999,-999,-999,-999,-999,-999,-999,0,-999,-999
66008006,20160327000000,42.545,3.028333,18,5,-999,-999,-999,-999,-999,-999,-999,-999,0,-999,-999
66008006,20160328000000,42.545,3.028333,18,5,-999,-999,-999,-999,-999,-999,-999,-999,0,-999,-999
66008006,20160329000000,42.545,3.028333,18,5,-999,-999,-999,-999,-999,-999,-999,-999,0,-999,-999
66008006,20160330000000,42.545,3.028333,18,5,-999,-999,-999,-999,-999,-999,-999,-999,0,-999,-999
66008006,20160331000000,42.545,3.028333,18,5,-999,-999,-999,-999,-999,-999,-999,-999,1,-999,-999
66008006,20160403000000,42.545,3.028333,18,5,-999,-999,-999,-999,-999,-999,-999,-999,0,-999,-999
66008006,20160404000000,42.545,3.028333,18,5,-999,-999,-999,-999,-999,-999,-999,-999,8,-999,-999
66008006,20160405000000,42.545,3.028333,18,5,-999,-999,-999,-999,-999,-999,-999,-999,19,-999,-999
66008006,20160406000000,42.545,3.028333,18,5,-999,-999,-999,-999,-999,-999,-999,-999,0,-999,-999
66008006,20160407000000,42.545,3.028333,18,5,-999,-999,-999,-999,-999,-999,-999,-999,0.5,-999,-999
66008006,20160408000000,42.545,3.028333,18,5,-999,-999,-999,-999,-999,-999,-999,-999,0,-999,-999
66008006,20160409000000,42.545,3.028333,18,5,-999,-999,-999,-999,-999,-999,-999,-999,0,-999,-999
66008006,20160410000000,42.545,3.028333,18,5,-999,-999,-999,-999,-999,-999,-999,-999,0,-999,-999
66008006,20160411000000,42.545,3.028333,18,5,-999,-999,-999,-999,-999,-999,-999,-999,0,-999,-999
66008006,20160412000000,42.545,3.028333,18,5,-999,-999,-999,-999,-999,-999,-999,-999,0,-999,-999
66008006,20160415000000,42.545,3.028333,18,5,-999,-999,-999,-999,-999,-999,-999,-999,0,-999,-999
66008006,20160416000000,42.545,3.028333,18,5,-999,-999,-999,-999,-999,-999,-999,-999,0,-999,-999
66008006,20160417000000,42.545,3.028333,18,5,-999,-999,-999,-999,-999,-999,-999,-999,2.5,-999,-999
66008006,20160418000000,42.545,3.028333,18,5,-999,-999,-999,-999,-999,-999,-999,-999,0,-999,-999
66008006,20160419000000,42.545,3.028333,18,5,-999,-999,-999,-999,-999,-999,-999,-999,0,-999,-999
66008006,20160420000000,42.545,3.028333,18,5,-999,-999,-999,-999,-999,-999,-999,-999,2.5,-999,-999
66008006,20160421000000,42.545,3.028333,18,5,-999,-999,-999,-999,-999,-999,-999,-999,9.5,-999,-999
66008006,20160422000000,42.545,3.028333,18,5,-999,-999,-999,-999,-999,-999,-999,-999,0.5,-999,-999
66008006,20160423000000,42.545,3.028333,18,5,-999,-999,-999,-999,-999,-999,-999,-999,0,-999,-999
66008006,20160424000000,42.545,3.028333,18,5,-999,-999,-999,-999,-999,-999,-999,-999,0,-999,-999
66008006,20160425000000,42.545,3.028333,18,5,-999,-999,-999,-999,-999,-999,-999,-999,0,-999,-999
66008006,20160426000000,42.545,3.028333,18,5,-999,-999,-999,-999,-999,-999,-999,-999,0,-999,-999
66008006,20160427000000,42.545,3.028333,18,5,-999,-999,-999,-999,-999,-999,-999,-999,0,-999,-999
66008006,20160428000000,42.545,3.028333,18,5,-999,-999,-999,-999,-999,-999,-999,-999,0,-999,-999
66008006,20160429000000,42.545,3.028333,18,5,-999,-999,-999,-999,-999,-999,-999,-999,0,-999,-999
66008006,20160430000000,42.545,3.028333,18,5,-999,-999,-999,-999,-999,-999,-999,-999,1,-999,-999
66008006,20160501000000,42.545,3.028333,18,5,-999,-999,-999,-999,-999,-999,-999,-999,0,-999,-999
66008006,20160502000000,42.545,3.028333,18,5,-999,-999,-999,-999,-999,-999,-999,-999,0,-999,-999
66008006,20160503000000,42.545,3.028333,18,5,-999,-999,-999,-999,-999,-999,-999,-999,0,-999,-999
66008006,20160504000000,42.545,3.028333,18,5,-999,-999,-999,-999,-999,-999,-999,-999,0,-999,-999
66008006,20160505000000,42.545,3.028333,18,5,-999,-999,-999,-999,-999,-999,-999,-999,0,-999,-999
66008006,20160506000000,42.545,3.028333,18,5,-999,-999,-999,-999,-999,-999,-999,-999,0,-999,-999
66008006,20160507000000,42.545,3.028333,18,5,-999,-999,-999,-999,-999,-999,-999,-999,0,-999,-999
66008006,20160508000000,42.545,3.028333,18,5,-999,-999,-999,-999,-999,-999,-999,-999,7.5,-999,-999
66008006,20160509000000,42.545,3.028333,18,5,-999,-999,-999,-999,-999,-999,-999,-999,20,-999,-999
66008006,20160510000000,42.545,3.028333,18,5,-999,-999,-999,-999,-999,-999,-999,-999,4.5,-999,-999
66008006,20160511000000,42.545,3.028333,18,5,-999,-999,-999,-999,-999,-999,-999,-999,12,-999,-999
66008006,20160512000000,42.545,3.028333,18,5,-999,-999,-999,-999,-999,-999,-999,-999,0.5,-999,-999
66008006,20160513000000,42.545,3.028333,18,5,-999,-999,-999,-999,-999,-999,-999,-999,3,-999,-999
66008006,20160514000000,42.545,3.028333,18,5,-999,-999,-999,-999,-999,-999,-999,-999,0,-999,-999
66008006,20160515000000,42.545,3.028333,18,5,-999,-999,-999,-999,-999,-999,-999,-999,0,-999,-999
66008006,20160516000000,42.545,3.028333,18,5,-999,-999,-999,-999,-999,-999,-999,-999,0,-999,-999
66008006,20160517000000,42.545,3.028333,18,5,-999,-999,-999,-999,-999,-999,-999,-999,0,-999,-999
66008006,20160518000000,42.545,3.028333,18,5,-999,-999,-999,-999,-999,-999,-999,-999,2.5,-999,-999
66008006,20160519000000,42.545,3.028333,18,5,-999,-999,-999,-999,-999,-999,-999,-999,0,-999,-999
66008006,20160520000000,42.545,3.028333,18,5,-999,-999,-999,-999,-999,-999,-999,-999,0,-999,-999
66008006,20160521000000,42.545,3.028333,18,5,-999,-999,-999,-999,-999,-999,-999,-999,0,-999,-999
66008006,20160523000000,42.545,3.028333,18,5,-999,-999,-999,-999,-999,-999,-999,-999,0,-999,-999
66008006,20160524000000,42.545,3.028333,18,5,-999,-999,-999,-999,-999,-999,-999,-999,0,-999,-999
66008006,20160525000000,42.545,3.028333,18,5,-999,-999,-999,-999,-999,-999,-999,-999,0,-999,-999
66008006,20160526000000,42.545,3.028333,18,5,-999,-999,-999,-999,-999,-999,-999,-999,0,-999,-999
66008006,20160527000000,42.545,3.028333,18,5,-999,-999,-999,-999,-999,-999,-999,-999,0,-999,-999
66008006,20160528000000,42.545,3.028333,18,5,-999,-999,-999,-999,-999,-999,-999,-999,20.5,-999,-999
66008006,20160529000000,42.545,3.028333,18,5,-999,-999,-999,-999,-999,-999,-999,-999,12.5,-999,-999
66008006,20160530000000,42.545,3.028333,18,5,-999,-999,-999,-999,-999,-999,-999,-999,4.5,-999,-999
66008006,20160531000000,42.545,3.028333,18,5,-999,-999,-999,-999,-999,-999,-999,-999,0.5,-999,-999
66008006,20160601000000,42.545,3.028333,18,5,-999,-999,-999,-999,-999,-999,-999,-999,0,-999,-999
66008006,20160602000000,42.545,3.028333,18,5,-999,-999,-999,-999,-999,-999,-999,-999,4.5,-999,-999
66008006,20160603000000,42.545,3.028333,18,5,-999,-999,-999,-999,-999,-999,-999,-999,0,-999,-999
66008006,20160604000000,42.545,3.028333,18,5,-999,-999,-999,-999,-999,-999,-999,-999,0,-999,-999
66008006,20160605000000,42.545,3.028333,18,5,-999,-999,-999,-999,-999,-999,-999,-999,0,-999,-999
66008006,20160606000000,42.545,3.028333,18,5,-999,-999,-999,-999,-999,-999,-999,-999,2,-999,-999
66008006,20160607000000,42.545,3.028333,18,5,-999,-999,-999,-999,-999,-999,-999,-999,0,-999,-999
66008006,20160608000000,42.545,3.028333,18,5,-999,-999,-999,-999,-999,-999,-999,-999,2,-999,-999
66008006,20160609000000,42.545,3.028333,18,5,-999,-999,-999,-999,-999,-999,-999,-999,0,-999,-999
66008006,20160610000000,42.545,3.028333,18,5,-999,-999,-999,-999,-999,-999,-999,-999,0,-999,-999
66008006,20160611000000,42.545,3.028333,18,5,-999,-999,-999,-999,-999,-999,-999,-999,0,-999,-999
66008006,20160612000000,42.545,3.028333,18,5,-999,-999,-999,-999,-999,-999,-999,-999,0,-999,-999
66008006,20160613000000,42.545,3.028333,18,5,-999,-999,-999,-999,-999,-999,-999,-999,0,-999,-999
66008006,20160614000000,42.545,3.028333,18,5,-999,-999,-999,-999,-999,-999,-999,-999,0,-999,-999
66008006,20160615000000,42.545,3.028333,18,5,-999,-999,-999,-999,-999,-999,-999,-999,1.5,-999,-999
66008006,20160616000000,42.545,3.028333,18,5,-999,-999,-999,-999,-999,-999,-999,-999,9.5,-999,-999
66008006,20160617000000,42.545,3.028333,18,5,-999,-999,-999,-999,-999,-999,-999,-999,41,-999,-999
66008006,20160618000000,42.545,3.028333,18,5,-999,-999,-999,-999,-999,-999,-999,-999,1.5,-999,-999
66008006,20160619000000,42.545,3.028333,18,5,-999,-999,-999,-999,-999,-999,-999,-999,0,-999,-999
66008006,20160620000000,42.545,3.028333,18,5,-999,-999,-999,-999,-999,-999,-999,-999,0,-999,-999
66008006,20160621000000,42.545,3.028333,18,5,-999,-999,-999,-999,-999,-999,-999,-999,0,-999,-999
66008006,20160622000000,42.545,3.028333,18,5,-999,-999,-999,-999,-999,-999,-999,-999,0,-999,-999
66008006,20160623000000,42.545,3.028333,18,5,-999,-999,-999,-999,-999,-999,-999,-999,0,-999,-999
66008006,20160624000000,42.545,3.028333,18,5,-999,-999,-999,-999,-999,-999,-999,-999,0,-999,-999
66008006,20160625000000,42.545,3.028333,18,5,-999,-999,-999,-999,-999,-999,-999,-999,0,-999,-999
66008006,20160626000000,42.545,3.028333,18,5,-999,-999,-999,-999,-999,-999,-999,-999,0,-999,-999
66008006,20160627000000,42.545,3.028333,18,5,-999,-999,-999,-999,-999,-999,-999,-999,0,-999,-999
66008006,20160628000000,42.545,3.028333,18,5,-999,-999,-999,-999,-999,-999,-999,-999,0,-999,-999
66008006,20160629000000,42.545,3.028333,18,5,-999,-999,-999,-999,-999,-999,-999,-999,0,-999,-999
66008006,20160630000000,42.545,3.028333,18,5,-999,-999,-999,-999,-999,-999,-999,-999,0,-999,-999
66008006,20160701000000,42.545,3.028333,18,5,-999,-999,-999,-999,-999,-999,-999,-999,0.5,-999,-999
66008006,20160702000000,42.545,3.028333,18,5,-999,-999,-999,-999,-999,-999,-999,-999,0,-999,-999
66008006,20160703000000,42.545,3.028333,18,5,-999,-999,-999,-999,-999,-999,-999,-999,0,-999,-999
66008006,20160704000000,42.545,3.028333,18,5,-999,-999,-999,-999,-999,-999,-999,-999,0,-999,-999
66008006,20160705000000,42.545,3.028333,18,5,-999,-999,-999,-999,-999,-999,-999,-999,0,-999,-999
66008006,20160706000000,42.545,3.028333,18,5,-999,-999,-999,-999,-999,-999,-999,-999,0,-999,-999
66008006,20160707000000,42.545,3.028333,18,5,-999,-999,-999,-999,-999,-999,-999,-999,0,-999,-999
66008006,20160708000000,42.545,3.028333,18,5,-999,-999,-999,-999,-999,-999,-999,-999,0,-999,-999
66008006,20160709000000,42.545,3.028333,18,5,-999,-999,-999,-999,-999,-999,-999,-999,0,-999,-999
66008006,20160710000000,42.545,3.028333,18,5,-999,-999,-999,-999,-999,-999,-999,-999,0,-999,-999
66008006,20160711000000,42.545,3.028333,18,5,-999,-999,-999,-999,-999,-999,-999,-999,0,-999,-999
66008006,20160712000000,42.545,3.028333,18,5,-999,-999,-999,-999,-999,-999,-999,-999,0,-999,-999
66008006,20160713000000,42.545,3.028333,18,5,-999,-999,-999,-999,-999,-999,-999,-999,0,-999,-999
66008006,20160714000000,42.545,3.028333,18,5,-999,-999,-999,-999,-999,-999,-999,-999,0,-999,-999
66008006,20160715000000,42.545,3.028333,18,5,-999,-999,-999,-999,-999,-999,-999,-999,0,-999,-999
66008006,20160716000000,42.545,3.028333,18,5,-999,-999,-999,-999,-999,-999,-999,-999,0,-999,-999
66008006,20160717000000,42.545,3.028333,18,5,-999,-999,-999,-999,-999,-999,-999,-999,0,-999,-999
66008006,20160718000000,42.545,3.028333,18,5,-999,-999,-999,-999,-999,-999,-999,-999,0,-999,-999
66008006,20160719000000,42.545,3.028333,18,5,-999,-999,-999,-999,-999,-999,-999,-999,0,-999,-999
66008006,20160720000000,42.545,3.028333,18,5,-999,-999,-999,-999,-999,-999,-999,-999,0,-999,-999
66008006,20160721000000,42.545,3.028333,18,5,-999,-999,-999,-999,-999,-999,-999,-999,0.5,-999,-999
66008006,20160722000000,42.545,3.028333,18,5,-999,-999,-999,-999,-999,-999,-999,-999,0,-999,-999
66008006,20160723000000,42.545,3.028333,18,5,-999,-999,-999,-999,-999,-999,-999,-999,0,-999,-999
66008006,20160724000000,42.545,3.028333,18,5,-999,-999,-999,-999,-999,-999,-999,-999,0,-999,-999
66008006,20160725000000,42.545,3.028333,18,5,-999,-999,-999,-999,-999,-999,-999,-999,0,-999,-999
66008006,20160726000000,42.545,3.028333,18,5,-999,-999,-999,-999,-999,-999,-999,-999,0,-999,-999
66008006,20160727000000,42.545,3.028333,18,5,-999,-999,-999,-999,-999,-999,-999,-999,0,-999,-999
66008006,20160728000000,42.545,3.028333,18,5,-999,-999,-999,-999,-999,-999,-999,-999,0,-999,-999
66008006,20160729000000,42.545,3.028333,18,5,-999,-999,-999,-999,-999,-999,-999,-999,0,-999,-999
66008006,20160730000000,42.545,3.028333,18,5,-999,-999,-999,-999,-999,-999,-999,-999,0,-999,-999
66008006,20160731000000,42.545,3.028333,18,5,-999,-999,-999,-999,-999,-999,-999,-999,1.5,-999,-999
66008006,20160801000000,42.545,3.028333,18,5,-999,-999,-999,-999,-999,-999,-999,-999,0,-999,-999
66008006,20160802000000,42.545,3.028333,18,5,-999,-999,-999,-999,-999,-999,-999,-999,0,-999,-999
66008006,20160803000000,42.545,3.028333,18,5,-999,-999,-999,-999,-999,-999,-999,-999,2,-999,-999
66008006,20160804000000,42.545,3.028333,18,5,-999,-999,-999,-999,-999,-999,-999,-999,1.5,-999,-999
66008006,20160805000000,42.545,3.028333,18,5,-999,-999,-999,-999,-999,-999,-999,-999,0,-999,-999
66008006,20160806000000,42.545,3.028333,18,5,-999,-999,-999,-999,-999,-999,-999,-999,0,-999,-999
66008006,20160807000000,42.545,3.028333,18,5,-999,-999,-999,-999,-999,-999,-999,-999,0,-999,-999
66008006,20160808000000,42.545,3.028333,18,5,-999,-999,-999,-999,-999,-999,-999,-999,0,-999,-999
66008006,20160809000000,42.545,3.028333,18,5,-999,-999,-999,-999,-999,-999,-999,-999,1,-999,-999
66008006,20160810000000,42.545,3.028333,18,5,-999,-999,-999,-999,-999,-999,-999,-999,0,-999,-999
66008006,20160811000000,42.545,3.028333,18,5,-999,-999,-999,-999,-999,-999,-999,-999,0,-999,-999
66008006,20160812000000,42.545,3.028333,18,5,-999,-999,-999,-999,-999,-999,-999,-999,0,-999,-999
66008006,20160813000000,42.545,3.028333,18,5,-999,-999,-999,-999,-999,-999,-999,-999,0,-999,-999
66008006,20160814000000,42.545,3.028333,18,5,-999,-999,-999,-999,-999,-999,-999,-999,0,-999,-999
66008006,20160815000000,42.545,3.028333,18,5,-999,-999,-999,-999,-999,-999,-999,-999,0,-999,-999
66008006,20160816000000,42.545,3.028333,18,5,-999,-999,-999,-999,-999,-999,-999,-999,0,-999,-999
66008006,20160817000000,42.545,3.028333,18,5,-999,-999,-999,-999,-999,-999,-999,-999,4,-999,-999
66008006,20160818000000,42.545,3.028333,18,5,-999,-999,-999,-999,-999,-999,-999,-999,0,-999,-999
66008006,20160819000000,42.545,3.028333,18,5,-999,-999,-999,-999,-999,-999,-999,-999,0,-999,-999
66008006,20160820000000,42.545,3.028333,18,5,-999,-999,-999,-999,-999,-999,-999,-999,0,-999,-999
66008006,20160821000000,42.545,3.028333,18,5,-999,-999,-999,-999,-999,-999,-999,-999,0,-999,-999
66008006,20160822000000,42.545,3.028333,18,5,-999,-999,-999,-999,-999,-999,-999,-999,0,-999,-999
66008006,20160823000000,42.545,3.028333,18,5,-999,-999,-999,-999,-999,-999,-999,-999,0,-999,-999
66008006,20160824000000,42.545,3.028333,18,5,-999,-999,-999,-999,-999,-999,-999,-999,0,-999,-999
66008006,20160825000000,42.545,3.028333,18,5,-999,-999,-999,-999,-999,-999,-999,-999,0,-999,-999
66008006,20160826000000,42.545,3.028333,18,5,-999,-999,-999,-999,-999,-999,-999,-999,0,-999,-999
66008006,20160827000000,42.545,3.028333,18,5,-999,-999,-999,-999,-999,-999,-999,-999,0,-999,-999
66008006,20160828000000,42.545,3.028333,18,5,-999,-999,-999,-999,-999,-999,-999,-999,0,-999,-999
66008006,20160829000000,42.545,3.028333,18,5,-999,-999,-999,-999,-999,-999,-999,-999,0.5,-999,-999
66008006,20160830000000,42.545,3.028333,18,5,-999,-999,-999,-999,-999,-999,-999,-999,0,-999,-999
66008006,20160831000000,42.545,3.028333,18,5,-999,-999,-999,-999,-999,-999,-999,-999,0,-999,-999
66008006,20160901000000,42.545,3.028333,18,5,-999,-999,-999,-999,-999,-999,-999,-999,0,-999,-999
66008006,20160902000000,42.545,3.028333,18,5,-999,-999,-999,-999,-999,-999,-999,-999,0,-999,-999
66008006,20160903000000,42.545,3.028333,18,5,-999,-999,-999,-999,-999,-999,-999,-999,0,-999,-999
66008006,20160904000000,42.545,3.028333,18,5,-999,-999,-999,-999,-999,-999,-999,-999,0,-999,-999
66008006,20160905000000,42.545,3.028333,18,5,-999,-999,-999,-999,-999,-999,-999,-999,0,-999,-999
66008006,20160906000000,42.545,3.028333,18,5,-999,-999,-999,-999,-999,-999,-999,-999,0,-999,-999
66008006,20160907000000,42.545,3.028333,18,5,-999,-999,-999,-999,-999,-999,-999,-999,0,-999,-999
66008006,20160908000000,42.545,3.028333,18,5,-999,-999,-999,-999,-999,-999,-999,-999,0,-999,-999
66008006,20160909000000,42.545,3.028333,18,5,-999,-999,-999,-999,-999,-999,-999,-999,0,-999,-999
66008006,20160910000000,42.545,3.028333,18,5,-999,-999,-999,-999,-999,-999,-999,-999,0,-999,-999
66008006,20160911000000,42.545,3.028333,18,5,-999,-999,-999,-999,-999,-999,-999,-999,0,-999,-999
66008006,20160912000000,42.545,3.028333,18,5,-999,-999,-999,-999,-999,-999,-999,-999,0,-999,-999
66008006,20160913000000,42.545,3.028333,18,5,-999,-999,-999,-999,-999,-999,-999,-999,10.5,-999,-999
66008006,20160914000000,42.545,3.028333,18,5,-999,-999,-999,-999,-999,-999,-999,-999,28,-999,-999
66008006,20160915000000,42.545,3.028333,18,5,-999,-999,-999,-999,-999,-999,-999,-999,0,-999,-999
66008006,20160916000000,42.545,3.028333,18,5,-999,-999,-999,-999,-999,-999,-999,-999,0,-999,-999
66008006,20160917000000,42.545,3.028333,18,5,-999,-999,-999,-999,-999,-999,-999,-999,0,-999,-999
66008006,20160918000000,42.545,3.028333,18,5,-999,-999,-999,-999,-999,-999,-999,-999,0,-999,-999
66008006,20160919000000,42.545,3.028333,18,5,-999,-999,-999,-999,-999,-999,-999,-999,0,-999,-999
66008006,20160920000000,42.545,3.028333,18,5,-999,-999,-999,-999,-999,-999,-999,-999,0,-999,-999
66008006,20160921000000,42.545,3.028333,18,5,-999,-999,-999,-999,-999,-999,-999,-999,0,-999,-999
66008006,20160922000000,42.545,3.028333,18,5,-999,-999,-999,-999,-999,-999,-999,-999,0,-999,-999
66008006,20160923000000,42.545,3.028333,18,5,-999,-999,-999,-999,-999,-999,-999,-999,0,-999,-999
66008006,20160924000000,42.545,3.028333,18,5,-999,-999,-999,-999,-999,-999,-999,-999,0,-999,-999
66008006,20160925000000,42.545,3.028333,18,5,-999,-999,-999,-999,-999,-999,-999,-999,8,-999,-999
66008006,20160926000000,42.545,3.028333,18,5,-999,-999,-999,-999,-999,-999,-999,-999,0,-999,-999
66008006,20160927000000,42.545,3.028333,18,5,-999,-999,-999,-999,-999,-999,-999,-999,0,-999,-999
66008006,20160928000000,42.545,3.028333,18,5,-999,-999,-999,-999,-999,-999,-999,-999,0,-999,-999
66008006,20160929000000,42.545,3.028333,18,5,-999,-999,-999,-999,-999,-999,-999,-999,0,-999,-999
66008006,20160930000000,42.545,3.028333,18,5,-999,-999,-999,-999,-999,-999,-999,-999,0,-999,-999
66008006,20161001000000,42.545,3.028333,18,5,-999,-999,-999,-999,-999,-999,-999,-999,0,-999,-999
66008006,20161002000000,42.545,3.028333,18,5,-999,-999,-999,-999,-999,-999,-999,-999,0,-999,-999
66008006,20161004000000,42.545,3.028333,18,5,-999,-999,-999,-999,-999,-999,-999,-999,0,-999,-999
66008006,20161005000000,42.545,3.028333,18,5,-999,-999,-999,-999,-999,-999,-999,-999,2,-999,-999
66008006,20161007000000,42.545,3.028333,18,5,-999,-999,-999,-999,-999,-999,-999,-999,0,-999,-999
66008006,20161008000000,42.545,3.028333,18,5,-999,-999,-999,-999,-999,-999,-999,-999,0,-999,-999
66008006,20161009000000,42.545,3.028333,18,5,-999,-999,-999,-999,-999,-999,-999,-999,0,-999,-999
66008006,20161010000000,42.545,3.028333,18,5,-999,-999,-999,-999,-999,-999,-999,-999,0,-999,-999
66008006,20161011000000,42.545,3.028333,18,5,-999,-999,-999,-999,-999,-999,-999,-999,0,-999,-999
66008006,20161012000000,42.545,3.028333,18,5,-999,-999,-999,-999,-999,-999,-999,-999,33.5,-999,-999
66008006,20161013000000,42.545,3.028333,18,5,-999,-999,-999,-999,-999,-999,-999,-999,71.5,-999,-999
66008006,20161014000000,42.545,3.028333,18,5,-999,-999,-999,-999,-999,-999,-999,-999,20,-999,-999
66008006,20161015000000,42.545,3.028333,18,5,-999,-999,-999,-999,-999,-999,-999,-999,0,-999,-999
66008006,20161016000000,42.545,3.028333,18,5,-999,-999,-999,-999,-999,-999,-999,-999,0,-999,-999
66008006,20161018000000,42.545,3.028333,18,5,-999,-999,-999,-999,-999,-999,-999,-999,0,-999,-999
66008006,20161019000000,42.545,3.028333,18,5,-999,-999,-999,-999,-999,-999,-999,-999,0,-999,-999
66008006,20161020000000,42.545,3.028333,18,5,-999,-999,-999,-999,-999,-999,-999,-999,0,-999,-999
66008006,20161021000000,42.545,3.028333,18,5,-999,-999,-999,-999,-999,-999,-999,-999,0,-999,-999
66008006,20161022000000,42.545,3.028333,18,5,-999,-999,-999,-999,-999,-999,-999,-999,0,-999,-999
66008006,20161023000000,42.545,3.028333,18,5,-999,-999,-999,-999,-999,-999,-999,-999,0,-999,-999
66008006,20161024000000,42.545,3.028333,18,5,-999,-999,-999,-999,-999,-999,-999,-999,1.5,-999,-999
66008006,20161025000000,42.545,3.028333,18,5,-999,-999,-999,-999,-999,-999,-999,-999,0,-999,-999
66008006,20161026000000,42.545,3.028333,18,5,-999,-999,-999,-999,-999,-999,-999,-999,0,-999,-999
66008006,20161027000000,42.545,3.028333,18,5,-999,-999,-999,-999,-999,-999,-999,-999,0,-999,-999
66008006,20161028000000,42.545,3.028333,18,5,-999,-999,-999,-999,-999,-999,-999,-999,0,-999,-999
66008006,20161029000000,42.545,3.028333,18,5,-999,-999,-999,-999,-999,-999,-999,-999,0,-999,-999
66008006,20161031000000,42.545,3.028333,18,5,-999,-999,-999,-999,-999,-999,-999,-999,0,-999,-999
66008006,20161101000000,42.545,3.028333,18,5,-999,-999,-999,-999,-999,-999,-999,-999,0,-999,-999
66008006,20161102000000,42.545,3.028333,18,5,-999,-999,-999,-999,-999,-999,-999,-999,0,-999,-999
66008006,20161103000000,42.545,3.028333,18,5,-999,-999,-999,-999,-999,-999,-999,-999,0,-999,-999
66008006,20161104000000,42.545,3.028333,18,5,-999,-999,-999,-999,-999,-999,-999,-999,0,-999,-999
66008006,20161105000000,42.545,3.028333,18,5,-999,-999,-999,-999,-999,-999,-999,-999,9,-999,-999
66008006,20161106000000,42.545,3.028333,18,5,-999,-999,-999,-999,-999,-999,-999,-999,0,-999,-999
66008006,20161108000000,42.545,3.028333,18,5,-999,-999,-999,-999,-999,-999,-999,-999,0,-999,-999
66008006,20161109000000,42.545,3.028333,18,5,-999,-999,-999,-999,-999,-999,-999,-999,0,-999,-999
66008006,20161110000000,42.545,3.028333,18,5,-999,-999,-999,-999,-999,-999,-999,-999,0,-999,-999
66008006,20161111000000,42.545,3.028333,18,5,-999,-999,-999,-999,-999,-999,-999,-999,0,-999,-999
66008006,20161112000000,42.545,3.028333,18,5,-999,-999,-999,-999,-999,-999,-999,-999,0.5,-999,-999
