13022003,20140101000000,43.222167,5.503167,212,1,6.5,12,9.7,75,91,83,3.6,-999,2.6,-999,-999
13022003,20140102000000,43.222167,5.503167,212,1,8.9,14,11.3,80,99,93,3.5,-999,0,-999,-999
13022003,20140103000000,43.222167,5.503167,212,1,8.5,14.4,12.2,74,94,83,2.6,-999,0,-999,-999
13022003,20140104000000,43.222167,5.503167,212,1,11.6,12.9,11.7,81,100,94,5,-999,6.4,-999,-999
13022003,20140105000000,43.222167,5.503167,212,1,6,11.6,8.6,37,93,58,8.7,-999,0,-999,-999
13022003,20140106000000,43.222167,5.503167,212,1,4,14.5,10,38,91,67,3,-999,0,-999,-999
13022003,20140107000000,43.222167,5.503167,212,1,7.3,13,11.9,80,91,86,3.8,-999,0,-999,-999
13022003,20140108000000,43.222167,5.503167,212,1,11.7,13.8,12.3,83,94,88,3.6,-999,0,-999,-999
13022003,20140109000000,43.222167,5.503167,212,1,8.7,13.9,10.8,72,97,86,1.6,-999,0,-999,-999
13022003,20140110000000,43.222167,5.503167,212,1,7.6,15.1,11.3,65,97,80,1.6,-999,0,-999,-999
13022003,20140111000000,43.222167,5.503167,212,1,10.7,14.1,11,65,95,82,1.7,-999,0,-999,-999
13022003,20140112000000,43.222167,5.503167,212,1,8.2,14.8,11.2,67,97,84,1.5,-999,0,-999,-999
13022003,20140113000000,43.222167,5.503167,212,1,9.3,11.8,10.5,86,99,95,1.9,-999,10.7,-999,-999
13022003,20140114000000,43.222167,5.503167,212,1,5.8,12.2,8.1,52,94,77,4.2,-999,0,-999,-999
13022003,20140115000000,43.222167,5.503167,212,1,3.7,13.2,6.9,40,92,68,3.5,-999,1.6,-999,-999
13022003,20140116000000,43.222167,5.503167,212,1,4.6,12.6,11.2,71,100,94,5,-999,8.9,-999,-999
13022003,20140117000000,43.222167,5.503167,212,1,8.6,13.2,11.3,82,100,92,3.3,-999,0.6,-999,-999
13022003,20140118000000,43.222167,5.503167,212,1,8.4,12.5,10.9,81,100,94,4.8,-999,31.1,-999,-999
13022003,20140119000000,43.222167,5.503167,212,1,8.2,13,10,80,99,91,4.1,-999,9.9,-999,-999
13022003,20140120000000,43.222167,5.503167,212,1,6.7,8.5,7.4,67,99,83,6.8,-999,0,-999,-999
13022003,20140121000000,43.222167,5.503167,212,1,5,10.6,6.3,58,88,74,8.2,-999,0,-999,-999
13022003,20140122000000,43.222167,5.503167,212,1,0.9,12.9,6.4,46,93,75,2.2,-999,0.2,-999,-999
13022003,20140123000000,43.222167,5.503167,212,1,5.1,12.5,8.4,47,78,63,4.7,-999,0,-999,-999
13022003,20140124000000,43.222167,5.503167,212,1,4.5,10.5,6.6,45,72,61,6.8,-999,0,-999,-999
13022003,20140125000000,43.222167,5.503167,212,1,1.5,11.5,6.8,29,63,43,6.2,-999,0,-999,-999
13022003,20140126000000,43.222167,5.503167,212,1,7.5,13.9,11.3,34,87,54,7.1,-999,0,-999,-999
13022003,20140127000000,43.222167,5.503167,212,1,8,12.7,9.4,41,88,62,5.6,-999,0,-999,-999
13022003,20140128000000,43.222167,5.503167,212,1,3.3,10.7,5.8,44,90,66,4,-999,4.2,-999,-999
13022003,20140129000000,43.222167,5.503167,212,1,1.4,10.2,6.8,78,97,87,3.9,-999,13.9,-999,-999
13022003,20140130000000,43.222167,5.503167,212,1,4.5,6.9,5.7,77,99,92,4.5,-999,50,-999,-999
13022003,20140131000000,43.222167,5.503167,212,1,3.1,6.7,4.3,81,99,92,2.5,-999,0,-999,-999
13022003,20140201000000,43.222167,5.503167,212,1,1.9,11.4,6.9,62,100,89,2.3,-999,9.5,-999,-999
13022003,20140202000000,43.222167,5.503167,212,1,4.3,8.1,5.9,66,99,78,5.8,-999,0,-999,-999
13022003,20140203000000,43.222167,5.503167,212,1,2.7,13.1,8.2,49,92,75,3.6,-999,3.5,-999,-999
13022003,20140204000000,43.222167,5.503167,212,1,4.9,11.8,8.4,56,99,82,2.7,-999,3.6,-999,-999
13022003,20140205000000,43.222167,5.503167,212,1,4.5,11.2,8.6,63,100,84,5.7,-999,28.1,-999,-999
13022003,20140206000000,43.222167,5.503167,212,1,3.8,13.1,9.6,40,91,72,3.7,-999,0,-999,-999
13022003,20140207000000,43.222167,5.503167,212,1,9.2,14,10.8,65,100,83,4.9,-999,0.8,-999,-999
13022003,20140208000000,43.222167,5.503167,212,1,3.8,12,9.2,65,97,85,4.4,-999,5.3,-999,-999
13022003,20140209000000,43.222167,5.503167,212,1,6.2,12,9.1,49,95,67,4.8,-999,30.5,-999,-999
13022003,20140210000000,43.222167,5.503167,212,1,7.6,12.1,9,68,100,86,6.1,-999,4.6,-999,-999
13022003,20140211000000,43.222167,5.503167,212,1,6,12.9,8,43,85,63,5.8,-999,0,-999,-999
13022003,20140212000000,43.222167,5.503167,212,1,4.4,13,8.4,50,87,69,5.2,-999,0,-999,-999
13022003,20140213000000,43.222167,5.503167,212,1,3,15.7,9.5,43,96,74,2.8,-999,0,-999,-999
13022003,20140214000000,43.222167,5.503167,212,1,7.7,14.3,11.1,48,94,68,3.8,-999,0,-999,-999
13022003,20140215000000,43.222167,5.503167,212,1,11.3,16.4,13.1,69,95,85,4.5,-999,0,-999,-999
13022003,20140216000000,43.222167,5.503167,212,1,8.2,15.8,10.9,64,98,82,2.4,-999,0.4,-999,-999
13022003,20140217000000,43.222167,5.503167,212,1,4.3,14.1,8.5,48,99,74,2.1,-999,0,-999,-999
13022003,20140218000000,43.222167,5.503167,212,1,3.7,16.4,11.9,50,91,65,3.2,-999,0,-999,-999
13022003,20140219000000,43.222167,5.503167,212,1,9.9,14.6,11.8,42,89,59,4.8,-999,0.2,-999,-999
13022003,20140220000000,43.222167,5.503167,212,1,8,16.6,11.1,39,88,64,4.1,-999,0.2,-999,-999
13022003,20140221000000,43.222167,5.503167,212,1,8,12.5,9.6,61,97,83,3,-999,1.6,-999,-999
13022003,20140222000000,43.222167,5.503167,212,1,4.7,13.5,9.3,40,78,59,5.9,-999,0,-999,-999
13022003,20140223000000,43.222167,5.503167,212,1,6,14.8,9.8,35,97,63,2.6,-999,0,-999,-999
13022003,20140224000000,43.222167,5.503167,212,1,3.5,14,10,51,96,72,3.6,-999,0.2,-999,-999
13022003,20140225000000,43.222167,5.503167,212,1,5.2,11.2,9.1,75,97,90,3.1,-999,6.6,-999,-999
13022003,20140226000000,43.222167,5.503167,212,1,6,11.1,8,62,96,83,3.8,-999,2.8,-999,-999
13022003,20140227000000,43.222167,5.503167,212,1,5.5,12,7.9,48,95,75,4.2,-999,1.4,-999,-999
13022003,20140228000000,43.222167,5.503167,212,1,6.1,11.2,7.8,65,90,79,4.1,-999,4,-999,-999
13022003,20140301000000,43.222167,5.503167,212,1,4.1,11.8,7.4,43,78,62,6.2,-999,0,-999,-999
13022003,20140302000000,43.222167,5.503167,212,1,3.5,14.1,8.1,42,78,60,3.8,-999,8.8,-999,-999
13022003,20140303000000,43.222167,5.503167,212,1,3.8,11.6,7.7,52,96,73,4.9,-999,10.7,-999,-999
13022003,20140304000000,43.222167,5.503167,212,1,4.5,12.5,7.8,47,79,61,8.3,-999,0,-999,-999
13022003,20140305000000,43.222167,5.503167,212,1,6.5,17.9,11,34,71,52,4.1,-999,0,-999,-999
13022003,20140306000000,43.222167,5.503167,212,1,7,18.1,11.7,33,63,47,3.6,-999,0,-999,-999
13022003,20140307000000,43.222167,5.503167,212,1,6.4,19.9,13.2,23,69,45,3.6,-999,0,-999,-999
13022003,20140308000000,43.222167,5.503167,212,1,6.6,17.7,11.4,26,85,56,2.4,-999,0,-999,-999
13022003,20140309000000,43.222167,5.503167,212,1,4.8,17.8,11.3,38,80,59,2.4,-999,0,-999,-999
13022003,20140310000000,43.222167,5.503167,212,1,7,18.2,10.8,26,93,54,2.2,-999,0,-999,-999
13022003,20140311000000,43.222167,5.503167,212,1,5,16.9,10.1,37,92,68,2.4,-999,0,-999,-999
13022003,20140312000000,43.222167,5.503167,212,1,5.8,16.1,10.2,34,88,61,2.8,-999,0,-999,-999
13022003,20140313000000,43.222167,5.503167,212,1,4.3,17.5,10.6,24,69,45,2.4,-999,0,-999,-999
13022003,20140314000000,43.222167,5.503167,212,1,5.1,18,12,29,78,52,2,-999,0,-999,-999
13022003,20140315000000,43.222167,5.503167,212,1,7.5,21.4,14.4,34,84,52,5.9,-999,0,-999,-999
13022003,20140316000000,43.222167,5.503167,212,1,11,20.5,14.9,38,67,55,2.6,-999,0,-999,-999
13022003,20140317000000,43.222167,5.503167,212,1,9.9,19.8,13.6,42,99,75,1.8,-999,0,-999,-999
13022003,20140318000000,43.222167,5.503167,212,1,8.2,16.3,12.4,64,99,84,2.3,-999,0,-999,-999
13022003,20140319000000,43.222167,5.503167,212,1,9.1,17,12.6,55,98,76,2.8,-999,0.2,-999,-999
13022003,20140320000000,43.222167,5.503167,212,1,7.4,17.8,12.6,59,98,84,2.9,-999,0,-999,-999
13022003,20140321000000,43.222167,5.503167,212,1,11.6,14.6,12.3,66,96,86,2,-999,0,-999,-999
13022003,20140322000000,43.222167,5.503167,212,1,10.5,12.5,11,85,100,94,4.5,-999,10.5,-999,-999
13022003,20140323000000,43.222167,5.503167,212,1,6.1,13.5,8.5,32,85,62,6.4,-999,0.8,-999,-999
13022003,20140324000000,43.222167,5.503167,212,1,4.7,12.8,8.7,33,77,50,5.5,-999,0,-999,-999
13022003,20140325000000,43.222167,5.503167,212,1,6.4,14,9.3,34,82,60,4.4,-999,0,-999,-999
13022003,20140326000000,43.222167,5.503167,212,1,7.3,13.5,9.2,42,95,74,3,-999,2.4,-999,-999
13022003,20140327000000,43.222167,5.503167,212,1,5.8,16.1,10.5,35,91,65,3.9,-999,0,-999,-999
13022003,20140328000000,43.222167,5.503167,212,1,3.2,14.8,9.4,54,96,75,2,-999,0,-999,-999
13022003,20140329000000,43.222167,5.503167,212,1,5.2,19.8,15.2,30,76,42,6.3,-999,0,-999,-999
13022003,20140330000000,43.222167,5.503167,212,1,10.5,17.8,13.6,38,90,63,3.9,-999,0,-999,-999
13022003,20140331000000,43.222167,5.503167,212,1,6.6,16.6,11.4,51,99,75,1.7,-999,0,-999,-999
13022003,20140401000000,43.222167,5.503167,212,1,7.4,15.4,12.2,70,100,86,3,-999,0,-999,-999
13022003,20140402000000,43.222167,5.503167,212,1,10.7,18.6,14.7,46,90,63,4.3,-999,0,-999,-999
13022003,20140403000000,43.222167,5.503167,212,1,14.9,18.6,16,41,58,48,6.4,-999,0.4,-999,-999
13022003,20140404000000,43.222167,5.503167,212,1,11.8,18.6,13.9,44,89,71,2.3,-999,0.4,-999,-999
13022003,20140405000000,43.222167,5.503167,212,1,10.3,21.8,16.2,44,87,61,5.2,-999,0,-999,-999
13022003,20140406000000,43.222167,5.503167,212,1,10.8,21.3,15.8,35,78,56,2.7,-999,0,-999,-999
13022003,20140407000000,43.222167,5.503167,212,1,9,20.5,14.5,41,99,67,1.5,-999,0,-999,-999
13022003,20140408000000,43.222167,5.503167,212,1,8.7,19.8,14.5,36,99,72,3.7,-999,0,-999,-999
13022003,20140409000000,43.222167,5.503167,212,1,10.3,22.5,15.4,29,60,45,4.2,-999,0,-999,-999
13022003,20140410000000,43.222167,5.503167,212,1,8.4,18.3,13,44,99,74,1.7,-999,0.2,-999,-999
13022003,20140411000000,43.222167,5.503167,212,1,6.4,16.5,12,65,99,86,2.1,-999,0,-999,-999
13022003,20140412000000,43.222167,5.503167,212,1,8.2,17.9,13.5,59,99,83,1.8,-999,0.2,-999,-999
13022003,20140413000000,43.222167,5.503167,212,1,10.8,19.5,14.6,50,98,74,2,-999,0.2,-999,-999
13022003,20140414000000,43.222167,5.503167,212,1,8.5,23.1,16.4,28,98,59,4.1,-999,0,-999,-999
13022003,20140415000000,43.222167,5.503167,212,1,12.9,20.7,14.9,29,83,48,3.5,-999,0,-999,-999
13022003,20140416000000,43.222167,5.503167,212,1,7.6,17.8,11.8,33,87,62,3,-999,0,-999,-999
13022003,20140417000000,43.222167,5.503167,212,1,5.9,18.5,12.6,36,93,72,2.9,-999,0.2,-999,-999
13022003,20140418000000,43.222167,5.503167,212,1,6.6,21.7,14.4,21,99,58,4.3,-999,0,-999,-999
13022003,20140419000000,43.222167,5.503167,212,1,8.3,18.4,12.4,24,91,49,4.8,-999,0.2,-999,-999
13022003,20140420000000,43.222167,5.503167,212,1,7.2,14.9,11.7,66,94,82,1.9,-999,3,-999,-999
13022003,20140421000000,43.222167,5.503167,212,1,10.4,17.6,13.3,59,95,81,2.2,-999,0,-999,-999
13022003,20140422000000,43.222167,5.503167,212,1,8.9,18.9,13.7,63,98,84,2.1,-999,2.4,-999,-999
13022003,20140423000000,43.222167,5.503167,212,1,10.3,21.6,16,50,99,74,3,-999,0,-999,-999
13022003,20140424000000,43.222167,5.503167,212,1,12.6,25,17.8,24,93,57,2.3,-999,0,-999,-999
13022003,20140425000000,43.222167,5.503167,212,1,9.7,18.8,14.9,64,91,75,3.3,-999,0.2,-999,-999
13022003,20140426000000,43.222167,5.503167,212,1,11.6,21.1,16.3,36,77,59,5.1,-999,0.8,-999,-999
13022003,20140427000000,43.222167,5.503167,212,1,9.7,20,14.1,38,89,57,6.5,-999,0,-999,-999
13022003,20140428000000,43.222167,5.503167,212,1,9.8,18.9,14.4,38,71,55,6.6,-999,0,-999,-999
13022003,20140429000000,43.222167,5.503167,212,1,10.8,21.7,15.9,33,72,57,5.6,-999,0,-999,-999
13022003,20140430000000,43.222167,5.503167,212,1,12.3,20.9,15.9,30,85,55,6.4,-999,0,-999,-999
13022003,20140501000000,43.222167,5.503167,212,1,10.4,21,16.1,41,78,56,5.2,-999,0,-999,-999
13022003,20140502000000,43.222167,5.503167,212,1,11.9,18.1,14.4,46,80,62,6.7,-999,1.8,-999,-999
13022003,20140503000000,43.222167,5.503167,212,1,12.9,22,15.8,37,72,55,5.8,-999,0,-999,-999
13022003,20140504000000,43.222167,5.503167,212,1,10.7,21,15.1,37,84,55,3.1,-999,0,-999,-999
13022003,20140505000000,43.222167,5.503167,212,1,7.2,20.3,13.7,36,94,69,1.9,-999,0,-999,-999
13022003,20140506000000,43.222167,5.503167,212,1,7.4,19.1,14.1,47,87,65,1.6,-999,0.2,-999,-999
13022003,20140507000000,43.222167,5.503167,212,1,11.5,22.6,16.7,34,87,69,2.6,-999,0,-999,-999
13022003,20140508000000,43.222167,5.503167,212,1,13.4,20.5,16.7,46,79,63,2.7,-999,0,-999,-999
13022003,20140509000000,43.222167,5.503167,212,1,10.2,26.2,19.6,37,94,59,4.1,-999,0,-999,-999
13022003,20140510000000,43.222167,5.503167,212,1,16.2,24.3,19.5,39,75,58,3.7,-999,0.4,-999,-999
13022003,20140511000000,43.222167,5.503167,212,1,17,21.7,18.2,33,71,52,4.8,-999,0,-999,-999
13022003,20140512000000,43.222167,5.503167,212,1,12.5,20.4,15.8,30,81,49,5.2,-999,0,-999,-999
13022003,20140513000000,43.222167,5.503167,212,1,11.3,20.4,15.1,25,62,43,7.8,-999,0,-999,-999
13022003,20140514000000,43.222167,5.503167,212,1,10.2,21.5,15.6,28,61,43,9.1,-999,0,-999,-999
13022003,20140515000000,43.222167,5.503167,212,1,10.6,22.3,16.6,23,54,39,4.6,-999,0,-999,-999
13022003,20140516000000,43.222167,5.503167,212,1,11.8,21.7,17.4,26,52,39,4.4,-999,0,-999,-999
13022003,20140517000000,43.222167,5.503167,212,1,9.8,20.1,15.1,37,95,65,2.5,-999,0,-999,-999
13022003,20140518000000,43.222167,5.503167,212,1,7.4,19.3,15.4,39,93,68,2.7,-999,8.1,-999,-999
13022003,20140519000000,43.222167,5.503167,212,1,13.2,17.5,14.6,67,97,84,5.4,-999,7,-999,-999
13022003,20140520000000,43.222167,5.503167,212,1,14,21.8,18.3,55,82,67,4.3,-999,2.2,-999,-999
13022003,20140521000000,43.222167,5.503167,212,1,15.1,25.2,20.7,38,89,56,6.1,-999,0,-999,-999
13022003,20140522000000,43.222167,5.503167,212,1,16.8,20.5,17.6,68,98,83,4.3,-999,0.4,-999,-999
13022003,20140523000000,43.222167,5.503167,212,1,12.8,19.9,15.6,51,98,78,2.9,-999,0,-999,-999
13022003,20140524000000,43.222167,5.503167,212,1,7.8,23.7,16.9,29,87,51,4,-999,0,-999,-999
13022003,20140525000000,43.222167,5.503167,212,1,11.2,19.3,15.6,36,86,64,2,-999,0,-999,-999
13022003,20140526000000,43.222167,5.503167,212,1,12.4,21.7,16.2,40,85,65,4,-999,0.2,-999,-999
13022003,20140527000000,43.222167,5.503167,212,1,11.4,21,16.4,41,72,54,5.2,-999,0,-999,-999
13022003,20140528000000,43.222167,5.503167,212,1,11.5,22.6,16.7,34,87,60,4.3,-999,0,-999,-999
13022003,20140529000000,43.222167,5.503167,212,1,11.9,24.4,19,30,88,50,3.8,-999,0,-999,-999
13022003,20140530000000,43.222167,5.503167,212,1,14.2,25.4,19.4,32,76,52,4.5,-999,0,-999,-999
13022003,20140531000000,43.222167,5.503167,212,1,12.4,24.5,16.5,45,97,76,2.3,-999,1.4,-999,-999
13022003,20140601000000,43.222167,5.503167,212,1,10.9,22.4,16.8,49,99,73,2.1,-999,0,-999,-999
13022003,20140602000000,43.222167,5.503167,212,1,10.6,25,19,33,95,54,3.4,-999,0,-999,-999
13022003,20140603000000,43.222167,5.503167,212,1,10.9,24.4,18.2,39,96,63,2.1,-999,0,-999,-999
13022003,20140604000000,43.222167,5.503167,212,1,13.5,22.5,18.6,43,91,66,2.4,-999,0,-999,-999
13022003,20140605000000,43.222167,5.503167,212,1,14,25.1,18.7,31,88,52,2.3,-999,0,-999,-999
13022003,20140606000000,43.222167,5.503167,212,1,11.9,24.5,19.1,39,94,66,2.4,-999,0,-999,-999
13022003,20140607000000,43.222167,5.503167,212,1,14.3,25.4,20.5,35,88,50,2.3,-999,0,-999,-999
13022003,20140608000000,43.222167,5.503167,212,1,14.4,29,22.3,22,66,40,1.5,-999,0,-999,-999
13022003,20140609000000,43.222167,5.503167,212,1,16.3,30.5,25,17,54,36,2,-999,0,-999,-999
13022003,20140610000000,43.222167,5.503167,212,1,17.4,30.6,24.2,27,71,52,1.7,-999,0,-999,-999
13022003,20140611000000,43.222167,5.503167,212,1,17.8,30.7,24.8,28,71,48,2.4,-999,0,-999,-999
13022003,20140612000000,43.222167,5.503167,212,1,18.7,30.9,25.3,32,78,53,2.3,-999,0,-999,-999
13022003,20140613000000,43.222167,5.503167,212,1,20.2,29.5,26.1,39,77,54,2.9,-999,0,-999,-999
13022003,20140614000000,43.222167,5.503167,212,1,22.2,31.9,25.9,23,86,48,4.5,-999,11.6,-999,-999
13022003,20140615000000,43.222167,5.503167,212,1,15.7,24.1,18.2,48,94,81,2.9,-999,6.2,-999,-999
13022003,20140616000000,43.222167,5.503167,212,1,14.3,25.1,19.3,40,94,70,-999,-999,0,-999,-999
13022003,20140617000000,43.222167,5.503167,212,1,14.2,23.2,18.2,51,97,77,2.6,-999,19.6,-999,-999
13022003,20140618000000,43.222167,5.503167,212,1,14,23.4,18.2,43,90,71,2.3,-999,0,-999,-999
13022003,20140619000000,43.222167,5.503167,212,1,13.6,26.3,20.7,36,92,62,3,-999,0,-999,-999
13022003,20140620000000,43.222167,5.503167,212,1,17.4,30,24,25,76,48,4,-999,0,-999,-999
13022003,20140621000000,43.222167,5.503167,212,1,14.9,24.2,20.3,49,95,74,2.4,-999,0,-999,-999
13022003,20140622000000,43.222167,5.503167,212,1,14.1,25.5,20.6,34,90,63,2.1,-999,0,-999,-999
13022003,20140623000000,43.222167,5.503167,212,1,15.7,27.1,21.5,44,88,68,2.3,-999,0,-999,-999
13022003,20140624000000,43.222167,5.503167,212,1,17.3,26.6,22.6,50,95,75,2,-999,1.6,-999,-999
13022003,20140625000000,43.222167,5.503167,212,1,16.2,23.2,19.9,55,95,78,2.7,-999,0,-999,-999
13022003,20140626000000,43.222167,5.503167,212,1,15.8,29.9,23.2,25,85,55,4,-999,0,-999,-999
13022003,20140627000000,43.222167,5.503167,212,1,19.5,29.9,23,29,95,53,2.6,-999,0,-999,-999
13022003,20140628000000,43.222167,5.503167,212,1,14.9,25.3,21.6,50,94,69,3.8,-999,0,-999,-999
13022003,20140629000000,43.222167,5.503167,212,1,19.4,26.3,21.4,30,82,56,4.2,-999,0,-999,-999
13022003,20140630000000,43.222167,5.503167,212,1,15.8,26.7,20.8,25,79,53,5.9,-999,0,-999,-999
13022003,20140701000000,43.222167,5.503167,212,1,15.2,24,20.2,49,94,78,2.6,-999,0,-999,-999
13022003,20140702000000,43.222167,5.503167,212,1,16.4,25.5,20.5,47,87,69,2.2,-999,0,-999,-999
13022003,20140703000000,43.222167,5.503167,212,1,14.9,29.7,24.2,32,95,54,3.1,-999,0,-999,-999
13022003,20140704000000,43.222167,5.503167,212,1,21.2,26.7,23.2,33,93,63,5.2,-999,0.2,-999,-999
13022003,20140705000000,43.222167,5.503167,212,1,17.7,28.9,22.9,33,92,65,3,-999,0,-999,-999
13022003,20140706000000,43.222167,5.503167,212,1,16,26.2,21.3,47,96,73,2.6,-999,0,-999,-999
13022003,20140707000000,43.222167,5.503167,212,1,16.2,25.6,20.5,46,89,69,3.3,-999,0,-999,-999
13022003,20140708000000,43.222167,5.503167,212,1,15.7,25.8,20.8,33,81,52,5.6,-999,0,-999,-999
13022003,20140709000000,43.222167,5.503167,212,1,16.3,24,19.9,31,70,48,6.8,-999,0,-999,-999
13022003,20140710000000,43.222167,5.503167,212,1,14.3,24.6,18.8,38,69,54,8.5,-999,0,-999,-999
13022003,20140711000000,43.222167,5.503167,212,1,16.1,27.8,21.2,38,76,56,7.1,-999,0,-999,-999
13022003,20140712000000,43.222167,5.503167,212,1,16.2,27.3,21.9,33,70,52,5.4,-999,0,-999,-999
13022003,20140713000000,43.222167,5.503167,212,1,17.4,27.1,21.9,40,82,59,5,-999,0,-999,-999
13022003,20140714000000,43.222167,5.503167,212,1,17.6,28.3,23.2,39,83,55,5,-999,0,-999,-999
13022003,20140715000000,43.222167,5.503167,212,1,14.8,27,21.8,41,86,59,1.9,-999,0,-999,-999
13022003,20140716000000,43.222167,5.503167,212,1,17.8,32.2,25.1,29,71,46,2.5,-999,0,-999,-999
13022003,20140717000000,43.222167,5.503167,212,1,19.3,29.2,23.6,34,80,56,2.2,-999,0,-999,-999
13022003,20140718000000,43.222167,5.503167,212,1,16.5,29.3,23.1,33,80,58,1.6,-999,0,-999,-999
13022003,20140719000000,43.222167,5.503167,212,1,17.1,30.9,26,24,69,39,4.4,-999,0.2,-999,-999
13022003,20140720000000,43.222167,5.503167,212,1,22.5,28.4,24,35,77,55,4.6,-999,0,-999,-999
13022003,20140721000000,43.222167,5.503167,212,1,17.4,28,22.3,38,81,58,7,-999,0,-999,-999
13022003,20140722000000,43.222167,5.503167,212,1,19.6,31.2,24.1,34,74,57,7.1,-999,0,-999,-999
13022003,20140723000000,43.222167,5.503167,212,1,18,27.8,23,37,89,63,2.3,-999,0,-999,-999
13022003,20140724000000,43.222167,5.503167,212,1,18.4,29.8,23.5,40,88,70,2.2,-999,0,-999,-999
13022003,20140725000000,43.222167,5.503167,212,1,17.9,26.8,21.3,60,97,84,2,-999,0.4,-999,-999
13022003,20140726000000,43.222167,5.503167,212,1,16.9,31.5,24.6,24,96,55,4.8,-999,0,-999,-999
13022003,20140727000000,43.222167,5.503167,212,1,20,31.7,25.8,29,64,47,5.4,-999,0,-999,-999
13022003,20140728000000,43.222167,5.503167,212,1,20.1,30.1,22.9,39,84,64,4.3,-999,0,-999,-999
13022003,20140729000000,43.222167,5.503167,212,1,16.2,26,20.4,35,82,59,6.1,-999,0,-999,-999
13022003,20140730000000,43.222167,5.503167,212,1,17.1,29.7,23.5,40,79,58,6.8,-999,0,-999,-999
13022003,20140731000000,43.222167,5.503167,212,1,19,31,24.4,35,79,56,5,-999,0,-999,-999
13022003,20140801000000,43.222167,5.503167,212,1,16.3,29.3,23,38,90,64,2.3,-999,1,-999,-999
13022003,20140802000000,43.222167,5.503167,212,1,16.2,25.3,20.7,60,95,83,3,-999,10.2,-999,-999
13022003,20140803000000,43.222167,5.503167,212,1,16.7,25.9,21.5,56,96,79,2.2,-999,0.2,-999,-999
13022003,20140804000000,43.222167,5.503167,212,1,17.9,30.1,24.5,36,89,60,3.2,-999,0,-999,-999
13022003,20140805000000,43.222167,5.503167,212,1,20.6,30,24.8,30,64,44,5,-999,0,-999,-999
13022003,20140806000000,43.222167,5.503167,212,1,18.2,31.1,25.1,29,61,44,3.7,-999,0,-999,-999
13022003,20140807000000,43.222167,5.503167,212,1,20,32.1,25.5,32,73,51,3.8,-999,0,-999,-999
13022003,20140808000000,43.222167,5.503167,212,1,19,27.4,23.4,51,91,74,2.5,-999,2.8,-999,-999
13022003,20140809000000,43.222167,5.503167,212,1,17.8,27,22.5,60,97,78,2.1,-999,0,-999,-999
13022003,20140810000000,43.222167,5.503167,212,1,18.6,30.1,24.6,42,94,66,3.5,-999,0,-999,-999
13022003,20140811000000,43.222167,5.503167,212,1,19.5,31.8,26,46,88,61,3.8,-999,0,-999,-999
13022003,20140812000000,43.222167,5.503167,212,1,18.3,31,24.2,26,85,53,4,-999,0.2,-999,-999
13022003,20140813000000,43.222167,5.503167,212,1,17.5,26.3,21.1,32,98,61,4.4,-999,61.3,-999,-999
13022003,20140814000000,43.222167,5.503167,212,1,15.8,25.9,20.8,30,66,47,5.3,-999,0,-999,-999
13022003,20140815000000,43.222167,5.503167,212,1,15.6,26.1,21,32,73,48,5,-999,0,-999,-999
13022003,20140816000000,43.222167,5.503167,212,1,15.8,26.2,20.5,32,63,47,5.5,-999,0,-999,-999
13022003,20140817000000,43.222167,5.503167,212,1,14.5,25,19.3,41,88,60,2.6,-999,0,-999,-999
13022003,20140818000000,43.222167,5.503167,212,1,12.7,25.1,20.4,42,97,81,1.8,-999,0.2,-999,-999
13022003,20140819000000,43.222167,5.503167,212,1,19.1,28.3,22.4,46,96,72,2.8,-999,0,-999,-999
13022003,20140820000000,43.222167,5.503167,212,1,15.3,26.2,20.7,40,87,61,3.5,-999,0,-999,-999
13022003,20140821000000,43.222167,5.503167,212,1,15.9,25.8,20.2,33,73,56,3.9,-999,0,-999,-999
13022003,20140822000000,43.222167,5.503167,212,1,14.8,27.7,20.6,37,90,62,2.7,-999,0.2,-999,-999
13022003,20140823000000,43.222167,5.503167,212,1,17.1,26.4,21.3,32,91,55,4.8,-999,0,-999,-999
13022003,20140824000000,43.222167,5.503167,212,1,17,25.3,20,31,60,50,4.9,-999,0,-999,-999
13022003,20140825000000,43.222167,5.503167,212,1,15.1,27.4,21.6,23,81,44,1.8,-999,0,-999,-999
13022003,20140826000000,43.222167,5.503167,212,1,15.4,25.5,22.3,69,99,86,2.7,-999,1.6,-999,-999
13022003,20140827000000,43.222167,5.503167,212,1,19.1,28.4,23.3,38,94,62,4.6,-999,0,-999,-999
13022003,20140828000000,43.222167,5.503167,212,1,17.7,28.7,22.2,29,73,49,1.9,-999,0,-999,-999
13022003,20140829000000,43.222167,5.503167,212,1,16.6,29.2,22.2,38,82,63,1.9,-999,0,-999,-999
13022003,20140830000000,43.222167,5.503167,212,1,18.1,29.3,23.4,42,81,61,3.4,-999,0,-999,-999
13022003,20140831000000,43.222167,5.503167,212,1,16.1,29.1,23.3,30,81,51,4.9,-999,0,-999,-999
13022003,20140901000000,43.222167,5.503167,212,1,16.3,27,21.2,28,60,44,7.3,-999,0,-999,-999
13022003,20140902000000,43.222167,5.503167,212,1,17.3,28.5,22,27,66,41,3.8,-999,0,-999,-999
13022003,20140903000000,43.222167,5.503167,212,1,13.7,25.8,19.5,29,90,61,2.4,-999,0,-999,-999
13022003,20140904000000,43.222167,5.503167,212,1,13.6,27.9,21,29,84,52,2.7,-999,0,-999,-999
13022003,20140905000000,43.222167,5.503167,212,1,16.4,29,22,33,83,58,2.6,-999,0,-999,-999
13022003,20140906000000,43.222167,5.503167,212,1,15.6,26.2,21.2,52,91,74,1.5,-999,0,-999,-999
13022003,20140907000000,43.222167,5.503167,212,1,15.1,26.9,21.4,64,97,85,1.2,-999,0,-999,-999
13022003,20140908000000,43.222167,5.503167,212,1,20.1,26.6,22,65,97,88,1.8,-999,0.2,-999,-999
13022003,20140909000000,43.222167,5.503167,212,1,18.2,29,22.3,44,98,77,1.9,-999,0,-999,-999
13022003,20140910000000,43.222167,5.503167,212,1,17.9,29.2,22.9,45,87,69,3.8,-999,0,-999,-999
13022003,20140911000000,43.222167,5.503167,212,1,17,29.6,23.1,18,76,46,3.9,-999,0.4,-999,-999
13022003,20140912000000,43.222167,5.503167,212,1,15.1,28.1,20.9,28,70,47,3.9,-999,0.2,-999,-999
13022003,20140913000000,43.222167,5.503167,212,1,15.7,27,20.3,35,87,57,2.4,-999,0.2,-999,-999
13022003,20140914000000,43.222167,5.503167,212,1,13.1,24.7,19.4,56,96,80,1.7,-999,1.2,-999,-999
13022003,20140915000000,43.222167,5.503167,212,1,17.4,24.2,20.3,64,92,82,2.5,-999,0.8,-999,-999
13022003,20140916000000,43.222167,5.503167,212,1,16.3,24.7,20.4,58,97,81,2.4,-999,0,-999,-999
13022003,20140917000000,43.222167,5.503167,212,1,16.7,26.3,21.7,54,89,71,4.5,-999,0.6,-999,-999
13022003,20140918000000,43.222167,5.503167,212,1,18.2,26.2,22.8,58,85,68,4.6,-999,0,-999,-999
13022003,20140919000000,43.222167,5.503167,212,1,18.3,26.1,22.4,59,96,77,3.5,-999,50,-999,-999
13022003,20140920000000,43.222167,5.503167,212,1,20.3,26,21.8,67,97,87,2,-999,0.2,-999,-999
13022003,20140921000000,43.222167,5.503167,212,1,17.1,27.8,22,52,98,76,3.4,-999,0.2,-999,-999
13022003,20140922000000,43.222167,5.503167,212,1,18.1,25.1,20,43,73,59,4.6,-999,0.2,-999,-999
13022003,20140923000000,43.222167,5.503167,212,1,16.3,23.9,19.5,44,85,67,4,-999,2.7,-999,-999
13022003,20140924000000,43.222167,5.503167,212,1,15.3,20.3,16.7,56,95,82,3.5,-999,0,-999,-999
13022003,20140925000000,43.222167,5.503167,212,1,13,23,17.2,45,94,67,3.8,-999,0,-999,-999
13022003,20140926000000,43.222167,5.503167,212,1,14.1,25.3,19.8,33,79,55,2.8,-999,0,-999,-999
13022003,20140927000000,43.222167,5.503167,212,1,11.8,23.9,18.5,47,98,75,1.5,-999,0.4,-999,-999
13022003,20140928000000,43.222167,5.503167,212,1,11.7,25.7,18.9,40,98,70,2.3,-999,0,-999,-999
13022003,20140929000000,43.222167,5.503167,212,1,14.2,24.5,21.3,52,90,68,3.8,-999,2.2,-999,-999
13022003,20140930000000,43.222167,5.503167,212,1,17.4,19.3,18,75,97,91,2.9,-999,26.2,-999,-999
13022003,20141001000000,43.222167,5.503167,212,1,16.6,25.3,19.5,57,97,81,2.6,-999,0,-999,-999
13022003,20141002000000,43.222167,5.503167,212,1,15.4,24.2,19.2,61,98,83,1.8,-999,0.2,-999,-999
13022003,20141003000000,43.222167,5.503167,212,1,14.3,25.1,18.9,47,92,74,1.8,-999,0.2,-999,-999
13022003,20141004000000,43.222167,5.503167,212,1,13.5,23.7,18.2,56,97,80,2,-999,0.2,-999,-999
13022003,20141005000000,43.222167,5.503167,212,1,13.9,22.1,16.2,53,98,84,1.9,-999,0.2,-999,-999
13022003,20141006000000,43.222167,5.503167,212,1,11.6,21.2,17.6,57,96,77,2.3,-999,1.8,-999,-999
13022003,20141007000000,43.222167,5.503167,212,1,16.8,22.6,19.5,73,97,85,3.1,-999,11,-999,-999
13022003,20141008000000,43.222167,5.503167,212,1,19.5,23.8,21,73,89,82,4.6,-999,0,-999,-999
13022003,20141009000000,43.222167,5.503167,212,1,18.5,25,21.5,63,87,76,3.7,-999,0,-999,-999
13022003,20141010000000,43.222167,5.503167,212,1,19.5,24.5,21.6,65,87,80,4.8,-999,3.7,-999,-999
13022003,20141011000000,43.222167,5.503167,212,1,17.7,22.7,19.5,71,96,89,2.4,-999,0.2,-999,-999
13022003,20141012000000,43.222167,5.503167,212,1,15.3,24.3,21,61,96,77,4.8,-999,3.9,-999,-999
13022003,20141013000000,43.222167,5.503167,212,1,18.8,22,20,73,96,83,2.8,-999,0.2,-999,-999
13022003,20141014000000,43.222167,5.503167,212,1,16.4,20.5,18,70,92,84,1.9,-999,3.6,-999,-999
13022003,20141015000000,43.222167,5.503167,212,1,14.4,22.9,17.9,52,96,79,1.9,-999,0,-999,-999
13022003,20141016000000,43.222167,5.503167,212,1,14.2,22.4,18.7,62,99,86,2.2,-999,0,-999,-999
13022003,20141017000000,43.222167,5.503167,212,1,17.8,26.5,20.7,53,97,82,2.1,-999,0.4,-999,-999
13022003,20141018000000,43.222167,5.503167,212,1,14.8,23.7,19.5,69,99,86,2.5,-999,0.2,-999,-999
13022003,20141019000000,43.222167,5.503167,212,1,16.2,23.5,18.9,69,98,86,1.6,-999,0.4,-999,-999
13022003,20141020000000,43.222167,5.503167,212,1,14,22.8,18,69,99,89,1.6,-999,0.2,-999,-999
13022003,20141021000000,43.222167,5.503167,212,1,15.6,23.6,20,48,94,68,5.7,-999,0,-999,-999
13022003,20141022000000,43.222167,5.503167,212,1,10.8,15.8,12.3,29,54,43,10.3,-999,0,-999,-999
13022003,20141023000000,43.222167,5.503167,212,1,9.4,18.7,13.1,30,61,46,7.1,-999,0,-999,-999
13022003,20141024000000,43.222167,5.503167,212,1,9.4,22,15.2,27,65,45,3.1,-999,0,-999,-999
13022003,20141025000000,43.222167,5.503167,212,1,11.1,21.4,15.5,39,98,68,1.3,-999,0,-999,-999
13022003,20141026000000,43.222167,5.503167,212,1,11.5,20,15.5,60,98,84,1.5,-999,0.2,-999,-999
13022003,20141027000000,43.222167,5.503167,212,1,11.1,20.2,15,57,95,78,1.8,-999,0,-999,-999
13022003,20141028000000,43.222167,5.503167,212,1,11,18.3,13.5,50,86,70,2.6,-999,0.2,-999,-999
13022003,20141029000000,43.222167,5.503167,212,1,8.2,20.1,13.4,45,96,72,2.4,-999,0.2,-999,-999
13022003,20141030000000,43.222167,5.503167,212,1,8.5,18.8,12.9,56,97,83,1.9,-999,0.4,-999,-999
13022003,20141031000000,43.222167,5.503167,212,1,8.9,19.4,13.5,59,99,85,1.6,-999,0.2,-999,-999
13022003,20141101000000,43.222167,5.503167,212,1,9.8,20.2,14.3,59,99,84,2.3,-999,0.4,-999,-999
13022003,20141102000000,43.222167,5.503167,212,1,10.4,20.3,15,57,97,81,2,-999,8.9,-999,-999
13022003,20141103000000,43.222167,5.503167,212,1,12.5,18.1,16.4,74,95,84,4.9,-999,1.1,-999,-999
13022003,20141104000000,43.222167,5.503167,212,1,14.4,18.2,15.5,84,98,93,4.9,-999,44.9,-999,-999
13022003,20141105000000,43.222167,5.503167,212,1,8,11.4,9.5,68,97,83,4.9,-999,0,-999,-999
13022003,20141106000000,43.222167,5.503167,212,1,6.3,15.1,10.3,52,84,69,5.1,-999,0,-999,-999
13022003,20141107000000,43.222167,5.503167,212,1,8.3,18.7,13.3,38,80,56,4.1,-999,0.2,-999,-999
13022003,20141108000000,43.222167,5.503167,212,1,8.6,20.2,13.2,27,91,64,2.7,-999,0,-999,-999
13022003,20141109000000,43.222167,5.503167,212,1,8.8,15.8,13.9,70,97,86,3.5,-999,13.1,-999,-999
13022003,20141110000000,43.222167,5.503167,212,1,11.2,17.1,13.6,71,97,87,2,-999,3,-999,-999
13022003,20141111000000,43.222167,5.503167,212,1,12.7,16.9,15.3,74,96,86,4.6,-999,11.3,-999,-999
13022003,20141112000000,43.222167,5.503167,212,1,11.6,16.2,-999,62,95,-999,-999,-999,18,-999,-999
13022003,20141113000000,43.222167,5.503167,212,1,9.5,17.2,-999,50,95,-999,-999,-999,0,-999,-999
13022003,20141114000000,43.222167,5.503167,212,1,7.9,17.6,15.7,72,98,85,4.7,-999,9.3,-999,-999
13022003,20141115000000,43.222167,5.503167,212,1,11.3,16.4,13.9,73,98,88,3,-999,4,-999,-999
13022003,20141116000000,43.222167,5.503167,212,1,6.4,16.8,11.5,43,89,70,2.3,-999,0.6,-999,-999
13022003,20141117000000,43.222167,5.503167,212,1,8.6,13.8,10.5,64,91,79,2.9,-999,0,-999,-999
13022003,20141118000000,43.222167,5.503167,212,1,8.5,15.7,11.2,54,90,75,3,-999,0.2,-999,-999
13022003,20141119000000,43.222167,5.503167,212,1,6.3,17.8,11.1,39,88,68,2.5,-999,0,-999,-999
13022003,20141120000000,43.222167,5.503167,212,1,7.4,16.1,11.9,68,97,82,1.6,-999,0.2,-999,-999
13022003,20141121000000,43.222167,5.503167,212,1,8.3,17.9,13.3,65,97,84,1.8,-999,0.2,-999,-999
13022003,20141122000000,43.222167,5.503167,212,1,13.4,17.3,15.1,70,87,78,2.4,-999,0,-999,-999
13022003,20141123000000,43.222167,5.503167,212,1,14.1,21.3,17.8,55,78,67,2.9,-999,0,-999,-999
13022003,20141124000000,43.222167,5.503167,212,1,15.5,19.5,17.3,65,83,73,2.8,-999,0.2,-999,-999
13022003,20141125000000,43.222167,5.503167,212,1,13.8,19.4,15.8,72,96,89,2.2,-999,52.5,-999,-999
13022003,20141126000000,43.222167,5.503167,212,1,12.8,16.3,14.3,77,96,90,2.8,-999,25,-999,-999
13022003,20141128000000,43.222167,5.503167,212,1,14.9,18.2,-999,-999,-999,-999,-999,-999,0.8,-999,-999
13022003,20141129000000,43.222167,5.503167,212,1,15.1,19,17,-999,-999,-999,-999,-999,1.5,-999,-999
13022003,20141130000000,43.222167,5.503167,212,1,16,19,-999,60,95,-999,-999,-999,3,-999,-999
13022003,20141201000000,43.222167,5.503167,212,1,12,14,-999,75,100,-999,-999,-999,5,-999,-999
13022003,20141202000000,43.222167,5.503167,212,1,6,13.4,-999,70,95,-999,-999,-999,1,-999,-999
13022003,20141203000000,43.222167,5.503167,212,1,6.9,13.8,10,65,95,82,3.8,-999,0,-999,-999
13022003,20141204000000,43.222167,5.503167,212,1,9.9,13.2,11.5,78,96,88,1.7,-999,7.6,-999,-999
13022003,20141205000000,43.222167,5.503167,212,1,9.8,14.5,11.1,72,95,85,4.1,-999,34.1,-999,-999
13022003,20141206000000,43.222167,5.503167,212,1,4,8.2,5,70,96,90,6.1,-999,23.6,-999,-999
13022003,20141207000000,43.222167,5.503167,212,1,4.7,10.9,7.4,56,80,70,5.7,-999,0,-999,-999
13022003,20141208000000,43.222167,5.503167,212,1,4.8,11.5,7.6,52,75,63,6.9,-999,0,-999,-999
13022003,20141209000000,43.222167,5.503167,212,1,4.1,11.6,6.8,36,73,52,6.4,-999,0,-999,-999
13022003,20141210000000,43.222167,5.503167,212,1,2.9,12,7.7,33,72,53,6.3,-999,0,-999,-999
13022003,20141211000000,43.222167,5.503167,212,1,8.3,12.6,10,41,71,54,8.2,-999,0,-999,-999
13022003,20141212000000,43.222167,5.503167,212,1,4.1,13.6,10.6,55,82,70,3.7,-999,0,-999,-999
13022003,20141213000000,43.222167,5.503167,212,1,12,15.2,-999,67,90,-999,-999,-999,0,-999,-999
13022003,20141215000000,43.222167,5.503167,212,1,11,15.5,-999,70,95,-999,-999,-999,0.4,-999,-999
13022003,20141216000000,43.222167,5.503167,212,1,9,14,-999,-999,-999,-999,-999,-999,0.6,-999,-999
13022003,20141217000000,43.222167,5.503167,212,1,6,11.4,8.5,51,86,-999,-999,-999,0,-999,-999
13022003,20141218000000,43.222167,5.503167,212,1,8.8,18,12.1,58,98,77,2.5,-999,0.2,-999,-999
13022003,20141219000000,43.222167,5.503167,212,1,7.7,16.7,13.6,54,95,69,4.9,-999,0,-999,-999
13022003,20141220000000,43.222167,5.503167,212,1,11.2,16,12.2,46,72,61,8.2,-999,0,-999,-999
13022003,20141221000000,43.222167,5.503167,212,1,5.9,14,9,41,80,61,5.1,-999,0,-999,-999
13022003,20141222000000,43.222167,5.503167,212,1,5,16.4,8.9,62,98,86,1.6,-999,0.4,-999,-999
13022003,20141223000000,43.222167,5.503167,212,1,4,14.1,9,68,100,87,0.8,-999,0,-999,-999
13022003,20141224000000,43.222167,5.503167,212,1,7.9,13.8,10.4,62,88,78,2,-999,0,-999,-999
13022003,20141225000000,43.222167,5.503167,212,1,7,14.5,9.8,39,72,61,7.3,-999,0,-999,-999
13022003,20141226000000,43.222167,5.503167,212,1,5.5,9.6,6.1,47,67,57,6.5,-999,0,-999,-999
13022003,20141227000000,43.222167,5.503167,212,1,0.7,11.1,6.9,39,94,68,4.5,-999,9.7,-999,-999
13022003,20141228000000,43.222167,5.503167,212,1,1.7,6.9,3.7,49,82,65,6.6,-999,0,-999,-999
13022003,20141229000000,43.222167,5.503167,212,1,1.1,10.1,4.7,26,54,38,5.2,-999,0,-999,-999
13022003,20141230000000,43.222167,5.503167,212,1,1.4,8.4,4,32,61,46,5.1,-999,0,-999,-999
13022003,20141231000000,43.222167,5.503167,212,1,2,9.1,5.8,46,79,59,3.2,-999,0,-999,-999
13022003,20150101000000,43.222167,5.503167,212,1,2.7,13.6,6.5,44,83,67,2.8,-999,0,-999,-999
13022003,20150102000000,43.222167,5.503167,212,1,2.8,14.9,9.7,27,74,46,3.9,-999,0,-999,-999
13022003,20150103000000,43.222167,5.503167,212,1,8.7,16.2,12.2,55,79,67,5.7,-999,0,-999,-999
13022003,20150104000000,43.222167,5.503167,212,1,11.2,15.6,12.3,47,74,60,9.2,-999,0,-999,-999
13022003,20150105000000,43.222167,5.503167,212,1,4.2,16.4,9.1,20,89,60,2.2,-999,0,-999,-999
13022003,20150106000000,43.222167,5.503167,212,1,3.6,13.1,7.5,36,95,65,3.1,-999,0,-999,-999
13022003,20150107000000,43.222167,5.503167,212,1,3.9,13.7,7.7,57,89,75,3,-999,0,-999,-999
13022003,20150108000000,43.222167,5.503167,212,1,3.3,14.2,9.2,43,94,63,4,-999,0,-999,-999
13022003,20150109000000,43.222167,5.503167,212,1,9,14.7,11.9,37,71,58,6.5,-999,0,-999,-999
13022003,20150110000000,43.222167,5.503167,212,1,12.1,17.9,14.5,58,80,66,7.4,-999,0,-999,-999
13022003,20150111000000,43.222167,5.503167,212,1,7.8,14.2,10.2,40,74,56,8.2,-999,0,-999,-999
13022003,20150112000000,43.222167,5.503167,212,1,3.6,18.1,8.8,14,98,46,2.4,-999,0,-999,-999
13022003,20150113000000,43.222167,5.503167,212,1,2.7,13.7,11.1,76,99,86,3.3,-999,0,-999,-999
13022003,20150114000000,43.222167,5.503167,212,1,7.6,14.7,10.5,53,98,77,2.7,-999,0,-999,-999
13022003,20150115000000,43.222167,5.503167,212,1,5,13.7,11.1,66,94,87,4.3,-999,0,-999,-999
13022003,20150116000000,43.222167,5.503167,212,1,10.9,13.4,11.9,83,97,92,3.9,-999,7.7,-999,-999
13022003,20150117000000,43.222167,5.503167,212,1,5.1,10.1,7,45,95,68,5,-999,0,-999,-999
13022003,20150118000000,43.222167,5.503167,212,1,2,11,7.7,41,73,56,3.1,-999,0,-999,-999
13022003,20150119000000,43.222167,5.503167,212,1,6.5,8.3,7.3,68,96,86,2.3,-999,32.6,-999,-999
13022003,20150120000000,43.222167,5.503167,212,1,5.6,8,-999,85,98,-999,-999,-999,8,-999,-999
13022003,20150121000000,43.222167,5.503167,212,1,5.7,10,-999,-999,-999,-999,-999,-999,35,-999,-999
13022003,20150122000000,43.222167,5.503167,212,1,2,12.6,6.4,47,98,76,3.4,-999,0,-999,-999
13022003,20150123000000,43.222167,5.503167,212,1,2.1,9.3,5.1,52,87,67,6.8,-999,0,-999,-999
13022003,20150124000000,43.222167,5.503167,212,1,2.8,9.9,5.6,36,69,55,7.9,-999,0,-999,-999
13022003,20150125000000,43.222167,5.503167,212,1,3.2,11.1,6.6,34,56,45,5.1,-999,0,-999,-999
13022003,20150126000000,43.222167,5.503167,212,1,2,9.4,5.6,33,71,50,4.6,-999,0,-999,-999
13022003,20150127000000,43.222167,5.503167,212,1,4.7,9,6.3,51,74,63,8,-999,0,-999,-999
13022003,20150128000000,43.222167,5.503167,212,1,3.1,10.6,6.3,37,73,53,4.7,-999,0,-999,-999
13022003,20150129000000,43.222167,5.503167,212,1,5.7,11.5,9.2,61,96,80,5,-999,25.6,-999,-999
13022003,20150130000000,43.222167,5.503167,212,1,4.5,9.3,7.1,43,89,62,5.5,-999,0,-999,-999
13022003,20150131000000,43.222167,5.503167,212,1,1.1,10.3,5.7,39,91,61,3.7,-999,0,-999,-999
13022003,20150201000000,43.222167,5.503167,212,1,2.3,8.4,4.3,39,76,61,5.9,-999,0,-999,-999
13022003,20150202000000,43.222167,5.503167,212,1,1.8,8.2,4.1,41,75,59,5.1,-999,0,-999,-999
13022003,20150203000000,43.222167,5.503167,212,1,0,7.7,3.9,46,95,72,3.2,-999,7.6,-999,-999
13022003,20150204000000,43.222167,5.503167,212,1,1.9,5.9,4.4,72,95,85,3.3,-999,5.2,-999,-999
13022003,20150205000000,43.222167,5.503167,212,1,-0.1,2.6,1.3,62,92,77,5.6,-999,0,-999,-999
13022003,20150206000000,43.222167,5.503167,212,1,-1,-999,-999,-999,-999,-999,-999,-999,-999,-999,-999
13022003,20150207000000,43.222167,5.503167,212,1,1,12.9,-999,-999,-999,-999,-999,-999,0,-999,-999
13022003,20150208000000,43.222167,5.503167,212,1,-1,8.3,3.8,42,77,58,6.1,-999,0,-999,-999
13022003,20150209000000,43.222167,5.503167,212,1,1.7,12.1,6.2,38,80,53,3.3,-999,0,-999,-999
13022003,20150210000000,43.222167,5.503167,212,1,1.4,13.4,5.9,35,97,63,2.6,-999,0,-999,-999
13022003,20150211000000,43.222167,5.503167,212,1,0.9,13.5,7.1,66,99,84,1.7,-999,0,-999,-999
13022003,20150212000000,43.222167,5.503167,212,1,2.9,13.1,8.7,66,99,84,2.2,-999,0,-999,-999
13022003,20150213000000,43.222167,5.503167,212,1,9,12.5,10,75,97,87,2.2,-999,5,-999,-999
13022003,20150214000000,43.222167,5.503167,212,1,6.4,11.6,8.5,71,95,89,2.2,-999,6.8,-999,-999
13022003,20150215000000,43.222167,5.503167,212,1,5.1,9.7,7,74,95,87,3,-999,20.9,-999,-999
13022003,20150216000000,43.222167,5.503167,212,1,3.9,14.5,8.4,45,95,79,2.8,-999,5.6,-999,-999
13022003,20150217000000,43.222167,5.503167,212,1,6.6,15.5,9.4,52,91,76,2.9,-999,0.4,-999,-999
13022003,20150218000000,43.222167,5.503167,212,1,5.9,16.2,9.4,45,93,72,2.4,-999,0,-999,-999
13022003,20150219000000,43.222167,5.503167,212,1,3.2,14.9,8.2,-999,94,74,2.3,-999,0,-999,-999
13022003,20150220000000,43.222167,5.503167,212,1,2.8,12.6,7.7,52,93,73,2.6,-999,0.6,-999,-999
13022003,20150221000000,43.222167,5.503167,212,1,6.3,11.3,8.1,60,92,84,4.4,-999,14.7,-999,-999
13022003,20150222000000,43.222167,5.503167,212,1,3.1,12.4,6.2,42,77,59,6.3,-999,0,-999,-999
13022003,20150223000000,43.222167,5.503167,212,1,0.6,13.2,8.2,24,77,60,3.9,-999,0,-999,-999
13022003,20150224000000,43.222167,5.503167,212,1,5.9,11.5,8.1,32,69,52,7.9,-999,0,-999,-999
13022003,20150225000000,43.222167,5.503167,212,1,5.4,13.3,8.6,27,63,44,7.6,-999,0,-999,-999
13022003,20150226000000,43.222167,5.503167,212,1,3,15.6,8.6,17,73,46,2.5,-999,1,-999,-999
13022003,20150227000000,43.222167,5.503167,212,1,5.8,11.4,7.4,57,93,72,4.4,-999,5.3,-999,-999
13022003,20150228000000,43.222167,5.503167,212,1,3.5,14.4,8.2,39,70,54,4.1,-999,0,-999,-999
13022003,20150301000000,43.222167,5.503167,212,1,5.3,13,9.4,36,94,76,3.2,-999,2.4,-999,-999
13022003,20150302000000,43.222167,5.503167,212,1,9.8,18.2,13.5,51,94,74,5.2,-999,0,-999,-999
13022003,20150303000000,43.222167,5.503167,212,1,8.4,16.6,11.8,31,85,57,5,-999,0,-999,-999
13022003,20150304000000,43.222167,5.503167,212,1,6.9,12.7,8.7,38,92,62,6.6,-999,0,-999,-999
13022003,20150305000000,43.222167,5.503167,212,1,5,13.6,9.2,18,47,30,5.6,-999,0,-999,-999
13022003,20150306000000,43.222167,5.503167,212,1,4.2,15.5,8.8,16,48,31,2.9,-999,0,-999,-999
13022003,20150307000000,43.222167,5.503167,212,1,1.7,14.6,8.1,30,90,61,2.3,-999,0,-999,-999
13022003,20150308000000,43.222167,5.503167,212,1,3.6,15.3,9.3,31,94,65,2.3,-999,0,-999,-999
13022003,20150309000000,43.222167,5.503167,212,1,4.4,15,9,32,94,66,2,-999,0.2,-999,-999
13022003,20150310000000,43.222167,5.503167,212,1,4.4,16.2,9.4,52,95,78,1.7,-999,0,-999,-999
13022003,20150311000000,43.222167,5.503167,212,1,5,19.6,13.2,33,92,57,3.2,-999,0,-999,-999
13022003,20150312000000,43.222167,5.503167,212,1,4.3,15.2,9.9,39,91,69,2.6,-999,0,-999,-999
13022003,20150313000000,43.222167,5.503167,212,1,4.2,16.2,11.1,39,84,63,3.7,-999,0,-999,-999
13022003,20150314000000,43.222167,5.503167,212,1,7.2,15.1,9.8,40,93,65,2.4,-999,9.5,-999,-999
13022003,20150315000000,43.222167,5.503167,212,1,7,9.4,8.6,66,88,75,6.3,-999,1.4,-999,-999
13022003,20150316000000,43.222167,5.503167,212,1,5.9,13.7,9.4,53,91,77,2.5,-999,11,-999,-999
13022003,20150317000000,43.222167,5.503167,212,1,7.9,13.4,10.8,62,91,76,2.7,-999,1,-999,-999
13022003,20150318000000,43.222167,5.503167,212,1,9.3,16.6,11.9,48,90,68,2.1,-999,0,-999,-999
13022003,20150319000000,43.222167,5.503167,212,1,6.6,17.4,11.9,31,91,68,2.1,-999,0,-999,-999
13022003,20150320000000,43.222167,5.503167,212,1,8.2,18.4,14.2,35,71,50,3.7,-999,0,-999,-999
13022003,20150321000000,43.222167,5.503167,212,1,8.9,13.3,11.2,42,93,68,3.8,-999,8.5,-999,-999
13022003,20150322000000,43.222167,5.503167,212,1,7.8,11.6,9.2,76,94,88,2,-999,4.6,-999,-999
13022003,20150323000000,43.222167,5.503167,212,1,5.5,15.7,10.7,48,91,70,2.6,-999,0,-999,-999
13022003,20150324000000,43.222167,5.503167,212,1,6.7,16.5,11.9,50,89,70,3,-999,6.2,-999,-999
13022003,20150325000000,43.222167,5.503167,212,1,7.8,10.1,8.5,-999,-999,80,5,-999,4.9,-999,-999
13022003,20150326000000,43.222167,5.503167,212,1,5,15,9.8,39,75,55,6.6,-999,0,-999,-999
13022003,20150327000000,43.222167,5.503167,212,1,8.7,16.7,12.4,31,60,43,9.7,-999,0,-999,-999
13022003,20150328000000,43.222167,5.503167,212,1,8.1,21,14.1,21,61,45,7.3,-999,0,-999,-999
13022003,20150329000000,43.222167,5.503167,212,1,11.7,19.7,14.5,38,73,57,8,-999,0,-999,-999
13022003,20150330000000,43.222167,5.503167,212,1,12,21.4,16.2,35,75,56,7.7,-999,0,-999,-999
13022003,20150331000000,43.222167,5.503167,212,1,12.9,20.6,16.1,38,68,52,8.6,-999,0,-999,-999
13022003,20150401000000,43.222167,5.503167,212,1,10.6,14.9,12,26,56,36,10.8,-999,0,-999,-999
13022003,20150402000000,43.222167,5.503167,212,1,7.8,18.4,12.7,30,62,43,8.7,-999,0,-999,-999
13022003,20150403000000,43.222167,5.503167,212,1,10,18.8,12.3,37,93,66,3.9,-999,0,-999,-999
13022003,20150404000000,43.222167,5.503167,212,1,6.7,18.8,13,30,94,56,6.1,-999,0,-999,-999
13022003,20150405000000,43.222167,5.503167,212,1,5.6,16.6,10.1,31,71,54,4.6,-999,0,-999,-999
13022003,20150406000000,43.222167,5.503167,212,1,5.8,16,10.4,30,72,52,2.6,-999,0,-999,-999
13022003,20150407000000,43.222167,5.503167,212,1,5,14.9,9.5,28,88,57,2.1,-999,0,-999,-999
13022003,20150408000000,43.222167,5.503167,212,1,3.6,17.2,10.9,20,91,58,2.9,-999,0,-999,-999
13022003,20150409000000,43.222167,5.503167,212,1,2.7,17.7,9.9,30,93,57,1.4,-999,0,-999,-999
13022003,20150410000000,43.222167,5.503167,212,1,2.4,16.8,10.1,12,92,51,1.6,-999,0,-999,-999
13022003,20150411000000,43.222167,5.503167,212,1,4,16.8,10.5,40,94,72,1.6,-999,0,-999,-999
13022003,20150412000000,43.222167,5.503167,212,1,4.4,17.2,12.1,53,94,73,2.1,-999,0,-999,-999
13022003,20150413000000,43.222167,5.503167,212,1,9.4,24.5,16.7,27,86,52,3.2,-999,0,-999,-999
13022003,20150414000000,43.222167,5.503167,212,1,9.5,19.5,14.3,41,85,68,1.8,-999,0,-999,-999
13022003,20150415000000,43.222167,5.503167,212,1,6.9,19.5,13.3,38,88,68,1.4,-999,0,-999,-999
13022003,20150416000000,43.222167,5.503167,212,1,9.4,19.9,16.4,30,81,46,3.2,-999,0.8,-999,-999
13022003,20150417000000,43.222167,5.503167,212,1,12.6,19.6,15.1,54,89,76,2.7,-999,0,-999,-999
13022003,20150418000000,43.222167,5.503167,212,1,13.1,22.1,16.2,41,93,63,3,-999,0,-999,-999
13022003,20150419000000,43.222167,5.503167,212,1,9.7,14.7,12,64,95,80,3,-999,7.1,-999,-999
13022003,20150420000000,43.222167,5.503167,212,1,9.9,18,13.1,38,93,69,2.8,-999,0.2,-999,-999
13022003,20150421000000,43.222167,5.503167,212,1,8.4,19.9,14.1,42,94,67,1.8,-999,0,-999,-999
13022003,20150422000000,43.222167,5.503167,212,1,7.2,20.3,14.4,31,81,57,1.5,-999,0,-999,-999
13022003,20150423000000,43.222167,5.503167,212,1,7.3,21.6,15.3,23,90,62,1.8,-999,0,-999,-999
13022003,20150424000000,43.222167,5.503167,212,1,8.9,17.7,13.7,68,96,85,1.5,-999,1.4,-999,-999
13022003,20150425000000,43.222167,5.503167,212,1,11.8,18.1,14.8,65,92,80,2.9,-999,0.4,-999,-999
13022003,20150426000000,43.222167,5.503167,212,1,13.5,18.6,15.9,57,86,71,4.7,-999,3.8,-999,-999
13022003,20150427000000,43.222167,5.503167,212,1,12.2,14.5,13.1,84,95,92,3.4,-999,42.9,-999,-999
13022003,20150428000000,43.222167,5.503167,212,1,10,16.6,12.5,34,84,49,9.9,-999,0,-999,-999
13022003,20150429000000,43.222167,5.503167,212,1,8,18.9,12.9,29,90,57,3.2,-999,0,-999,-999
13022003,20150430000000,43.222167,5.503167,212,1,9.4,20.7,14.8,29,92,58,2.4,-999,0,-999,-999
13022003,20150501000000,43.222167,5.503167,212,1,8.8,16.7,14.4,85,94,90,2.1,-999,0.2,-999,-999
13022003,20150502000000,43.222167,5.503167,212,1,14,22.7,17.6,40,88,69,3.3,-999,0,-999,-999
13022003,20150503000000,43.222167,5.503167,212,1,12.8,22,17.2,51,89,74,2.1,-999,0,-999,-999
13022003,20150504000000,43.222167,5.503167,212,1,13.7,24.7,19.8,33,79,52,2.5,-999,0,-999,-999
13022003,20150505000000,43.222167,5.503167,212,1,17.9,24.4,20,36,89,58,2.4,-999,0,-999,-999
13022003,20150506000000,43.222167,5.503167,212,1,14,26.4,19.9,28,91,59,4.1,-999,0,-999,-999
13022003,20150507000000,43.222167,5.503167,212,1,12.5,22.8,17,30,77,53,3.2,-999,0,-999,-999
13022003,20150508000000,43.222167,5.503167,212,1,8.1,20,16.2,45,88,67,2.6,-999,0,-999,-999
13022003,20150509000000,43.222167,5.503167,212,1,15.5,26,20.2,26,75,47,7,-999,0,-999,-999
13022003,20150510000000,43.222167,5.503167,212,1,15.5,26.6,19.8,25,73,45,2.3,-999,0,-999,-999
13022003,20150511000000,43.222167,5.503167,212,1,10.7,24.5,18.1,33,87,57,1.7,-999,0,-999,-999
13022003,20150512000000,43.222167,5.503167,212,1,7.2,21,14.7,41,95,77,0.9,-999,0,-999,-999
13022003,20150513000000,43.222167,5.503167,212,1,9.8,22.2,17.1,42,93,68,1.3,-999,0,-999,-999
13022003,20150514000000,43.222167,5.503167,212,1,14.5,25.4,20.3,41,92,66,3.5,-999,0,-999,-999
13022003,20150515000000,43.222167,5.503167,212,1,11.4,18.7,14.1,30,68,50,7.4,-999,0,-999,-999
13022003,20150516000000,43.222167,5.503167,212,1,6,25.5,17.7,33,79,49,4.1,-999,0,-999,-999
13022003,20150517000000,43.222167,5.503167,212,1,14,27,21.4,29,70,45,4.1,-999,0,-999,-999
13022003,20150518000000,43.222167,5.503167,212,1,13.9,25.3,18.3,31,92,56,2.9,-999,0,-999,-999
13022003,20150519000000,43.222167,5.503167,212,1,10.4,22.2,16.4,45,92,66,4.6,-999,0.6,-999,-999
13022003,20150520000000,43.222167,5.503167,212,1,12.6,19.7,15.2,22,56,39,7.3,-999,0,-999,-999
13022003,20150521000000,43.222167,5.503167,212,1,9.5,19.9,14.5,27,79,42,6.5,-999,0,-999,-999
13022003,20150522000000,43.222167,5.503167,212,1,8.8,23.4,18,21,51,34,4.2,-999,0,-999,-999
13022003,20150523000000,43.222167,5.503167,212,1,13,23.8,18.7,26,65,38,3.3,-999,0,-999,-999
13022003,20150524000000,43.222167,5.503167,212,1,11.5,22,16.5,35,83,61,2,-999,0,-999,-999
13022003,20150525000000,43.222167,5.503167,212,1,9.7,25.8,18.6,25,87,53,3.5,-999,0,-999,-999
13022003,20150526000000,43.222167,5.503167,212,1,15.2,24.2,18.9,30,67,46,6.2,-999,0,-999,-999
13022003,20150527000000,43.222167,5.503167,212,1,13.1,25,18.6,26,84,43,2.9,-999,0,-999,-999
13022003,20150528000000,43.222167,5.503167,212,1,10.9,22.6,17.1,34,88,56,2,-999,0,-999,-999
13022003,20150529000000,43.222167,5.503167,212,1,9.2,19.9,15.3,64,95,82,1.9,-999,0.2,-999,-999
13022003,20150530000000,43.222167,5.503167,212,1,11.4,26,19.7,36,96,60,3.7,-999,0,-999,-999
13022003,20150531000000,43.222167,5.503167,212,1,12,22.1,17.6,57,92,71,1.9,-999,0,-999,-999
13022003,20150601000000,43.222167,5.503167,212,1,10.9,22.9,17.6,38,92,72,1.5,-999,0,-999,-999
13022003,20150602000000,43.222167,5.503167,212,1,12.3,23.7,18.8,44,93,68,1.6,-999,0,-999,-999
13022003,20150603000000,43.222167,5.503167,212,1,12.3,25.3,19.5,32,92,69,1.5,-999,0,-999,-999
13022003,20150604000000,43.222167,5.503167,212,1,14.3,27.2,20.9,32,92,63,1.3,-999,0,-999,-999
13022003,20150605000000,43.222167,5.503167,212,1,14.2,29.9,23.4,22,91,47,2.2,-999,0,-999,-999
13022003,20150606000000,43.222167,5.503167,212,1,19.3,31.6,25.8,24,58,38,2.6,-999,0,-999,-999
13022003,20150607000000,43.222167,5.503167,212,1,19.9,28.8,24.6,30,66,44,2.1,-999,0,-999,-999
13022003,20150608000000,43.222167,5.503167,212,1,19.4,29.4,23.8,34,85,53,2.3,-999,0,-999,-999
13022003,20150609000000,43.222167,5.503167,212,1,17.6,26.7,22.2,37,80,61,2.9,-999,1.2,-999,-999
13022003,20150610000000,43.222167,5.503167,212,1,17.5,26.4,21.2,51,94,79,3.1,-999,0.2,-999,-999
13022003,20150611000000,43.222167,5.503167,212,1,15.1,28.5,23.7,34,88,53,2.9,-999,8.5,-999,-999
13022003,20150612000000,43.222167,5.503167,212,1,15.6,28.3,21.1,31,93,62,5.2,-999,17.9,-999,-999
13022003,20150613000000,43.222167,5.503167,212,1,15.2,24.9,20.7,62,94,79,3,-999,6.5,-999,-999
13022003,20150614000000,43.222167,5.503167,212,1,16.7,24.3,19.9,59,95,80,2.1,-999,0.2,-999,-999
13022003,20150615000000,43.222167,5.503167,212,1,15.5,26.6,21.1,40,95,68,2.5,-999,0.2,-999,-999
13022003,20150616000000,43.222167,5.503167,212,1,15.5,26.1,20.3,49,94,72,3.4,-999,1.2,-999,-999
13022003,20150617000000,43.222167,5.503167,212,1,16.5,27.3,22.3,34,86,54,4.1,-999,0,-999,-999
13022003,20150618000000,43.222167,5.503167,212,1,18.2,29.6,24.1,28,60,44,4.1,-999,0,-999,-999
13022003,20150619000000,43.222167,5.503167,212,1,19.6,27.1,22.9,28,63,42,7,-999,0,-999,-999
13022003,20150620000000,43.222167,5.503167,212,1,16.8,29.5,22.9,23,48,33,6.1,-999,0,-999,-999
13022003,20150621000000,43.222167,5.503167,212,1,18.2,28.7,23.6,23,58,35,3.8,-999,0,-999,-999
13022003,20150622000000,43.222167,5.503167,212,1,18.7,29.7,23.8,27,89,51,2.2,-999,0,-999,-999
13022003,20150623000000,43.222167,5.503167,212,1,15.8,29.4,23.2,22,94,49,4.3,-999,0,-999,-999
13022003,20150624000000,43.222167,5.503167,212,1,15.8,25.6,20.6,34,88,56,2.6,-999,0,-999,-999
13022003,20150625000000,43.222167,5.503167,212,1,14.1,28.9,22.4,24,86,46,3.1,-999,0,-999,-999
13022003,20150626000000,43.222167,5.503167,212,1,14.9,27.7,22.2,33,76,51,1.7,-999,0,-999,-999
13022003,20150627000000,43.222167,5.503167,212,1,16.7,32.4,27,27,65,39,4.1,-999,0,-999,-999
13022003,20150628000000,43.222167,5.503167,212,1,18.2,28.8,24.5,31,64,49,2.1,-999,0,-999,-999
13022003,20150629000000,43.222167,5.503167,212,1,18.1,28,23.2,35,85,56,1.8,-999,0,-999,-999
13022003,20150630000000,43.222167,5.503167,212,1,16.5,27,22.6,50,93,76,1.8,-999,0,-999,-999
13022003,20150701000000,43.222167,5.503167,212,1,16.6,27.8,22.6,31,95,64,1.9,-999,0.2,-999,-999
13022003,20150702000000,43.222167,5.503167,212,1,16.9,31.1,24.6,24,90,50,1.5,-999,0,-999,-999
13022003,20150703000000,43.222167,5.503167,212,1,19.4,32.7,26.5,26,69,46,1.7,-999,0,-999,-999
13022003,20150704000000,43.222167,5.503167,212,1,20.8,33,27.7,25,67,40,1.9,-999,0,-999,-999
13022003,20150705000000,43.222167,5.503167,212,1,20.6,33,26.4,23,70,42,1.8,-999,0,-999,-999
13022003,20150706000000,43.222167,5.503167,212,1,18.8,32,25.8,27,82,55,1.7,-999,0,-999,-999
13022003,20150707000000,43.222167,5.503167,212,1,18.8,29.5,24.6,41,92,71,2.7,-999,0,-999,-999
13022003,20150708000000,43.222167,5.503167,212,1,19.9,33.5,26.7,23,92,44,6.6,-999,0,-999,-999
13022003,20150709000000,43.222167,5.503167,212,1,19.9,31.9,25.7,21,39,29,6,-999,0,-999,-999
13022003,20150710000000,43.222167,5.503167,212,1,20.7,30.7,24.4,31,81,53,2.4,-999,0,-999,-999
13022003,20150711000000,43.222167,5.503167,212,1,17.3,31.2,26.5,35,74,48,4.4,-999,0,-999,-999
13022003,20150712000000,43.222167,5.503167,212,1,21,33.6,27.1,24,65,44,3.8,-999,0,-999,-999
13022003,20150713000000,43.222167,5.503167,212,1,22.2,34.3,28.6,15,43,26,5.9,-999,0,-999,-999
13022003,20150714000000,43.222167,5.503167,212,1,19.2,34.1,26.9,25,56,37,2.4,-999,0,-999,-999
13022003,20150715000000,43.222167,5.503167,212,1,18,30.3,24.3,30,91,60,1.5,-999,0,-999,-999
13022003,20150716000000,43.222167,5.503167,212,1,18.4,28.5,23.8,53,94,74,1.9,-999,0.2,-999,-999
13022003,20150717000000,43.222167,5.503167,212,1,18.4,30.4,25.1,36,90,65,2,-999,0,-999,-999
13022003,20150718000000,43.222167,5.503167,212,1,20.8,33.2,26.3,25,69,46,1.6,-999,0,-999,-999
13022003,20150719000000,43.222167,5.503167,212,1,19,32,25.9,29,86,60,2.4,-999,0,-999,-999
13022003,20150720000000,43.222167,5.503167,212,1,23,34.5,28.5,27,77,46,3.5,-999,0,-999,-999
13022003,20150721000000,43.222167,5.503167,212,1,19.9,31.4,26.1,45,92,69,1.7,-999,0,-999,-999
13022003,20150722000000,43.222167,5.503167,212,1,20.4,31.3,26.5,29,94,66,2,-999,0,-999,-999
13022003,20150723000000,43.222167,5.503167,212,1,22.7,34.2,28.1,28,69,47,4.5,-999,0,-999,-999
13022003,20150724000000,43.222167,5.503167,212,1,21,30.7,25.9,44,90,68,1.9,-999,0,-999,-999
13022003,20150725000000,43.222167,5.503167,212,1,21.8,30.7,26.1,16,92,41,5.7,-999,0,-999,-999
13022003,20150726000000,43.222167,5.503167,212,1,18.9,29.7,23.2,19,87,41,4.2,-999,0,-999,-999
13022003,20150727000000,43.222167,5.503167,212,1,18.1,30.9,26.1,25,65,40,5.3,-999,0,-999,-999
13022003,20150728000000,43.222167,5.503167,212,1,19.3,28.8,23.7,24,74,44,5.6,-999,0.2,-999,-999
13022003,20150729000000,43.222167,5.503167,212,1,20.3,31.8,26.1,24,66,42,4.4,-999,0,-999,-999
13022003,20150730000000,43.222167,5.503167,212,1,20.5,29,23.6,22,53,34,5.2,-999,0,-999,-999
13022003,20150731000000,43.222167,5.503167,212,1,17.2,28,22.9,26,88,53,2.7,-999,0.2,-999,-999
13022003,20150801000000,43.222167,5.503167,212,1,19.2,27.8,23.1,30,87,59,2.2,-999,0,-999,-999
13022003,20150802000000,43.222167,5.503167,212,1,17.4,26.8,22.1,41,84,66,2.4,-999,0,-999,-999
13022003,20150803000000,43.222167,5.503167,212,1,17.4,30.1,23.5,32,94,65,2.1,-999,0.4,-999,-999
13022003,20150804000000,43.222167,5.503167,212,1,18.8,32.8,26.2,26,94,58,3.2,-999,0.2,-999,-999
13022003,20150805000000,43.222167,5.503167,212,1,21.1,31.2,25.8,39,81,60,2.2,-999,0,-999,-999
13022003,20150806000000,43.222167,5.503167,212,1,21.5,33.4,27.4,25,67,45,2.2,-999,0,-999,-999
13022003,20150807000000,43.222167,5.503167,212,1,21.9,34.4,28.4,20,60,36,2.7,-999,0,-999,-999
13022003,20150808000000,43.222167,5.503167,212,1,23.6,35.3,28.8,15,62,39,3.6,-999,0,-999,-999
13022003,20150809000000,43.222167,5.503167,212,1,19.3,28.5,23.2,39,85,59,5.5,-999,0,-999,-999
13022003,20150810000000,43.222167,5.503167,212,1,19.8,29.6,22.3,25,84,65,2.2,-999,0,-999,-999
13022003,20150811000000,43.222167,5.503167,212,1,17.3,31.5,25.2,26,83,47,2.4,-999,0,-999,-999
13022003,20150812000000,43.222167,5.503167,212,1,22.1,33.7,27.2,23,55,37,2.6,-999,0,-999,-999
13022003,20150813000000,43.222167,5.503167,212,1,18,29.7,23.9,29,92,62,1.4,-999,3.2,-999,-999
13022003,20150814000000,43.222167,5.503167,212,1,19.6,27.7,22.5,46,94,67,4.8,-999,0.2,-999,-999
13022003,20150815000000,43.222167,5.503167,212,1,16.8,27.1,21.7,29,78,50,4.7,-999,0,-999,-999
13022003,20150816000000,43.222167,5.503167,212,1,16.2,26.7,20.7,30,70,50,5,-999,0,-999,-999
13022003,20150817000000,43.222167,5.503167,212,1,16.2,27.7,21.7,28,76,48,4.1,-999,0,-999,-999
13022003,20150818000000,43.222167,5.503167,212,1,16.4,26.9,21.3,30,64,46,3.2,-999,0,-999,-999
13022003,20150819000000,43.222167,5.503167,212,1,18.1,29.2,23.2,17,51,33,5.1,-999,0,-999,-999
13022003,20150820000000,43.222167,5.503167,212,1,17.8,30.5,24.1,18,53,33,3.2,-999,0,-999,-999
13022003,20150821000000,43.222167,5.503167,212,1,17.9,29.3,22.8,23,93,49,2.1,-999,0,-999,-999
13022003,20150822000000,43.222167,5.503167,212,1,16.5,26.9,22.2,44,93,71,2.7,-999,0.6,-999,-999
13022003,20150823000000,43.222167,5.503167,212,1,19.1,25.9,22,49,87,72,3.8,-999,4.3,-999,-999
13022003,20150824000000,43.222167,5.503167,212,1,20.4,27.7,23.1,37,88,64,4.1,-999,0.4,-999,-999
13022003,20150825000000,43.222167,5.503167,212,1,16.3,26.8,20.7,21,77,47,3.9,-999,0,-999,-999
13022003,20150826000000,43.222167,5.503167,212,1,14.2,26.4,20.9,43,92,65,2.3,-999,0,-999,-999
13022003,20150827000000,43.222167,5.503167,212,1,13.3,25.9,20,33,93,68,1.7,-999,0,-999,-999
13022003,20150828000000,43.222167,5.503167,212,1,15.5,28.1,21.7,29,87,63,1.4,-999,0,-999,-999
13022003,20150829000000,43.222167,5.503167,212,1,15.4,29.6,22.6,32,87,57,1.9,-999,0,-999,-999
13022003,20150830000000,43.222167,5.503167,212,1,15.3,29,22.3,38,93,62,1.5,-999,0,-999,-999
13022003,20150831000000,43.222167,5.503167,212,1,17.1,31.2,24.3,23,80,46,2.3,-999,1.4,-999,-999
13022003,20150901000000,43.222167,5.503167,212,1,18.5,29.9,23.7,36,86,59,3.3,-999,1.6,-999,-999
13022003,20150902000000,43.222167,5.503167,212,1,17,27.9,21.8,30,74,55,4,-999,0,-999,-999
13022003,20150903000000,43.222167,5.503167,212,1,17.4,28.7,22.3,23,63,41,3.2,-999,0,-999,-999
13022003,20150904000000,43.222167,5.503167,212,1,18.7,24.6,21.1,26,64,43,3,-999,0,-999,-999
13022003,20150905000000,43.222167,5.503167,212,1,14.5,23.4,18.7,23,53,36,6,-999,0,-999,-999
13022003,20150906000000,43.222167,5.503167,212,1,13.1,26.7,19.7,25,60,39,4.4,-999,0,-999,-999
13022003,20150907000000,43.222167,5.503167,212,1,14.2,26.1,19.9,23,59,41,2.7,-999,0,-999,-999
13022003,20150908000000,43.222167,5.503167,212,1,12.5,25.5,19.4,33,64,52,2.7,-999,0,-999,-999
13022003,20150909000000,43.222167,5.503167,212,1,16.1,26.3,20,28,72,48,2.4,-999,0,-999,-999
13022003,20150910000000,43.222167,5.503167,212,1,13.2,25.2,20.1,23,91,57,2.5,-999,0,-999,-999
13022003,20150911000000,43.222167,5.503167,212,1,14.8,24.1,20,45,93,72,3.1,-999,1.4,-999,-999
13022003,20150912000000,43.222167,5.503167,212,1,17.7,25.9,21.9,45,89,59,4.5,-999,47.9,-999,-999
13022003,20150913000000,43.222167,5.503167,212,1,14.5,22.9,20.6,53,93,78,4.3,-999,0,-999,-999
13022003,20150914000000,43.222167,5.503167,212,1,19.3,27.3,22.2,31,94,62,3.2,-999,0,-999,-999
13022003,20150915000000,43.222167,5.503167,212,1,12.8,24,19.9,38,85,66,3.4,-999,0.2,-999,-999
13022003,20150916000000,43.222167,5.503167,212,1,19.9,24.5,22.1,74,93,85,6.2,-999,0,-999,-999
13022003,20150917000000,43.222167,5.503167,212,1,19.3,26.2,21.1,34,93,70,3.9,-999,0.4,-999,-999
13022003,20150918000000,43.222167,5.503167,212,1,13.7,24.8,19.7,29,75,50,4.4,-999,0,-999,-999
13022003,20150919000000,43.222167,5.503167,212,1,14.8,24.2,19,31,64,46,5.8,-999,0,-999,-999
13022003,20150920000000,43.222167,5.503167,212,1,13.2,26.8,18.9,27,73,52,5,-999,0,-999,-999
13022003,20150921000000,43.222167,5.503167,212,1,11.7,24.7,17.9,34,90,63,3.4,-999,0,-999,-999
13022003,20150922000000,43.222167,5.503167,212,1,12.9,23.9,18.2,39,86,61,3.9,-999,0,-999,-999
13022003,20150923000000,43.222167,5.503167,212,1,13.4,19.8,16.1,32,65,49,7.8,-999,0,-999,-999
13022003,20150924000000,43.222167,5.503167,212,1,11.7,25,17.6,23,62,43,4.5,-999,0,-999,-999
13022003,20150925000000,43.222167,5.503167,212,1,14.1,27,20,18,51,37,3.5,-999,0,-999,-999
13022003,20150926000000,43.222167,5.503167,212,1,14.2,24.2,18.3,27,77,51,1.8,-999,0,-999,-999
13022003,20150927000000,43.222167,5.503167,212,1,12.1,24.7,18.3,37,87,61,1.5,-999,0,-999,-999
13022003,20150928000000,43.222167,5.503167,212,1,14.4,23.4,17.6,48,90,75,1.7,-999,4.8,-999,-999
13022003,20150929000000,43.222167,5.503167,212,1,13.3,21.7,17,34,88,52,3.6,-999,0,-999,-999
13022003,20150930000000,43.222167,5.503167,212,1,15.9,21.2,17.8,29,53,41,3.8,-999,0,-999,-999
13022003,20151001000000,43.222167,5.503167,212,1,11.8,22.3,16.6,30,84,56,2.1,-999,0,-999,-999
13022003,20151002000000,43.222167,5.503167,212,1,12.4,19,15.2,55,92,73,2.1,-999,0,-999,-999
13022003,20151003000000,43.222167,5.503167,212,1,11.4,18.8,16.3,76,94,87,4,-999,12.7,-999,-999
13022003,20151004000000,43.222167,5.503167,212,1,10.4,22.4,16.8,41,94,69,1.6,-999,0,-999,-999
13022003,20151005000000,43.222167,5.503167,212,1,14.3,23.2,19.2,66,93,80,2.2,-999,0,-999,-999
13022003,20151006000000,43.222167,5.503167,212,1,17.9,24.2,19.8,58,90,77,2.5,-999,11.2,-999,-999
13022003,20151007000000,43.222167,5.503167,212,1,14.7,20.8,16.9,38,83,55,7.3,-999,0,-999,-999
13022003,20151008000000,43.222167,5.503167,212,1,12.5,22.6,16.7,47,87,63,2.9,-999,0,-999,-999
13022003,20151009000000,43.222167,5.503167,212,1,11.9,21.5,16.6,63,92,79,2,-999,0,-999,-999
13022003,20151010000000,43.222167,5.503167,212,1,11.6,23.9,17.5,41,86,63,3.1,-999,0.2,-999,-999
13022003,20151011000000,43.222167,5.503167,212,1,11.2,24.5,16.1,23,91,65,2,-999,0,-999,-999
13022003,20151012000000,43.222167,5.503167,212,1,10.1,19.3,16.7,56,91,81,2.3,-999,18.3,-999,-999
13022003,20151013000000,43.222167,5.503167,212,1,14.8,19.2,16,66,92,82,2.7,-999,0,-999,-999
13022003,20151014000000,43.222167,5.503167,212,1,8.1,16,10.1,39,72,57,6.5,-999,0,-999,-999
13022003,20151015000000,43.222167,5.503167,212,1,4.7,15.1,9.2,40,69,56,6,-999,0,-999,-999
13022003,20151016000000,43.222167,5.503167,212,1,4.1,14.5,9.3,45,78,58,3.8,-999,0,-999,-999
13022003,20151017000000,43.222167,5.503167,212,1,3.1,15.6,10.9,35,87,67,1.5,-999,0.4,-999,-999
13022003,20151018000000,43.222167,5.503167,212,1,9.8,17.7,14.8,70,92,85,1.7,-999,2.4,-999,-999
13022003,20151019000000,43.222167,5.503167,212,1,12.9,20.9,15,55,94,83,1.7,-999,0,-999,-999
13022003,20151020000000,43.222167,5.503167,212,1,9.8,18.4,14.2,61,94,79,2.6,-999,0.2,-999,-999
13022003,20151021000000,43.222167,5.503167,212,1,10.4,18.1,12.9,47,82,63,3.8,-999,0,-999,-999
13022003,20151022000000,43.222167,5.503167,212,1,8,18.1,12.8,39,73,56,4.8,-999,0,-999,-999
13022003,20151023000000,43.222167,5.503167,212,1,10.7,19.8,14.1,37,94,67,2.2,-999,0,-999,-999
13022003,20151024000000,43.222167,5.503167,212,1,7.3,19.5,13.4,43,94,77,1.1,-999,0,-999,-999
13022003,20151025000000,43.222167,5.503167,212,1,11,19.3,15.3,43,94,72,1.8,-999,0.2,-999,-999
13022003,20151026000000,43.222167,5.503167,212,1,11.3,20.7,16.4,45,86,69,3.6,-999,0,-999,-999
13022003,20151027000000,43.222167,5.503167,212,1,15.5,19.2,16.6,56,79,68,5,-999,0,-999,-999
13022003,20151028000000,43.222167,5.503167,212,1,11.6,18.6,14.5,70,94,83,3.2,-999,16.3,-999,-999
13022003,20151029000000,43.222167,5.503167,212,1,10.6,19,13.5,46,91,67,3.8,-999,0,-999,-999
13022003,20151030000000,43.222167,5.503167,212,1,8.5,20.2,14.3,48,92,73,2,-999,0,-999,-999
13022003,20151031000000,43.222167,5.503167,212,1,9.9,22,15,27,89,63,2,-999,0,-999,-999
13022003,20151101000000,43.222167,5.503167,212,1,10.3,21.4,15,27,83,54,2.7,-999,0,-999,-999
13022003,20151102000000,43.222167,5.503167,212,1,10.3,19.9,16.1,32,66,47,5.2,-999,5.8,-999,-999
13022003,20151103000000,43.222167,5.503167,212,1,13.1,18.5,15.1,44,88,74,5.1,-999,11.5,-999,-999
13022003,20151104000000,43.222167,5.503167,212,1,13.7,18,15.1,75,94,85,1.6,-999,0.8,-999,-999
13022003,20151105000000,43.222167,5.503167,212,1,10.3,19.3,13.9,66,95,87,1.5,-999,0.2,-999,-999
13022003,20151106000000,43.222167,5.503167,212,1,10.4,20.9,14.8,58,95,84,2,-999,0.2,-999,-999
13022003,20151107000000,43.222167,5.503167,212,1,9.9,18.9,14.1,70,95,89,1,-999,0.4,-999,-999
13022003,20151108000000,43.222167,5.503167,212,1,9.1,17.9,12.6,70,95,91,1,-999,0.4,-999,-999
13022003,20151109000000,43.222167,5.503167,212,1,9.5,20,15.9,53,95,76,2.8,-999,0,-999,-999
13022003,20151110000000,43.222167,5.503167,212,1,9.6,19.4,13.6,61,95,85,1.1,-999,0.4,-999,-999
13022003,20151111000000,43.222167,5.503167,212,1,9.4,19.3,13.6,61,95,87,1,-999,0.2,-999,-999
13022003,20151112000000,43.222167,5.503167,212,1,11.5,19,14.3,57,95,83,1.8,-999,0.2,-999,-999
13022003,20151113000000,43.222167,5.503167,212,1,11.7,18.7,14.4,54,91,75,2.9,-999,0,-999,-999
13022003,20151114000000,43.222167,5.503167,212,1,9.3,19.8,14.3,35,86,55,3.1,-999,0,-999,-999
13022003,20151115000000,43.222167,5.503167,212,1,9.2,18.6,13.2,-999,-999,60,1.5,-999,0.2,-999,-999
13022003,20151116000000,43.222167,5.503167,212,1,7.8,18.5,12.2,67,-999,87,0.9,-999,0.4,-999,-999
13022003,20151117000000,43.222167,5.503167,212,1,8.9,19.8,15.1,34,97,69,3.2,-999,0,-999,-999
13022003,20151118000000,43.222167,5.503167,212,1,14.7,21.9,16.9,32,68,51,4.9,-999,0,-999,-999
13022003,20151120000000,43.222167,5.503167,212,1,14,19.1,-999,49,-999,-999,-999,-999,5,-999,-999
13022003,20151121000000,43.222167,5.503167,212,1,4.5,12.7,8.5,40,97,-999,-999,-999,2.4,-999,-999
13022003,20151122000000,43.222167,5.503167,212,1,4,9.5,-999,-999,-999,-999,-999,-999,0,-999,-999
13022003,20151123000000,43.222167,5.503167,212,1,2,9.9,-999,-999,-999,-999,-999,-999,0,-999,-999
13022003,20151124000000,43.222167,5.503167,212,1,3,14,-999,19,80,-999,-999,-999,0.2,-999,-999
13022003,20151127000000,43.222167,5.503167,212,1,4.6,12.8,6.7,26,65,46,5.1,-999,0,-999,-999
13022003,20151128000000,43.222167,5.503167,212,1,2.2,13.3,8,31,63,49,8.8,-999,0,-999,-999
13022003,20151129000000,43.222167,5.503167,212,1,5.8,13,9.7,41,64,50,7.2,-999,0,-999,-999
13022003,20151130000000,43.222167,5.503167,212,1,9.1,16.9,12.2,35,64,51,5.7,-999,0,-999,-999
13022003,20151201000000,43.222167,5.503167,212,1,9.9,17.2,11.2,35,83,55,4.4,-999,0,-999,-999
13022003,20151202000000,43.222167,5.503167,212,1,4,15.3,10.3,65,95,81,1.5,-999,0,-999,-999
13022003,20151203000000,43.222167,5.503167,212,1,8.7,13.7,11.6,59,88,71,1.5,-999,0,-999,-999
13022003,20151204000000,43.222167,5.503167,212,1,8,16.5,12,57,83,71,2,-999,0.6,-999,-999
13022003,20151205000000,43.222167,5.503167,212,1,8.7,12.7,11.2,76,93,90,0.8,-999,5.4,-999,-999
13022003,20151206000000,43.222167,5.503167,212,1,10.4,14.2,12.1,75,94,87,1.8,-999,0,-999,-999
13022003,20151207000000,43.222167,5.503167,212,1,10,15.4,12,66,91,82,2.3,-999,1.6,-999,-999
13022003,20151208000000,43.222167,5.503167,212,1,9.8,15.9,12.1,65,94,84,1.3,-999,0.2,-999,-999
13022003,20151209000000,43.222167,5.503167,212,1,9,15.4,11.5,47,94,68,3.9,-999,0.2,-999,-999
13022003,20151210000000,43.222167,5.503167,212,1,6.1,16.7,10.3,46,89,69,2.3,-999,0.2,-999,-999
13022003,20151211000000,43.222167,5.503167,212,1,4.9,15.1,9.2,54,95,81,2.6,-999,0.2,-999,-999
13022003,20151212000000,43.222167,5.503167,212,1,5.9,16,9.4,34,79,62,2.7,-999,0,-999,-999
13022003,20151213000000,43.222167,5.503167,212,1,6.7,12.6,11.3,69,92,86,1.5,-999,1.2,-999,-999
13022003,20151214000000,43.222167,5.503167,212,1,9.4,14,11.3,67,91,81,2.4,-999,0,-999,-999
13022003,20151215000000,43.222167,5.503167,212,1,7.2,15.6,11.5,68,94,86,1.5,-999,0.2,-999,-999
13022003,20151216000000,43.222167,5.503167,212,1,7.5,20.7,11.8,37,95,81,1.9,-999,0.2,-999,-999
13022003,20151217000000,43.222167,5.503167,212,1,7.6,15.4,11.8,71,95,88,1.4,-999,0,-999,-999
13022003,20151218000000,43.222167,5.503167,212,1,9.6,15.3,11.3,73,94,90,0.8,-999,0.2,-999,-999
13022003,20151219000000,43.222167,5.503167,212,1,7.7,14.2,11.9,74,95,83,2,-999,0,-999,-999
13022003,20151220000000,43.222167,5.503167,212,1,12.3,15.4,12.7,74,93,84,2.3,-999,0.8,-999,-999
13022003,20151221000000,43.222167,5.503167,212,1,8.7,15.5,11.9,73,95,89,1.4,-999,1,-999,-999
13022003,20151222000000,43.222167,5.503167,212,1,8.2,15.3,12.5,75,95,91,2.4,-999,2.2,-999,-999
13022003,20151223000000,43.222167,5.503167,212,1,11.3,14.5,12.8,90,95,93,2,-999,4.5,-999,-999
13022003,20151224000000,43.222167,5.503167,212,1,10.9,14.2,12.8,83,95,89,2.3,-999,0,-999,-999
13022003,20151225000000,43.222167,5.503167,212,1,9.6,16.1,11.9,71,95,90,1.3,-999,0.2,-999,-999
13022003,20151226000000,43.222167,5.503167,212,1,7.3,15.9,10.3,62,95,88,1.2,-999,0.4,-999,-999
13022003,20151227000000,43.222167,5.503167,212,1,7.1,14.9,10.4,71,95,89,1.2,-999,0,-999,-999
13022003,20151228000000,43.222167,5.503167,212,1,8,12.5,11,69,94,81,2.1,-999,0,-999,-999
13022003,20151229000000,43.222167,5.503167,212,1,7.8,14.3,11.3,74,91,82,2.1,-999,0.2,-999,-999
13022003,20151230000000,43.222167,5.503167,212,1,4.7,15.1,10.6,59,93,79,3.1,-999,0,-999,-999
13022003,20151231000000,43.222167,5.503167,212,1,9.1,12.4,10.5,62,89,75,1.6,-999,0,-999,-999
13022003,20160101000000,43.222167,5.503167,212,1,6.4,14,10.5,60,93,80,2.5,-999,2,-999,-999
13022003,20160102000000,43.222167,5.503167,212,1,9.1,13.1,10.5,66,94,84,4,-999,5.8,-999,-999
13022003,20160103000000,43.222167,5.503167,212,1,6.3,10.5,8,52,90,71,3.3,-999,0.4,-999,-999
13022003,20160104000000,43.222167,5.503167,212,1,7.2,13.1,9.9,62,92,81,2.4,-999,3.8,-999,-999
13022003,20160105000000,43.222167,5.503167,212,1,7.7,12.9,8.9,50,93,74,3.3,-999,0.2,-999,-999
13022003,20160106000000,43.222167,5.503167,212,1,5.2,10.8,7.6,59,85,72,3.9,-999,0.8,-999,-999
13022003,20160107000000,43.222167,5.503167,212,1,6.4,14.8,10.7,45,91,75,2.9,-999,0.2,-999,-999
13022003,20160108000000,43.222167,5.503167,212,1,8.8,18.9,12.6,39,92,66,1.5,-999,0,-999,-999
13022003,20160109000000,43.222167,5.503167,212,1,9.3,13.4,12.2,87,94,91,1.9,-999,0.2,-999,-999
13022003,20160110000000,43.222167,5.503167,212,1,6.4,17.3,11.4,55,95,87,1.7,-999,0.2,-999,-999
13022003,20160111000000,43.222167,5.503167,212,1,9.6,15.4,11.5,55,92,74,4,-999,3,-999,-999
13022003,20160112000000,43.222167,5.503167,212,1,7.7,12.8,9.4,50,72,62,5.1,-999,0,-999,-999
13022003,20160113000000,43.222167,5.503167,212,1,4.8,-999,6.9,33,64,47,4.6,-999,-999,-999,-999
13022003,20160114000000,43.222167,5.503167,212,1,5.6,12.7,8.8,40,90,72,3.4,-999,2,-999,-999
13022003,20160115000000,43.222167,5.503167,212,1,4,8.5,5.1,30,70,52,7.2,-999,0,-999,-999
13022003,20160116000000,43.222167,5.503167,212,1,1.6,7.4,3.8,41,62,52,7.9,-999,0,-999,-999
13022003,20160117000000,43.222167,5.503167,212,1,1.3,7.7,3.5,35,61,50,7.2,-999,0,-999,-999
13022003,20160118000000,43.222167,5.503167,212,1,1.5,7.4,4.3,43,84,64,3.2,-999,1.8,-999,-999
13022003,20160119000000,43.222167,5.503167,212,1,2.7,10.3,6,51,91,71,2.5,-999,0,-999,-999
13022003,20160120000000,43.222167,5.503167,212,1,5.7,13.5,7.3,53,92,82,1.6,-999,0.2,-999,-999
13022003,20160121000000,43.222167,5.503167,212,1,0.9,11.8,6,44,92,73,2.1,-999,0.2,-999,-999
13022003,20160122000000,43.222167,5.503167,212,1,3.2,11.9,7.8,58,91,79,1.6,-999,0,-999,-999
13022003,20160123000000,43.222167,5.503167,212,1,6.6,14.6,9.1,56,94,80,1.6,-999,0.2,-999,-999
13022003,20160124000000,43.222167,5.503167,212,1,2.8,13.5,7.9,61,95,85,0.9,-999,0.2,-999,-999
13022003,20160125000000,43.222167,5.503167,212,1,4.3,11.7,9.9,70,91,80,1.4,-999,0,-999,-999
13022003,20160126000000,43.222167,5.503167,212,1,9.4,13.5,11.4,68,92,81,1,-999,0,-999,-999
13022003,20160127000000,43.222167,5.503167,212,1,10.4,13.2,11.6,74,94,84,1.6,-999,0,-999,-999
13022003,20160128000000,43.222167,5.503167,212,1,11.2,13.3,12.1,83,98,92,2.8,-999,0,-999,-999
13022003,20160129000000,43.222167,5.503167,212,1,7.9,16.1,11,62,99,86,1.6,-999,0,-999,-999
13022003,20160130000000,43.222167,5.503167,212,1,5.9,16.7,9.9,49,99,82,1.6,-999,0,-999,-999
13022003,20160131000000,43.222167,5.503167,212,1,7.8,14.9,12.5,66,88,77,6.2,-999,0,-999,-999
13022003,20160201000000,43.222167,5.503167,212,1,11.9,19.8,13.5,44,99,69,4.9,-999,0,-999,-999
13022003,20160202000000,43.222167,5.503167,212,1,7.3,16.2,11.3,63,99,83,1.6,-999,0,-999,-999
13022003,20160203000000,43.222167,5.503167,212,1,7.8,16.2,10.5,37,77,58,6.5,-999,0,-999,-999
13022003,20160204000000,43.222167,5.503167,212,1,5.3,11.7,8.4,34,65,53,7.4,-999,0,-999,-999
13022003,20160205000000,43.222167,5.503167,212,1,7,16.8,11,42,96,70,3.8,-999,0,-999,-999
13022003,20160206000000,43.222167,5.503167,212,1,6.7,13.5,11.3,65,87,81,5.1,-999,0.2,-999,-999
13022003,20160207000000,43.222167,5.503167,212,1,8,12.2,9.9,49,99,80,7.3,-999,15,-999,-999
13022003,20160208000000,43.222167,5.503167,212,1,5.7,15.9,11.2,51,80,66,3.4,-999,0,-999,-999
13022003,20160209000000,43.222167,5.503167,212,1,5.9,12.8,10.1,56,99,88,3.5,-999,5.5,-999,-999
13022003,20160210000000,43.222167,5.503167,212,1,6.2,10.5,7.3,48,83,65,4.4,-999,0,-999,-999
13022003,20160211000000,43.222167,5.503167,212,1,3.8,12.3,7.8,35,87,63,2.6,-999,0,-999,-999
13022003,20160212000000,43.222167,5.503167,212,1,3.4,11.7,8.1,70,99,86,2.4,-999,10.3,-999,-999
13022003,20160213000000,43.222167,5.503167,212,1,6.8,15.8,10.4,64,96,82,2.4,-999,2.8,-999,-999
13022003,20160214000000,43.222167,5.503167,212,1,8,14.6,10.2,47,96,74,4.3,-999,0,-999,-999
13022003,20160215000000,43.222167,5.503167,212,1,4.5,13.4,7.3,45,82,61,4.4,-999,0,-999,-999
13022003,20160216000000,43.222167,5.503167,212,1,3.4,11.6,6.9,43,75,59,4.9,-999,0,-999,-999
13022003,20160217000000,43.222167,5.503167,212,1,2.3,10.3,5.4,46,94,71,3.2,-999,0,-999,-999
13022003,20160218000000,43.222167,5.503167,212,1,0.8,12.5,7.6,55,86,71,2.5,-999,0,-999,-999
13022003,20160219000000,43.222167,5.503167,212,1,4,10.7,7.1,28,77,50,6.7,-999,0,-999,-999
13022003,20160220000000,43.222167,5.503167,212,1,3.6,13.6,8.9,41,82,57,5.4,-999,0,-999,-999
13022003,20160221000000,43.222167,5.503167,212,1,8.1,20,12,44,95,67,2.9,-999,0,-999,-999
13022003,20160222000000,43.222167,5.503167,212,1,6.1,14.1,11.2,68,96,86,1.9,-999,1.8,-999,-999
13022003,20160223000000,43.222167,5.503167,212,1,8.4,17.2,11.8,44,88,68,5.2,-999,0,-999,-999
13022003,20160224000000,43.222167,5.503167,212,1,7.6,16.1,10.9,45,99,69,3.4,-999,0,-999,-999
13022003,20160225000000,43.222167,5.503167,212,1,5.8,16.1,10.8,51,98,73,3.6,-999,0.2,-999,-999
13022003,20160226000000,43.222167,5.503167,212,1,4.5,12,8.2,38,81,58,3.1,-999,0.2,-999,-999
13022003,20160227000000,43.222167,5.503167,212,1,7.2,10.5,-999,74,-999,-999,-999,-999,-999,-999,-999
13022003,20160228000000,43.222167,5.503167,212,1,5,11,-999,60,95,-999,-999,-999,5,-999,-999
13022003,20160229000000,43.222167,5.503167,212,1,4.9,11.5,6.8,55,83,69,6.3,-999,0,-999,-999
13022003,20160301000000,43.222167,5.503167,212,1,4.7,12.3,8.5,18,72,47,8.1,-999,0,-999,-999
13022003,20160302000000,43.222167,5.503167,212,1,7.8,14.9,10.4,49,77,61,6.2,-999,0,-999,-999
13022003,20160303000000,43.222167,5.503167,212,1,5.5,13.9,9,34,73,52,6.7,-999,0,-999,-999
13022003,20160304000000,43.222167,5.503167,212,1,5.7,13.1,10,47,95,72,4.6,-999,7.2,-999,-999
13022003,20160305000000,43.222167,5.503167,212,1,6.1,12.6,8.7,52,96,75,4.5,-999,2.5,-999,-999
13022003,20160306000000,43.222167,5.503167,212,1,3.6,11.2,6.6,34,76,52,6.2,-999,0,-999,-999
13022003,20160307000000,43.222167,5.503167,212,1,2.3,12.9,7.1,27,75,54,4.6,-999,0,-999,-999
13022003,20160308000000,43.222167,5.503167,212,1,1.7,10.2,5.4,38,68,51,7.4,-999,0,-999,-999
13022003,20160309000000,43.222167,5.503167,212,1,0.3,11.6,6.3,24,73,52,3.1,-999,0,-999,-999
13022003,20160310000000,43.222167,5.503167,212,1,5.1,16.4,9.3,28,73,51,2.8,-999,0,-999,-999
13022003,20160311000000,43.222167,5.503167,212,1,4.7,14.7,9.2,35,77,57,2.6,-999,0,-999,-999
13022003,20160312000000,43.222167,5.503167,212,1,5.8,16.3,10.6,34,76,55,4.4,-999,0,-999,-999
13022003,20160313000000,43.222167,5.503167,212,1,5.5,16.7,10.5,39,94,65,3.3,-999,2.8,-999,-999
13022003,20160314000000,43.222167,5.503167,212,1,5.4,15.4,9.3,43,93,76,2.4,-999,0.6,-999,-999
13022003,20160315000000,43.222167,5.503167,212,1,4.2,16.1,10.6,39,87,62,3.5,-999,2.6,-999,-999
13022003,20160316000000,43.222167,5.503167,212,1,6.3,8.5,7.6,52,95,82,3.7,-999,5.4,-999,-999
13022003,20160317000000,43.222167,5.503167,212,1,6.7,14.5,10.3,50,88,65,3.6,-999,0,-999,-999
13022003,20160318000000,43.222167,5.503167,212,1,6.9,14.9,10.4,49,99,72,2,-999,0.2,-999,-999
13022003,20160319000000,43.222167,5.503167,212,1,4.8,14.9,9.4,62,99,86,1.5,-999,0.2,-999,-999
13022003,20160320000000,43.222167,5.503167,212,1,5.3,14.9,10.5,54,98,80,2.1,-999,0,-999,-999
13022003,20160321000000,43.222167,5.503167,212,1,8.3,16.7,12,44,85,68,2.1,-999,0,-999,-999
13022003,20160322000000,43.222167,5.503167,212,1,7.4,20.4,13,40,85,58,3.4,-999,0,-999,-999
13022003,20160323000000,43.222167,5.503167,212,1,6.3,18.4,10.4,32,93,61,4.1,-999,0,-999,-999
13022003,20160324000000,43.222167,5.503167,212,1,5.2,18.1,12.1,31,84,45,3.1,-999,0,-999,-999
13022003,20160325000000,43.222167,5.503167,212,1,7,17,11.4,38,63,54,5.3,-999,0,-999,-999
13022003,20160326000000,43.222167,5.503167,212,1,7.3,15.4,10.6,44,98,72,2.8,-999,0,-999,-999
13022003,20160327000000,43.222167,5.503167,212,1,5.5,12.9,10.4,79,96,89,3.1,-999,1.2,-999,-999
13022003,20160328000000,43.222167,5.503167,212,1,5.5,15.2,10.9,47,96,80,2.2,-999,0,-999,-999
13022003,20160329000000,43.222167,5.503167,212,1,7.7,18.5,12.5,37,98,74,2,-999,0,-999,-999
13022003,20160330000000,43.222167,5.503167,212,1,9.5,18.5,14,55,94,75,3.5,-999,0,-999,-999
13022003,20160331000000,43.222167,5.503167,212,1,12.6,21.1,16.8,39,90,58,4.9,-999,0.2,-999,-999
13022003,20160401000000,43.222167,5.503167,212,1,10.3,14.7,12.2,76,98,88,2.3,-999,4.9,-999,-999
13022003,20160402000000,43.222167,5.503167,212,1,10.8,19.4,15.5,41,97,71,3.9,-999,0.4,-999,-999
13022003,20160403000000,43.222167,5.503167,212,1,13.5,14.9,13.9,70,99,84,4,-999,2.8,-999,-999
13022003,20160404000000,43.222167,5.503167,212,1,11.3,16,13.8,71,98,83,4.6,-999,0.8,-999,-999
13022003,20160405000000,43.222167,5.503167,212,1,12.9,20,15.2,55,92,80,3.1,-999,0,-999,-999
13022003,20160406000000,43.222167,5.503167,212,1,12,22.2,16.6,47,92,65,3.9,-999,0,-999,-999
13022003,20160407000000,43.222167,5.503167,212,1,10.5,20.4,14.5,34,67,48,7.6,-999,0,-999,-999
13022003,20160408000000,43.222167,5.503167,212,1,7.4,15.9,10.4,37,71,52,7.7,-999,1,-999,-999
13022003,20160409000000,43.222167,5.503167,212,1,6.5,17.7,11.7,34,89,56,4.4,-999,0,-999,-999
13022003,20160410000000,43.222167,5.503167,212,1,9.1,19.3,13.3,31,89,60,2.9,-999,0,-999,-999
13022003,20160411000000,43.222167,5.503167,212,1,8.4,17.4,13.7,41,91,66,4.4,-999,0,-999,-999
13022003,20160412000000,43.222167,5.503167,212,1,10.2,17.3,13.5,54,95,79,2.8,-999,0,-999,-999
13022003,20160413000000,43.222167,5.503167,212,1,9.1,16.9,13.4,50,92,77,3,-999,0,-999,-999
13022003,20160414000000,43.222167,5.503167,212,1,11,21.5,14.4,24,89,53,3.1,-999,0,-999,-999
13022003,20160415000000,43.222167,5.503167,212,1,7.3,16.7,13.6,56,96,77,3.3,-999,0,-999,-999
13022003,20160416000000,43.222167,5.503167,212,1,12.3,19.8,15.9,54,88,70,4.1,-999,0,-999,-999
13022003,20160417000000,43.222167,5.503167,212,1,14,19,15.1,66,93,81,3,-999,0,-999,-999
13022003,20160418000000,43.222167,5.503167,212,1,11.1,19.4,13.7,29,73,48,5.4,-999,0,-999,-999
13022003,20160419000000,43.222167,5.503167,212,1,7.2,19.9,13.8,22,64,39,3.2,-999,0,-999,-999
13022003,20160420000000,43.222167,5.503167,212,1,9.8,21.8,17.3,32,57,43,2.4,-999,0,-999,-999
13022003,20160421000000,43.222167,5.503167,212,1,11.6,19.3,14.7,38,96,70,2.9,-999,3,-999,-999
13022003,20160422000000,43.222167,5.503167,212,1,8.3,20.5,14.5,53,98,75,2.7,-999,0,-999,-999
13022003,20160423000000,43.222167,5.503167,212,1,10.9,21.4,15.6,40,93,64,4.9,-999,0,-999,-999
13022003,20160424000000,43.222167,5.503167,212,1,7.6,14.8,10.5,30,71,46,10,-999,0,-999,-999
13022003,20160425000000,43.222167,5.503167,212,1,5.9,15.9,11.1,23,65,41,6.6,-999,0,-999,-999
13022003,20160426000000,43.222167,5.503167,212,1,8.3,17.3,13,39,69,52,4.4,-999,0,-999,-999
13022003,20160427000000,43.222167,5.503167,212,1,8.4,17.3,12.5,23,83,51,4.1,-999,0,-999,-999
13022003,20160428000000,43.222167,5.503167,212,1,8.5,19.1,13.2,22,89,45,3.2,-999,0,-999,-999
13022003,20160429000000,43.222167,5.503167,212,1,6,19.8,12.1,26,85,49,2.2,-999,0,-999,-999
13022003,20160430000000,43.222167,5.503167,212,1,4.2,15.3,10.3,50,91,71,3.5,-999,1.4,-999,-999
13022003,20160501000000,43.222167,5.503167,212,1,6.3,15.4,9.3,41,76,62,7.9,-999,0,-999,-999
13022003,20160502000000,43.222167,5.503167,212,1,7.1,23.8,15.6,25,67,44,4.3,-999,0,-999,-999
13022003,20160503000000,43.222167,5.503167,212,1,11.2,23.4,17.2,27,64,44,7.4,-999,0,-999,-999
13022003,20160504000000,43.222167,5.503167,212,1,11.9,22,16.2,23,50,35,3.3,-999,0,-999,-999
13022003,20160505000000,43.222167,5.503167,212,1,6.5,21.5,15.2,24,65,49,2.6,-999,0,-999,-999
13022003,20160506000000,43.222167,5.503167,212,1,10.4,21.9,16.4,35,73,53,3.6,-999,0,-999,-999
13022003,20160507000000,43.222167,5.503167,212,1,11.2,20.9,16.3,38,73,54,3.3,-999,0,-999,-999
13022003,20160508000000,43.222167,5.503167,212,1,11.7,19.2,15.1,49,95,74,5,-999,4.2,-999,-999
13022003,20160509000000,43.222167,5.503167,212,1,13.1,20.9,17.4,48,93,64,5.8,-999,0.6,-999,-999
13022003,20160510000000,43.222167,5.503167,212,1,15.1,21.8,17.3,60,93,75,4.2,-999,25.4,-999,-999
13022003,20160511000000,43.222167,5.503167,212,1,13.7,15.2,13.9,87,99,96,2.3,-999,0.2,-999,-999
13022003,20160512000000,43.222167,5.503167,212,1,10.9,20.5,15.4,40,96,70,3.4,-999,0,-999,-999
13022003,20160513000000,43.222167,5.503167,212,1,12.6,18.6,15.2,58,90,73,5.2,-999,0.2,-999,-999
13022003,20160514000000,43.222167,5.503167,212,1,13.9,-999,18.2,39,79,57,7.2,-999,-999,-999,-999
13022003,20160515000000,43.222167,5.503167,212,1,11.6,20.9,15.6,22,69,44,7.9,-999,0,-999,-999
13022003,20160516000000,43.222167,5.503167,212,1,9.5,22,16.3,23,52,38,5.3,-999,0,-999,-999
13022003,20160517000000,43.222167,5.503167,212,1,11.8,22.1,15.9,34,78,49,3.1,-999,0,-999,-999
13022003,20160518000000,43.222167,5.503167,212,1,8.1,20.3,15.2,42,97,70,1.7,-999,0.2,-999,-999
13022003,20160519000000,43.222167,5.503167,212,1,12.5,21.5,16.6,30,97,51,6.7,-999,0,-999,-999
13022003,20160520000000,43.222167,5.503167,212,1,11.6,25.4,17.5,18,91,50,3.2,-999,0,-999,-999
13022003,20160521000000,43.222167,5.503167,212,1,9.3,21.8,16.1,43,97,73,1.5,-999,0.2,-999,-999
13022003,20160522000000,43.222167,5.503167,212,1,9.7,22.3,16.2,33,99,70,3.5,-999,5,-999,-999
13022003,20160523000000,43.222167,5.503167,212,1,9.6,20.2,15.1,29,88,53,5.9,-999,0,-999,-999
13022003,20160524000000,43.222167,5.503167,212,1,10.6,21.8,15.3,40,95,62,4.9,-999,0.2,-999,-999
13022003,20160525000000,43.222167,5.503167,212,1,9.6,20.4,14.8,47,98,78,2,-999,0,-999,-999
13022003,20160526000000,43.222167,5.503167,212,1,10.7,23,17.9,42,90,64,1.8,-999,0,-999,-999
13022003,20160527000000,43.222167,5.503167,212,1,13.3,25.4,18.9,31,81,53,1.7,-999,0,-999,-999
13022003,20160528000000,43.222167,5.503167,212,1,10.6,21.4,16.7,60,97,82,2.5,-999,7.2,-999,-999
13022003,20160529000000,43.222167,5.503167,212,1,14.4,23.2,18.1,53,98,76,3.9,-999,10.2,-999,-999
13022003,20160530000000,43.222167,5.503167,212,1,14.1,22.6,18.1,44,87,65,4.6,-999,0,-999,-999
13022003,20160531000000,43.222167,5.503167,212,1,13.5,21.9,17.1,47,93,69,5,-999,1.6,-999,-999
13022003,20160601000000,43.222167,5.503167,212,1,13.5,20,16,61,91,80,4.6,-999,0.2,-999,-999
13022003,20160602000000,43.222167,5.503167,212,1,14.1,24.1,18.8,48,91,69,3.4,-999,0,-999,-999
13022003,20160603000000,43.222167,5.503167,212,1,15.4,24.7,18.8,42,88,69,2,-999,0,-999,-999
13022003,20160604000000,43.222167,5.503167,212,1,11.6,23.2,18,42,96,76,1.9,-999,0,-999,-999
13022003,20160605000000,43.222167,5.503167,212,1,12.6,26.1,19.3,40,99,72,2.1,-999,0,-999,-999
13022003,20160606000000,43.222167,5.503167,212,1,14.2,22.6,18.3,61,95,82,2,-999,0.2,-999,-999
13022003,20160607000000,43.222167,5.503167,212,1,14.2,29,21.2,35,96,72,2.3,-999,0,-999,-999
13022003,20160608000000,43.222167,5.503167,212,1,16.4,31.1,23.8,33,91,58,4.1,-999,0,-999,-999
13022003,20160609000000,43.222167,5.503167,212,1,18.1,29.4,23.3,34,89,54,3.9,-999,0,-999,-999
13022003,20160610000000,43.222167,5.503167,212,1,13.3,25.3,20.2,41,96,66,2,-999,0.4,-999,-999
13022003,20160611000000,43.222167,5.503167,212,1,16.3,26.3,21.1,42,96,65,3.7,-999,0,-999,-999
13022003,20160612000000,43.222167,5.503167,212,1,17.5,25.9,21.7,35,63,50,5.5,-999,0,-999,-999
13022003,20160613000000,43.222167,5.503167,212,1,18,27.2,21.7,35,78,57,6.6,-999,0,-999,-999
13022003,20160614000000,43.222167,5.503167,212,1,16.2,24.8,19.8,36,78,55,5.9,-999,1,-999,-999
13022003,20160615000000,43.222167,5.503167,212,1,14.9,19.6,17.3,59,92,79,2.4,-999,0.2,-999,-999
13022003,20160616000000,43.222167,5.503167,212,1,17.6,21.2,18.3,47,97,76,3.3,-999,0,-999,-999
13022003,20160617000000,43.222167,5.503167,212,1,13.2,22.9,17.4,36,84,59,2.9,-999,0,-999,-999
13022003,20160618000000,43.222167,5.503167,212,1,12,22.9,18.2,47,90,65,4,-999,0,-999,-999
13022003,20160619000000,43.222167,5.503167,212,1,14.9,26.8,20.5,32,71,50,6,-999,0,-999,-999
13022003,20160620000000,43.222167,5.503167,212,1,15.5,28.7,22.3,27,63,42,3.1,-999,0,-999,-999
13022003,20160621000000,43.222167,5.503167,212,1,17.5,25.7,20.7,38,74,56,2,-999,0,-999,-999
13022003,20160622000000,43.222167,5.503167,212,1,15.1,27.2,22.1,34,79,53,2.1,-999,0,-999,-999
13022003,20160623000000,43.222167,5.503167,212,1,17.2,30.8,24.2,19,68,39,2.1,-999,0,-999,-999
13022003,20160624000000,43.222167,5.503167,212,1,18.3,30.3,23.7,28,75,50,1.9,-999,0,-999,-999
13022003,20160625000000,43.222167,5.503167,212,1,17.1,31.6,25.7,36,84,54,4.6,-999,0,-999,-999
13022003,20160626000000,43.222167,5.503167,212,1,19.4,29.7,24.3,27,63,42,5.4,-999,0,-999,-999
13022003,20160627000000,43.222167,5.503167,212,1,17.2,29.4,23.2,25,55,40,5.8,-999,0,-999,-999
13022003,20160628000000,43.222167,5.503167,212,1,17.9,28.7,23.1,31,83,48,2.5,-999,0,-999,-999
13022003,20160629000000,43.222167,5.503167,212,1,16.5,26.9,21,41,97,75,1.7,-999,0,-999,-999
13022003,20160630000000,43.222167,5.503167,212,1,16.5,27.1,22,51,96,74,1.5,-999,0,-999,-999
13022003,20160701000000,43.222167,5.503167,212,1,17.1,27.3,22.2,49,94,71,1.9,-999,0,-999,-999
13022003,20160702000000,43.222167,5.503167,212,1,16.3,31.1,24,42,87,60,3.9,-999,0,-999,-999
13022003,20160703000000,43.222167,5.503167,212,1,18.3,30.7,24.5,17,58,35,6.8,-999,0,-999,-999
13022003,20160704000000,43.222167,5.503167,212,1,16.8,28.6,23.5,35,90,56,2.2,-999,0,-999,-999
13022003,20160705000000,43.222167,5.503167,212,1,18.5,32.5,26.8,32,87,48,4,-999,0.2,-999,-999
13022003,20160706000000,43.222167,5.503167,212,1,20.3,33.6,27.4,16,58,34,4.8,-999,0,-999,-999
13022003,20160707000000,43.222167,5.503167,212,1,19.2,30.4,25.2,33,60,44,2.9,-999,0,-999,-999
13022003,20160708000000,43.222167,5.503167,212,1,19.9,32.8,26.5,28,74,46,3,-999,0,-999,-999
13022003,20160709000000,43.222167,5.503167,212,1,20.6,28.7,24.3,53,96,71,1.9,-999,0,-999,-999
13022003,20160710000000,43.222167,5.503167,212,1,18.9,27.7,23.5,65,97,79,1.6,-999,0.2,-999,-999
13022003,20160711000000,43.222167,5.503167,212,1,18.2,30,24.2,42,97,72,1.5,-999,0.2,-999,-999
13022003,20160712000000,43.222167,5.503167,212,1,18.8,34,25.5,30,95,60,3.8,-999,0,-999,-999
13022003,20160713000000,43.222167,5.503167,212,1,17.5,26.7,21.3,25,59,39,8,-999,0,-999,-999
13022003,20160714000000,43.222167,5.503167,212,1,15.1,26.2,18.7,21,60,43,8,-999,0,-999,-999
13022003,20160715000000,43.222167,5.503167,212,1,14.9,29.3,22,22,54,36,4.9,-999,0,-999,-999
13022003,20160716000000,43.222167,5.503167,212,1,17,27.1,21,26,64,41,2.6,-999,0,-999,-999
13022003,20160717000000,43.222167,5.503167,212,1,13.4,26.5,20.6,28,60,46,2.1,-999,0,-999,-999
13022003,20160718000000,43.222167,5.503167,212,1,12.8,30.2,21.8,19,69,44,1.9,-999,0,-999,-999
13022003,20160719000000,43.222167,5.503167,212,1,16.5,31.3,24.2,18,49,32,2.5,-999,0.2,-999,-999
13022003,20160720000000,43.222167,5.503167,212,1,16.5,29.8,24,18,70,42,1.9,-999,0,-999,-999
13022003,20160721000000,43.222167,5.503167,212,1,19.6,27.4,23.3,44,90,68,2.1,-999,0,-999,-999
13022003,20160722000000,43.222167,5.503167,212,1,18.7,29.8,23.3,46,95,76,2.1,-999,0,-999,-999
13022003,20160723000000,43.222167,5.503167,212,1,17,27.9,21.2,43,94,73,3,-999,14.8,-999,-999
13022003,20160724000000,43.222167,5.503167,212,1,19.5,32.5,25.1,34,77,56,3.1,-999,0,-999,-999
13022003,20160725000000,43.222167,5.503167,212,1,19.3,33.4,27,30,72,48,3.3,-999,0,-999,-999
13022003,20160726000000,43.222167,5.503167,212,1,22.4,35.1,28.7,27,60,43,3.5,-999,0,-999,-999
13022003,20160727000000,43.222167,5.503167,212,1,20.1,32.8,27.4,27,77,45,4.7,-999,0,-999,-999
13022003,20160728000000,43.222167,5.503167,212,1,19,32.2,26,27,61,45,4.4,-999,0.2,-999,-999
13022003,20160729000000,43.222167,5.503167,212,1,18.9,31.1,24.5,31,85,55,2,-999,0,-999,-999
13022003,20160730000000,43.222167,5.503167,212,1,17,29.7,22.9,44,92,73,1.7,-999,0,-999,-999
13022003,20160731000000,43.222167,5.503167,212,1,18.1,31.3,23.9,40,78,63,3.8,-999,0,-999,-999
13022003,20160801000000,43.222167,5.503167,212,1,18.7,31.2,24.9,22,77,44,6.2,-999,0,-999,-999
13022003,20160802000000,43.222167,5.503167,212,1,19.9,33,25.9,26,67,43,3.7,-999,0,-999,-999
13022003,20160803000000,43.222167,5.503167,212,1,20.5,31,24.7,34,86,54,2,-999,0,-999,-999
13022003,20160804000000,43.222167,5.503167,212,1,16.6,27.9,22.5,52,94,81,2.2,-999,3.4,-999,-999
13022003,20160805000000,43.222167,5.503167,212,1,17.4,27.1,22.2,33,94,56,7,-999,0,-999,-999
13022003,20160806000000,43.222167,5.503167,212,1,17.8,30.2,23.7,26,62,44,4.1,-999,0,-999,-999
13022003,20160807000000,43.222167,5.503167,212,1,19.9,30.5,24,24,59,41,2.5,-999,0,-999,-999
13022003,20160808000000,43.222167,5.503167,212,1,17,31.1,24.7,23,71,43,2.3,-999,0,-999,-999
13022003,20160809000000,43.222167,5.503167,212,1,18.4,32.2,25.4,32,66,46,4.6,-999,0.2,-999,-999
13022003,20160810000000,43.222167,5.503167,212,1,16.5,28.1,21.6,24,65,41,7.5,-999,0,-999,-999
13022003,20160811000000,43.222167,5.503167,212,1,15.3,28.1,21.6,26,54,40,4.5,-999,0,-999,-999
13022003,20160812000000,43.222167,5.503167,212,1,17.3,27.6,21.9,27,58,43,2.6,-999,0,-999,-999
13022003,20160813000000,43.222167,5.503167,212,1,15.9,28.7,22.4,27,57,40,2.3,-999,0,-999,-999
13022003,20160814000000,43.222167,5.503167,212,1,17.7,30.3,23.5,21,57,38,2.2,-999,0,-999,-999
13022003,20160815000000,43.222167,5.503167,212,1,15.3,31.4,23,26,83,45,1.8,-999,0,-999,-999
13022003,20160816000000,43.222167,5.503167,212,1,15.2,26.5,21.4,51,97,79,1.5,-999,0,-999,-999
13022003,20160817000000,43.222167,5.503167,212,1,17.5,29.7,23.7,49,97,74,3.1,-999,0,-999,-999
13022003,20160818000000,43.222167,5.503167,212,1,21.4,31.9,25.5,36,80,56,2.5,-999,0,-999,-999
13022003,20160819000000,43.222167,5.503167,212,1,17.4,30.9,23.3,40,95,68,1.8,-999,0,-999,-999
13022003,20160820000000,43.222167,5.503167,212,1,18.2,28.1,23.3,55,85,70,2.5,-999,0,-999,-999
13022003,20160821000000,43.222167,5.503167,212,1,17.6,27.8,22.8,26,73,43,7.3,-999,0,-999,-999
13022003,20160822000000,43.222167,5.503167,212,1,19.3,30,23.9,27,60,38,2.9,-999,0,-999,-999
13022003,20160823000000,43.222167,5.503167,212,1,16.8,29.3,23.5,29,69,46,2.5,-999,0.2,-999,-999
13022003,20160824000000,43.222167,5.503167,212,1,18.9,30.5,25.2,27,51,40,2.7,-999,0,-999,-999
13022003,20160825000000,43.222167,5.503167,212,1,19.8,30.3,25.2,31,59,45,2.8,-999,0,-999,-999
13022003,20160826000000,43.222167,5.503167,212,1,20.4,30.1,25.2,34,75,52,2.5,-999,0,-999,-999
13022003,20160827000000,43.222167,5.503167,212,1,17.4,30.2,23.2,32,95,60,1.4,-999,0,-999,-999
13022003,20160828000000,43.222167,5.503167,212,1,15.8,28.4,22.9,46,94,74,1.7,-999,0,-999,-999
13022003,20160829000000,43.222167,5.503167,212,1,19.1,32.6,24.8,36,96,63,3.6,-999,0.4,-999,-999
13022003,20160830000000,43.222167,5.503167,212,1,18.4,26.3,21.8,47,95,70,2.6,-999,0,-999,-999
13022003,20160831000000,43.222167,5.503167,212,1,17.8,30.2,24.2,42,83,60,2.8,-999,0,-999,-999
13022003,20160901000000,43.222167,5.503167,212,1,17.7,32.8,25.6,36,78,54,3,-999,0,-999,-999
13022003,20160902000000,43.222167,5.503167,212,1,18.5,28.7,23.8,42,74,61,2,-999,0,-999,-999
13022003,20160903000000,43.222167,5.503167,212,1,18.9,30.9,24.5,34,66,55,1.9,-999,0,-999,-999
13022003,20160904000000,43.222167,5.503167,212,1,16.7,33.7,25.2,28,93,58,2.5,-999,0,-999,-999
13022003,20160905000000,43.222167,5.503167,212,1,24.2,32.4,26.8,30,57,42,7,-999,0,-999,-999
13022003,20160906000000,43.222167,5.503167,212,1,21.3,30.5,25.2,31,69,48,2.9,-999,0,-999,-999
13022003,20160907000000,43.222167,5.503167,212,1,18.4,26.5,22.2,45,76,62,2.6,-999,0,-999,-999
13022003,20160908000000,43.222167,5.503167,212,1,17.6,31,23.9,30,88,57,3.6,-999,0,-999,-999
13022003,20160909000000,43.222167,5.503167,212,1,17.8,29.2,23.1,37,87,58,1.8,-999,0,-999,-999
13022003,20160910000000,43.222167,5.503167,212,1,18.2,30.5,24.8,34,66,48,2.2,-999,0,-999,-999
13022003,20160911000000,43.222167,5.503167,212,1,19.6,30.5,23.9,36,81,58,1.9,-999,0.4,-999,-999
13022003,20160912000000,43.222167,5.503167,212,1,17.7,29.1,23,35,92,66,2,-999,0,-999,-999
13022003,20160913000000,43.222167,5.503167,212,1,17.8,28.6,22.9,42,94,72,2.5,-999,0,-999,-999
13022003,20160914000000,43.222167,5.503167,212,1,20.3,24.4,21.9,61,95,83,4.3,-999,8,-999,-999
13022003,20160915000000,43.222167,5.503167,212,1,15,23.6,20.1,51,98,69,2.3,-999,4.4,-999,-999
13022003,20160916000000,43.222167,5.503167,212,1,15.6,24.5,19.3,46,95,71,2.9,-999,0,-999,-999
13022003,20160917000000,43.222167,5.503167,212,1,16.3,22.6,18.1,35,77,57,6.1,-999,0,-999,-999
13022003,20160918000000,43.222167,5.503167,212,1,14.1,23,17.5,44,77,62,6.8,-999,0,-999,-999
13022003,20160919000000,43.222167,5.503167,212,1,15.4,27.6,20.4,34,80,56,6.1,-999,0,-999,-999
13022003,20160920000000,43.222167,5.503167,212,1,15.9,26.4,20.3,38,68,52,4,-999,0,-999,-999
13022003,20160921000000,43.222167,5.503167,212,1,13,25.1,18.4,29,77,57,3.7,-999,0,-999,-999
13022003,20160922000000,43.222167,5.503167,212,1,12.1,23.2,17.1,50,88,71,2.4,-999,0,-999,-999
13022003,20160923000000,43.222167,5.503167,212,1,12.1,24.4,18.3,38,98,70,1.7,-999,0,-999,-999
13022003,20160924000000,43.222167,5.503167,212,1,12.5,24.1,18.1,59,95,78,1.9,-999,0,-999,-999
13022003,20160925000000,43.222167,5.503167,212,1,13.7,25.2,19.6,45,94,73,2.3,-999,0,-999,-999
13022003,20160926000000,43.222167,5.503167,212,1,15.1,24.9,19.6,55,90,73,2.3,-999,0,-999,-999
13022003,20160927000000,43.222167,5.503167,212,1,13.9,27.4,19.4,32,94,65,2.7,-999,4.2,-999,-999
13022003,20160928000000,43.222167,5.503167,212,1,15.4,26.8,20.1,35,78,57,2.8,-999,0,-999,-999
13022003,20160929000000,43.222167,5.503167,212,1,13.9,25.6,18.9,36,97,66,1.9,-999,0.2,-999,-999
13022003,20160930000000,43.222167,5.503167,212,1,13.1,22.8,18.4,58,98,83,2.4,-999,1.8,-999,-999
13022003,20161001000000,43.222167,5.503167,212,1,17.4,22.8,18.9,64,97,85,2.7,-999,11,-999,-999
13022003,20161002000000,43.222167,5.503167,212,1,14.5,25.6,19.7,41,97,68,2.3,-999,0,-999,-999
13022003,20161003000000,43.222167,5.503167,212,1,15.9,24,18.4,28,64,45,3.8,-999,0,-999,-999
13022003,20161004000000,43.222167,5.503167,212,1,13.1,24.9,17.7,27,86,57,2.5,-999,0,-999,-999
13022003,20161005000000,43.222167,5.503167,212,1,9.7,24.1,18,32,81,54,4.1,-999,0,-999,-999
13022003,20161006000000,43.222167,5.503167,212,1,12.6,19.5,14.7,56,96,82,2.9,-999,13.2,-999,-999
13022003,20161007000000,43.222167,5.503167,212,1,8.8,21.4,15.4,41,98,72,3.1,-999,0,-999,-999
13022003,20161008000000,43.222167,5.503167,212,1,11.8,20.5,15.5,36,93,56,5,-999,0,-999,-999
13022003,20161009000000,43.222167,5.503167,212,1,9.6,21.4,14.6,42,75,57,4.4,-999,0,-999,-999
13022003,20161010000000,43.222167,5.503167,212,1,9.5,20.4,13.5,42,66,55,3.4,-999,0,-999,-999
13022003,20161011000000,43.222167,5.503167,212,1,8.6,17.8,12.1,36,86,61,3.4,-999,0,-999,-999
13022003,20161012000000,43.222167,5.503167,212,1,9.8,18.2,14.8,57,77,65,3.8,-999,2.2,-999,-999
13022003,20161013000000,43.222167,5.503167,212,1,13.1,18.2,15,63,83,72,6.6,-999,54.9,-999,-999
13022003,20161014000000,43.222167,5.503167,212,1,14.8,18.1,16,66,97,88,4.6,-999,1.2,-999,-999
13022003,20161015000000,43.222167,5.503167,212,1,10.4,21.5,14.9,46,99,79,2.3,-999,0,-999,-999
13022003,20161016000000,43.222167,5.503167,212,1,11.2,18.9,16.2,57,94,80,2,-999,0,-999,-999
13022003,20161017000000,43.222167,5.503167,212,1,13.6,18.7,15.5,78,97,89,2.2,-999,9.9,-999,-999
13022003,20161018000000,43.222167,5.503167,212,1,11.7,21.3,16.5,40,97,63,4.4,-999,0,-999,-999
13022003,20161019000000,43.222167,5.503167,212,1,10.6,18.8,14,44,78,59,6.1,-999,0,-999,-999
13022003,20161020000000,43.222167,5.503167,212,1,8.8,17.4,11.9,42,72,58,5.8,-999,0,-999,-999
13022003,20161021000000,43.222167,5.503167,212,1,8.5,20.1,13.2,40,78,56,3.6,-999,0,-999,-999
13022003,20161022000000,43.222167,5.503167,212,1,6.1,17.6,12,46,99,80,2.4,-999,3.6,-999,-999
13022003,20161023000000,43.222167,5.503167,212,1,11.4,18.1,15.9,76,92,83,3.9,-999,0,-999,-999
13022003,20161024000000,43.222167,5.503167,212,1,16.9,25.9,20.6,50,84,71,3.6,-999,0,-999,-999
13022003,20161025000000,43.222167,5.503167,212,1,17.2,21.9,19,74,94,85,1.8,-999,0.8,-999,-999
13022003,20161026000000,43.222167,5.503167,212,1,15.7,24.9,18.6,47,86,69,4.3,-999,0,-999,-999
13022003,20161027000000,43.222167,5.503167,212,1,12.5,23.3,16.3,42,92,66,2.4,-999,0,-999,-999
13022003,20161028000000,43.222167,5.503167,212,1,10.6,21.1,15.2,56,95,80,2.1,-999,0,-999,-999
13022003,20161029000000,43.222167,5.503167,212,1,9.1,20.2,13.7,55,98,85,1.5,-999,0,-999,-999
13022003,20161030000000,43.222167,5.503167,212,1,8.9,21.3,14.1,56,99,86,1.4,-999,0,-999,-999
13022003,20161031000000,43.222167,5.503167,212,1,9.1,19.3,14.1,67,99,88,1.5,-999,0,-999,-999
13022003,20161101000000,43.222167,5.503167,212,1,10.7,20.2,15.6,55,98,81,1.4,-999,0,-999,-999
13022003,20161102000000,43.222167,5.503167,212,1,13.2,20.2,16,46,98,75,3.6,-999,0,-999,-999
13022003,20161103000000,43.222167,5.503167,212,1,9.3,18.1,12.4,45,97,67,3.2,-999,0,-999,-999
13022003,20161104000000,43.222167,5.503167,212,1,9,19.2,14.5,64,99,86,2,-999,3.6,-999,-999
13022003,20161105000000,43.222167,5.503167,212,1,13.7,18.1,16.4,78,98,90,3.5,-999,0,-999,-999
13022003,20161106000000,43.222167,5.503167,212,1,8.4,13.1,10.2,41,87,65,4.7,-999,0,-999,-999
13022003,20161107000000,43.222167,5.503167,212,1,5.2,11.7,7.8,42,80,56,4,-999,0,-999,-999
13022003,20161108000000,43.222167,5.503167,212,1,5.2,11.7,7.5,43,63,51,7,-999,0,-999,-999
13022003,20161109000000,43.222167,5.503167,212,1,4.3,12.9,7.9,39,93,67,4.9,-999,1.2,-999,-999
13022003,20161110000000,43.222167,5.503167,212,1,7.5,15.7,11.6,58,86,73,4.7,-999,0,-999,-999
13022003,20161111000000,43.222167,5.503167,212,1,9.3,14.7,11.4,37,84,61,6.5,-999,0,-999,-999
13022003,20161112000000,43.222167,5.503167,212,1,5.2,13.6,8.2,37,67,54,5.4,-999,0,-999,-999
