6149002,20140101000000,43.744667,7.374833,385,5,2.8,8.9,6.2,-999,-999,-999,-999,-999,3.3,-999,-999
6149002,20140102000000,43.744667,7.374833,385,5,6.7,8.6,7.7,-999,-999,-999,-999,-999,4.6,-999,-999
6149002,20140103000000,43.744667,7.374833,385,5,7.1,9.8,8.5,-999,-999,-999,-999,-999,3.3,-999,-999
6149002,20140104000000,43.744667,7.374833,385,5,8.2,11.6,10,-999,-999,-999,-999,-999,16.8,-999,-999
6149002,20140105000000,43.744667,7.374833,385,5,6.6,8.7,7.5,-999,-999,-999,-999,-999,1.5,-999,-999
6149002,20140106000000,43.744667,7.374833,385,5,4.7,9.9,7.1,-999,-999,-999,-999,-999,0,-999,-999
6149002,20140107000000,43.744667,7.374833,385,5,5.9,11.4,8.6,-999,-999,-999,-999,-999,0,-999,-999
6149002,20140108000000,43.744667,7.374833,385,5,7.9,11.5,9.2,-999,-999,-999,-999,-999,0,-999,-999
6149002,20140109000000,43.744667,7.374833,385,5,5.7,10.1,7.9,-999,-999,-999,-999,-999,0,-999,-999
6149002,20140110000000,43.744667,7.374833,385,5,5.1,11.2,7.4,-999,-999,-999,-999,-999,-999,-999,-999
6149002,20140111000000,43.744667,7.374833,385,5,6.3,11.7,8.8,-999,-999,-999,-999,-999,0,-999,-999
6149002,20140112000000,43.744667,7.374833,385,5,6.6,11.8,8.4,-999,-999,-999,-999,-999,0,-999,-999
6149002,20140113000000,43.744667,7.374833,385,5,6.3,11.6,8.9,-999,-999,-999,-999,-999,7.4,-999,-999
6149002,20140114000000,43.744667,7.374833,385,5,5.4,8.4,6.8,-999,-999,-999,-999,-999,1,-999,-999
6149002,20140115000000,43.744667,7.374833,385,5,3.2,9.4,5.6,-999,-999,-999,-999,-999,0,-999,-999
6149002,20140116000000,43.744667,7.374833,385,5,4.8,10.1,7.1,-999,-999,-999,-999,-999,-999,-999,-999
6149002,20140117000000,43.744667,7.374833,385,5,8,10.1,9.1,-999,-999,-999,-999,-999,10.6,-999,-999
6149002,20140118000000,43.744667,7.374833,385,5,7.1,9.4,8.1,-999,-999,-999,-999,-999,18.2,-999,-999
6149002,20140119000000,43.744667,7.374833,385,5,7.8,10.3,8.6,-999,-999,-999,-999,-999,10.8,-999,-999
6149002,20140120000000,43.744667,7.374833,385,5,6.1,9.8,7.6,-999,-999,-999,-999,-999,0,-999,-999
6149002,20140121000000,43.744667,7.374833,385,5,4.9,11.3,7.3,-999,-999,-999,-999,-999,0,-999,-999
6149002,20140122000000,43.744667,7.374833,385,5,5,9.4,6.8,-999,-999,-999,-999,-999,0,-999,-999
6149002,20140123000000,43.744667,7.374833,385,5,4.5,9.6,7.1,-999,-999,-999,-999,-999,-999,-999,-999
6149002,20140124000000,43.744667,7.374833,385,5,3.5,10.3,5.5,-999,-999,-999,-999,-999,0,-999,-999
6149002,20140125000000,43.744667,7.374833,385,5,1.6,13.8,5.5,-999,-999,-999,-999,-999,0,-999,-999
6149002,20140126000000,43.744667,7.374833,385,5,4.1,14.1,8.7,-999,-999,-999,-999,-999,0,-999,-999
6149002,20140127000000,43.744667,7.374833,385,5,5,10.2,7,-999,-999,-999,-999,-999,0,-999,-999
6149002,20140128000000,43.744667,7.374833,385,5,2.2,8.3,4.8,-999,-999,-999,-999,-999,5.2,-999,-999
6149002,20140129000000,43.744667,7.374833,385,5,1.3,4.8,3.6,-999,-999,-999,-999,-999,12.3,-999,-999
6149002,20140130000000,43.744667,7.374833,385,5,3,7.7,4.7,-999,-999,-999,-999,-999,16.9,-999,-999
6149002,20140201000000,43.744667,7.374833,385,5,1.9,9.2,5.7,-999,-999,-999,-999,-999,3.2,-999,-999
6149002,20140202000000,43.744667,7.374833,385,5,4.9,7.4,5.5,-999,-999,-999,-999,-999,6.1,-999,-999
6149002,20140203000000,43.744667,7.374833,385,5,3.5,10.2,7.1,-999,-999,-999,-999,-999,0.6,-999,-999
6149002,20140204000000,43.744667,7.374833,385,5,2.8,5.2,4.3,-999,-999,-999,-999,-999,15.3,-999,-999
6149002,20140205000000,43.744667,7.374833,385,5,2.8,6.5,4.8,-999,-999,-999,-999,-999,16.6,-999,-999
6149002,20140206000000,43.744667,7.374833,385,5,2.7,10.3,6.3,-999,-999,-999,-999,-999,3.3,-999,-999
6149002,20140207000000,43.744667,7.374833,385,5,4.5,8.3,6.9,-999,-999,-999,-999,-999,5.4,-999,-999
6149002,20140208000000,43.744667,7.374833,385,5,3.2,7.2,5.7,-999,-999,-999,-999,-999,19.2,-999,-999
6149002,20140209000000,43.744667,7.374833,385,5,4.5,10.5,7.1,-999,-999,-999,-999,-999,13.6,-999,-999
6149002,20140210000000,43.744667,7.374833,385,5,3.9,8.7,6.2,-999,-999,-999,-999,-999,12.7,-999,-999
6149002,20140211000000,43.744667,7.374833,385,5,4.4,10.6,6.7,-999,-999,-999,-999,-999,0.1,-999,-999
6149002,20140212000000,43.744667,7.374833,385,5,3.2,13.5,7,-999,-999,-999,-999,-999,0,-999,-999
6149002,20140213000000,43.744667,7.374833,385,5,5.2,12,8.9,-999,-999,-999,-999,-999,0,-999,-999
6149002,20140214000000,43.744667,7.374833,385,5,5.8,12.5,9,-999,-999,-999,-999,-999,0.1,-999,-999
6149002,20140215000000,43.744667,7.374833,385,5,6.9,10.9,9.2,-999,-999,-999,-999,-999,0.6,-999,-999
6149002,20140216000000,43.744667,7.374833,385,5,7.1,13.7,9.9,-999,-999,-999,-999,-999,3.2,-999,-999
6149002,20140217000000,43.744667,7.374833,385,5,6.4,12,8.5,-999,-999,-999,-999,-999,0,-999,-999
6149002,20140218000000,43.744667,7.374833,385,5,5.7,15.3,11.3,-999,-999,-999,-999,-999,0,-999,-999
6149002,20140219000000,43.744667,7.374833,385,5,10.2,13.3,10.8,-999,-999,-999,-999,-999,2.4,-999,-999
6149002,20140220000000,43.744667,7.374833,385,5,7,13.3,8.7,-999,-999,-999,-999,-999,0,-999,-999
6149002,20140221000000,43.744667,7.374833,385,5,5.9,12.4,9,-999,-999,-999,-999,-999,-999,-999,-999
6149002,20140222000000,43.744667,7.374833,385,5,4.7,13.8,7.9,-999,-999,-999,-999,-999,0,-999,-999
6149002,20140223000000,43.744667,7.374833,385,5,3.6,11.8,7,-999,-999,-999,-999,-999,0,-999,-999
6149002,20140224000000,43.744667,7.374833,385,5,3.3,11.5,7.1,-999,-999,-999,-999,-999,0,-999,-999
6149002,20140225000000,43.744667,7.374833,385,5,-999,-999,6.6,-999,-999,-999,-999,-999,-999,-999,-999
6149002,20140226000000,43.744667,7.374833,385,5,4.8,10.1,5.7,-999,-999,-999,-999,-999,4.6,-999,-999
6149002,20140227000000,43.744667,7.374833,385,5,2,9.6,5.6,-999,-999,-999,-999,-999,0,-999,-999
6149002,20140228000000,43.744667,7.374833,385,5,3.6,10.5,5.9,-999,-999,-999,-999,-999,10.5,-999,-999
6149002,20140301000000,43.744667,7.374833,385,5,-999,-999,5.6,-999,-999,-999,-999,-999,-999,-999,-999
6149002,20140302000000,43.744667,7.374833,385,5,2.7,10.8,6.5,-999,-999,-999,-999,-999,0,-999,-999
6149002,20140303000000,43.744667,7.374833,385,5,3.6,8.2,4.6,-999,-999,-999,-999,-999,18.1,-999,-999
6149002,20140304000000,43.744667,7.374833,385,5,3.6,11.8,7.3,-999,-999,-999,-999,-999,0.1,-999,-999
6149002,20140305000000,43.744667,7.374833,385,5,5.3,15,8.9,-999,-999,-999,-999,-999,0,-999,-999
6149002,20140306000000,43.744667,7.374833,385,5,5.5,16.3,10.1,-999,-999,-999,-999,-999,0,-999,-999
6149002,20140307000000,43.744667,7.374833,385,5,6.6,17.3,10.5,-999,-999,-999,-999,-999,0,-999,-999
6149002,20140308000000,43.744667,7.374833,385,5,7.1,17.3,11.3,-999,-999,-999,-999,-999,0,-999,-999
6149002,20140309000000,43.744667,7.374833,385,5,5.6,16,9.9,-999,-999,-999,-999,-999,-999,-999,-999
6149002,20140310000000,43.744667,7.374833,385,5,6.3,14.6,8.9,-999,-999,-999,-999,-999,0,-999,-999
6149002,20140311000000,43.744667,7.374833,385,5,5.4,14,9.1,-999,-999,-999,-999,-999,0,-999,-999
6149002,20140312000000,43.744667,7.374833,385,5,5,13.4,8.5,-999,-999,-999,-999,-999,0,-999,-999
6149002,20140313000000,43.744667,7.374833,385,5,5.5,16.3,10.4,-999,-999,-999,-999,-999,0,-999,-999
6149002,20140314000000,43.744667,7.374833,385,5,7.1,17.4,11.7,-999,-999,-999,-999,-999,0,-999,-999
6149002,20140315000000,43.744667,7.374833,385,5,8.6,17.3,11.7,-999,-999,-999,-999,-999,0,-999,-999
6149002,20140316000000,43.744667,7.374833,385,5,6.5,19.6,13.1,-999,-999,-999,-999,-999,0,-999,-999
6149002,20140317000000,43.744667,7.374833,385,5,7.5,17.5,11.8,-999,-999,-999,-999,-999,0,-999,-999
6149002,20140318000000,43.744667,7.374833,385,5,9.3,13.3,11.2,-999,-999,-999,-999,-999,0,-999,-999
6149002,20140319000000,43.744667,7.374833,385,5,10.7,14.3,11.5,-999,-999,-999,-999,-999,0,-999,-999
6149002,20140320000000,43.744667,7.374833,385,5,8.2,16.3,12.4,-999,-999,-999,-999,-999,0,-999,-999
6149002,20140321000000,43.744667,7.374833,385,5,7.7,14.8,10.9,-999,-999,-999,-999,-999,0,-999,-999
6149002,20140322000000,43.744667,7.374833,385,5,8.5,11,9.4,-999,-999,-999,-999,-999,25,-999,-999
6149002,20140323000000,43.744667,7.374833,385,5,5,13.7,8.5,-999,-999,-999,-999,-999,0,-999,-999
6149002,20140324000000,43.744667,7.374833,385,5,4.8,12.8,8.5,-999,-999,-999,-999,-999,0,-999,-999
6149002,20140325000000,43.744667,7.374833,385,5,4.8,13,7.7,-999,-999,-999,-999,-999,0.1,-999,-999
6149002,20140326000000,43.744667,7.374833,385,5,2.8,11.4,8.2,-999,-999,-999,-999,-999,0,-999,-999
6149002,20140327000000,43.744667,7.374833,385,5,7.2,12.5,9.2,-999,-999,-999,-999,-999,0,-999,-999
6149002,20140328000000,43.744667,7.374833,385,5,4.7,16.4,10.2,-999,-999,-999,-999,-999,0,-999,-999
6149002,20140329000000,43.744667,7.374833,385,5,7.7,16.5,14.1,-999,-999,-999,-999,-999,0,-999,-999
6149002,20140330000000,43.744667,7.374833,385,5,13.1,16.8,14.1,-999,-999,-999,-999,-999,0,-999,-999
6149002,20140331000000,43.744667,7.374833,385,5,7.3,15.7,11.2,-999,-999,-999,-999,-999,0,-999,-999
6149002,20140401000000,43.744667,7.374833,385,5,7,14.7,10.9,-999,-999,-999,-999,-999,0,-999,-999
6149002,20140402000000,43.744667,7.374833,385,5,8.2,13.5,11.1,-999,-999,-999,-999,-999,0,-999,-999
6149002,20140403000000,43.744667,7.374833,385,5,9.6,16.9,13.9,-999,-999,-999,-999,-999,0.5,-999,-999
6149002,20140404000000,43.744667,7.374833,385,5,11.4,16.2,13.6,-999,-999,-999,-999,-999,0.9,-999,-999
6149002,20140405000000,43.744667,7.374833,385,5,10.8,20.5,14.8,-999,-999,-999,-999,-999,0,-999,-999
6149002,20140406000000,43.744667,7.374833,385,5,10.6,21.7,15.8,-999,-999,-999,-999,-999,0,-999,-999
6149002,20140407000000,43.744667,7.374833,385,5,12.3,22.2,16.2,-999,-999,-999,-999,-999,0,-999,-999
6149002,20140408000000,43.744667,7.374833,385,5,9.7,16.8,12.7,-999,-999,-999,-999,-999,2.8,-999,-999
6149002,20140409000000,43.744667,7.374833,385,5,9.4,20,13.9,-999,-999,-999,-999,-999,0,-999,-999
6149002,20140410000000,43.744667,7.374833,385,5,8.4,18.6,13.2,-999,-999,-999,-999,-999,0,-999,-999
6149002,20140411000000,43.744667,7.374833,385,5,9.1,14.7,11.8,-999,-999,-999,-999,-999,0,-999,-999
6149002,20140412000000,43.744667,7.374833,385,5,10.2,16.3,13.2,-999,-999,-999,-999,-999,0,-999,-999
6149002,20140413000000,43.744667,7.374833,385,5,11.1,17.5,13.6,-999,-999,-999,-999,-999,0,-999,-999
6149002,20140414000000,43.744667,7.374833,385,5,10.2,19.5,14.2,-999,-999,-999,-999,-999,0,-999,-999
6149002,20140716000000,43.744667,7.374833,385,5,-999,-999,23,-999,-999,-999,-999,-999,-999,-999,-999
6149002,20140717000000,43.744667,7.374833,385,5,18.8,29.7,24.9,-999,-999,-999,-999,-999,0,-999,-999
6149002,20140718000000,43.744667,7.374833,385,5,20.3,29.7,24.7,-999,-999,-999,-999,-999,0,-999,-999
6149002,20140719000000,43.744667,7.374833,385,5,19.5,28.8,24.2,-999,-999,-999,-999,-999,-999,-999,-999
6149002,20140720000000,43.744667,7.374833,385,5,19.1,28.5,23,-999,-999,-999,-999,-999,0.4,-999,-999
6149002,20140721000000,43.744667,7.374833,385,5,16.6,25.3,19,-999,-999,-999,-999,-999,3.2,-999,-999
6149002,20140722000000,43.744667,7.374833,385,5,14.9,25.7,21.4,-999,-999,-999,-999,-999,0,-999,-999
6149002,20140723000000,43.744667,7.374833,385,5,18.5,29.1,23.4,-999,-999,-999,-999,-999,0,-999,-999
6149002,20140724000000,43.744667,7.374833,385,5,19.4,24.7,21,-999,-999,-999,-999,-999,0,-999,-999
6149002,20140725000000,43.744667,7.374833,385,5,16.8,24.6,20.4,-999,-999,-999,-999,-999,2.1,-999,-999
6149002,20140726000000,43.744667,7.374833,385,5,16,23.6,20,-999,-999,-999,-999,-999,-999,-999,-999
6149002,20140727000000,43.744667,7.374833,385,5,16,27,22.2,-999,-999,-999,-999,-999,0,-999,-999
6149002,20140728000000,43.744667,7.374833,385,5,18.2,24.6,21.6,-999,-999,-999,-999,-999,-999,-999,-999
6149002,20140729000000,43.744667,7.374833,385,5,17.7,23,19.4,-999,-999,-999,-999,-999,0,-999,-999
6149002,20140730000000,43.744667,7.374833,385,5,14.7,27.7,20.8,-999,-999,-999,-999,-999,0,-999,-999
6149002,20140731000000,43.744667,7.374833,385,5,18.1,27.9,22.7,-999,-999,-999,-999,-999,0,-999,-999
6149002,20140801000000,43.744667,7.374833,385,5,18.1,24.6,21,-999,-999,-999,-999,-999,0,-999,-999
6149002,20140802000000,43.744667,7.374833,385,5,17.9,25.9,21.7,-999,-999,-999,-999,-999,0,-999,-999
6149002,20140803000000,43.744667,7.374833,385,5,17.5,25.1,21.5,-999,-999,-999,-999,-999,0,-999,-999
6149002,20140804000000,43.744667,7.374833,385,5,17.7,24.9,21.5,-999,-999,-999,-999,-999,0,-999,-999
6149002,20140805000000,43.744667,7.374833,385,5,18.1,26.5,22.2,-999,-999,-999,-999,-999,0,-999,-999
6149002,20140806000000,43.744667,7.374833,385,5,18,27.1,22.6,-999,-999,-999,-999,-999,0,-999,-999
6149002,20140807000000,43.744667,7.374833,385,5,18.8,26.2,21.9,-999,-999,-999,-999,-999,-999,-999,-999
6149002,20140808000000,43.744667,7.374833,385,5,17.3,25.8,21.6,-999,-999,-999,-999,-999,0.1,-999,-999
6149002,20140809000000,43.744667,7.374833,385,5,18.4,27.8,22.5,-999,-999,-999,-999,-999,0,-999,-999
6149002,20140810000000,43.744667,7.374833,385,5,18.7,26.4,22.6,-999,-999,-999,-999,-999,0,-999,-999
6149002,20140811000000,43.744667,7.374833,385,5,18.5,27.1,22.9,-999,-999,-999,-999,-999,0,-999,-999
6149002,20140812000000,43.744667,7.374833,385,5,18.4,28.4,23.4,-999,-999,-999,-999,-999,0,-999,-999
6149002,20140813000000,43.744667,7.374833,385,5,17.1,26.5,20.3,-999,-999,-999,-999,-999,5.9,-999,-999
6149002,20140814000000,43.744667,7.374833,385,5,15.8,23.9,19.9,-999,-999,-999,-999,-999,0,-999,-999
6149002,20140815000000,43.744667,7.374833,385,5,15.2,25.4,20.1,-999,-999,-999,-999,-999,0,-999,-999
6149002,20140816000000,43.744667,7.374833,385,5,15.4,23.4,18.3,-999,-999,-999,-999,-999,3.2,-999,-999
6149002,20140817000000,43.744667,7.374833,385,5,13.3,23.8,18.6,-999,-999,-999,-999,-999,0,-999,-999
6149002,20140818000000,43.744667,7.374833,385,5,14.4,23.3,19.7,-999,-999,-999,-999,-999,2.9,-999,-999
6149002,20140819000000,43.744667,7.374833,385,5,15.8,24,20.5,-999,-999,-999,-999,-999,0,-999,-999
6149002,20140820000000,43.744667,7.374833,385,5,17.8,24.9,20.4,-999,-999,-999,-999,-999,0,-999,-999
6149002,20140821000000,43.744667,7.374833,385,5,15.4,24.2,19.9,-999,-999,-999,-999,-999,0,-999,-999
6149002,20140822000000,43.744667,7.374833,385,5,14.9,24.3,19.9,-999,-999,-999,-999,-999,0.6,-999,-999
6149002,20140823000000,43.744667,7.374833,385,5,18,27,20.9,-999,-999,-999,-999,-999,-999,-999,-999
6149002,20140824000000,43.744667,7.374833,385,5,16.3,23.3,19.2,-999,-999,-999,-999,-999,0,-999,-999
6149002,20140825000000,43.744667,7.374833,385,5,14.7,22.3,18.2,-999,-999,-999,-999,-999,0,-999,-999
6149002,20140826000000,43.744667,7.374833,385,5,14.9,24.3,19.8,-999,-999,-999,-999,-999,0,-999,-999
6149002,20140827000000,43.744667,7.374833,385,5,19.3,25.6,21.9,-999,-999,-999,-999,-999,0,-999,-999
6149002,20140828000000,43.744667,7.374833,385,5,16.7,25.8,21.3,-999,-999,-999,-999,-999,0,-999,-999
6149002,20140829000000,43.744667,7.374833,385,5,-999,-999,21.1,-999,-999,-999,-999,-999,-999,-999,-999
6149002,20140830000000,43.744667,7.374833,385,5,17.3,26.6,21.4,-999,-999,-999,-999,-999,0,-999,-999
6149002,20140831000000,43.744667,7.374833,385,5,16.8,24.3,19.9,-999,-999,-999,-999,-999,0,-999,-999
6149002,20140901000000,43.744667,7.374833,385,5,15.3,25.3,20.2,-999,-999,-999,-999,-999,0,-999,-999
6149002,20140902000000,43.744667,7.374833,385,5,15.9,26.4,20.3,-999,-999,-999,-999,-999,0,-999,-999
6149002,20140903000000,43.744667,7.374833,385,5,15.2,24.3,19.5,-999,-999,-999,-999,-999,0,-999,-999
6149002,20140904000000,43.744667,7.374833,385,5,15.7,27.9,21.5,-999,-999,-999,-999,-999,0,-999,-999
6149002,20140905000000,43.744667,7.374833,385,5,17.5,27.7,21.6,-999,-999,-999,-999,-999,0,-999,-999
6149002,20140906000000,43.744667,7.374833,385,5,16.7,25,20.8,-999,-999,-999,-999,-999,0,-999,-999
6149002,20140907000000,43.744667,7.374833,385,5,16.1,25.7,20.6,-999,-999,-999,-999,-999,0.2,-999,-999
6149002,20140908000000,43.744667,7.374833,385,5,17.1,25.8,21,-999,-999,-999,-999,-999,0,-999,-999
6149002,20140909000000,43.744667,7.374833,385,5,18.3,25.1,21.2,-999,-999,-999,-999,-999,0,-999,-999
6149002,20140910000000,43.744667,7.374833,385,5,17.3,23.5,19.7,-999,-999,-999,-999,-999,0.7,-999,-999
6149002,20140911000000,43.744667,7.374833,385,5,16.9,23.7,19.5,-999,-999,-999,-999,-999,0,-999,-999
6149002,20140912000000,43.744667,7.374833,385,5,16.3,23.7,19.1,-999,-999,-999,-999,-999,0,-999,-999
6149002,20140913000000,43.744667,7.374833,385,5,14.4,23.7,18.5,-999,-999,-999,-999,-999,-999,-999,-999
6149002,20140914000000,43.744667,7.374833,385,5,13.9,23,17.9,-999,-999,-999,-999,-999,0,-999,-999
6149002,20140915000000,43.744667,7.374833,385,5,15.5,22.1,18,-999,-999,-999,-999,-999,2.2,-999,-999
6149002,20140916000000,43.744667,7.374833,385,5,15.1,23,18.8,-999,-999,-999,-999,-999,0,-999,-999
6149002,20140917000000,43.744667,7.374833,385,5,16.4,22.5,19.4,-999,-999,-999,-999,-999,1.6,-999,-999
6149002,20140918000000,43.744667,7.374833,385,5,16.4,22.6,20.7,-999,-999,-999,-999,-999,0,-999,-999
6149002,20140919000000,43.744667,7.374833,385,5,19.5,24.3,21.3,-999,-999,-999,-999,-999,0.5,-999,-999
6149002,20140920000000,43.744667,7.374833,385,5,18.5,25,21.2,-999,-999,-999,-999,-999,0,-999,-999
6149002,20140921000000,43.744667,7.374833,385,5,16.9,24.3,20.2,-999,-999,-999,-999,-999,0,-999,-999
6149002,20140922000000,43.744667,7.374833,385,5,15.5,24.2,19.3,-999,-999,-999,-999,-999,0,-999,-999
6149002,20140923000000,43.744667,7.374833,385,5,15.1,22,17.7,-999,-999,-999,-999,-999,0,-999,-999
6149002,20140924000000,43.744667,7.374833,385,5,14.5,20.7,16.8,-999,-999,-999,-999,-999,0,-999,-999
6149002,20140925000000,43.744667,7.374833,385,5,11.5,20.8,15.9,-999,-999,-999,-999,-999,0,-999,-999
6149002,20140926000000,43.744667,7.374833,385,5,12.6,22.6,17.2,-999,-999,-999,-999,-999,0,-999,-999
6149002,20140927000000,43.744667,7.374833,385,5,13.5,23.6,17.8,-999,-999,-999,-999,-999,0,-999,-999
6149002,20140928000000,43.744667,7.374833,385,5,13.6,24.3,18.5,-999,-999,-999,-999,-999,0,-999,-999
6149002,20140929000000,43.744667,7.374833,385,5,15.3,22.2,19,-999,-999,-999,-999,-999,0.3,-999,-999
6149002,20140930000000,43.744667,7.374833,385,5,16.2,20.7,18,-999,-999,-999,-999,-999,7.6,-999,-999
6149002,20141001000000,43.744667,7.374833,385,5,15,21.4,17.5,-999,-999,-999,-999,-999,0,-999,-999
6149002,20141002000000,43.744667,7.374833,385,5,14.5,23.9,18.6,-999,-999,-999,-999,-999,0,-999,-999
6149002,20141003000000,43.744667,7.374833,385,5,14.7,22.7,18.3,-999,-999,-999,-999,-999,0,-999,-999
6149002,20141004000000,43.744667,7.374833,385,5,14.1,22.6,17.7,-999,-999,-999,-999,-999,0,-999,-999
6149002,20141005000000,43.744667,7.374833,385,5,13.3,19.7,15.4,-999,-999,-999,-999,-999,1.8,-999,-999
6149002,20141006000000,43.744667,7.374833,385,5,10.9,20.2,15,-999,-999,-999,-999,-999,0.1,-999,-999
6149002,20141007000000,43.744667,7.374833,385,5,13.2,18.8,16.4,-999,-999,-999,-999,-999,2.5,-999,-999
6149002,20141008000000,43.744667,7.374833,385,5,16,22.3,18.1,-999,-999,-999,-999,-999,0,-999,-999
6149002,20150128000000,43.744667,7.374833,385,5,1.7,8.5,4.4,-999,-999,-999,-999,-999,0,-999,-999
6149002,20150129000000,43.744667,7.374833,385,5,1.6,8.8,5.2,-999,-999,-999,-999,-999,8.4,-999,-999
6149002,20150130000000,43.744667,7.374833,385,5,2.6,7.2,4.8,-999,-999,-999,-999,-999,0,-999,-999
6149002,20150131000000,43.744667,7.374833,385,5,0.5,8.7,4,-999,-999,-999,-999,-999,0,-999,-999
6149002,20150201000000,43.744667,7.374833,385,5,0.8,8.8,4,-999,-999,-999,-999,-999,0,-999,-999
6149002,20150202000000,43.744667,7.374833,385,5,0.6,8.5,3.6,-999,-999,-999,-999,-999,0,-999,-999
6149002,20150203000000,43.744667,7.374833,385,5,1.2,7.3,4.8,-999,-999,-999,-999,-999,2.2,-999,-999
6149002,20150204000000,43.744667,7.374833,385,5,3.3,9,6.3,-999,-999,-999,-999,-999,3.1,-999,-999
6149002,20150205000000,43.744667,7.374833,385,5,3,9,5.6,-999,-999,-999,-999,-999,6.9,-999,-999
6149002,20150206000000,43.744667,7.374833,385,5,1.3,7.6,5,-999,-999,-999,-999,-999,2.8,-999,-999
6149002,20150207000000,43.744667,7.374833,385,5,3.5,10.4,6.5,-999,-999,-999,-999,-999,0,-999,-999
6149002,20150208000000,43.744667,7.374833,385,5,1.2,10,4.9,-999,-999,-999,-999,-999,0,-999,-999
6149002,20150209000000,43.744667,7.374833,385,5,1.2,8.6,4.4,-999,-999,-999,-999,-999,0,-999,-999
6149002,20150210000000,43.744667,7.374833,385,5,2.8,12.2,7.4,-999,-999,-999,-999,-999,0,-999,-999
6149002,20150211000000,43.744667,7.374833,385,5,3.8,12.7,7.2,-999,-999,-999,-999,-999,0,-999,-999
6149002,20150212000000,43.744667,7.374833,385,5,4.2,12.2,8,-999,-999,-999,-999,-999,0,-999,-999
6149002,20150213000000,43.744667,7.374833,385,5,4.5,10.3,6.8,-999,-999,-999,-999,-999,21.7,-999,-999
6149002,20150214000000,43.744667,7.374833,385,5,4.5,6.4,4.9,-999,-999,-999,-999,-999,-999,-999,-999
6149002,20150215000000,43.744667,7.374833,385,5,2.3,7.6,5.5,-999,-999,-999,-999,-999,14,-999,-999
6149002,20150216000000,43.744667,7.374833,385,5,5.1,13.3,9.6,-999,-999,-999,-999,-999,2.3,-999,-999
6149002,20150217000000,43.744667,7.374833,385,5,7.5,13.8,9.5,-999,-999,-999,-999,-999,0.4,-999,-999
6149002,20150218000000,43.744667,7.374833,385,5,5.2,14.4,8.5,-999,-999,-999,-999,-999,0,-999,-999
6149002,20150219000000,43.744667,7.374833,385,5,3.2,10.7,6.1,-999,-999,-999,-999,-999,0,-999,-999
6149002,20150220000000,43.744667,7.374833,385,5,2.3,8.8,5.8,-999,-999,-999,-999,-999,2.8,-999,-999
6149002,20150221000000,43.744667,7.374833,385,5,4,6.7,4.9,-999,-999,-999,-999,-999,29,-999,-999
6149002,20150222000000,43.744667,7.374833,385,5,3.9,12,6.6,-999,-999,-999,-999,-999,0,-999,-999
6149002,20150223000000,43.744667,7.374833,385,5,3.5,12.4,7.2,-999,-999,-999,-999,-999,0,-999,-999
6149002,20150224000000,43.744667,7.374833,385,5,5.2,9.1,6.7,-999,-999,-999,-999,-999,0.4,-999,-999
6149002,20150225000000,43.744667,7.374833,385,5,3.5,12.9,6.8,-999,-999,-999,-999,-999,0,-999,-999
6149002,20150226000000,43.744667,7.374833,385,5,2.6,11.7,6.4,-999,-999,-999,-999,-999,0,-999,-999
6149002,20150227000000,43.744667,7.374833,385,5,3.9,10.5,6.7,-999,-999,-999,-999,-999,0,-999,-999
6149002,20150228000000,43.744667,7.374833,385,5,4,12,7.7,-999,-999,-999,-999,-999,0,-999,-999
6149002,20150301000000,43.744667,7.374833,385,5,4.2,13.1,8.5,-999,-999,-999,-999,-999,0,-999,-999
6149002,20150302000000,43.744667,7.374833,385,5,6.1,20.2,13,-999,-999,-999,-999,-999,0,-999,-999
6149002,20150303000000,43.744667,7.374833,385,5,7.8,15.7,10.7,-999,-999,-999,-999,-999,0,-999,-999
6149002,20150304000000,43.744667,7.374833,385,5,6.4,12.2,9,-999,-999,-999,-999,-999,0.1,-999,-999
6149002,20150305000000,43.744667,7.374833,385,5,4.4,13.2,9.4,-999,-999,-999,-999,-999,0,-999,-999
6149002,20150306000000,43.744667,7.374833,385,5,3.7,-999,7.7,-999,-999,-999,-999,-999,-999,-999,-999
6149002,20150308000000,43.744667,7.374833,385,5,4.6,15.3,8.4,-999,-999,-999,-999,-999,0,-999,-999
6149002,20150309000000,43.744667,7.374833,385,5,4,12.2,7.6,-999,-999,-999,-999,-999,0,-999,-999
6149002,20150310000000,43.744667,7.374833,385,5,4,14.7,8.7,-999,-999,-999,-999,-999,0,-999,-999
6149002,20150311000000,43.744667,7.374833,385,5,6.6,12.8,9.4,-999,-999,-999,-999,-999,0,-999,-999
6149002,20150312000000,43.744667,7.374833,385,5,6.7,12.3,8.7,-999,-999,-999,-999,-999,0,-999,-999
6149002,20150313000000,43.744667,7.374833,385,5,5.2,12.7,9.3,-999,-999,-999,-999,-999,0,-999,-999
6149002,20150314000000,43.744667,7.374833,385,5,7.8,10.2,8.7,-999,-999,-999,-999,-999,10.2,-999,-999
6149002,20150315000000,43.744667,7.374833,385,5,6.2,9.4,7.8,-999,-999,-999,-999,-999,10.8,-999,-999
6149002,20150316000000,43.744667,7.374833,385,5,3,11.4,7.8,-999,-999,-999,-999,-999,12.9,-999,-999
6149002,20150317000000,43.744667,7.374833,385,5,6.5,13.9,10.6,-999,-999,-999,-999,-999,-999,-999,-999
6149002,20150318000000,43.744667,7.374833,385,5,6.7,14.7,10.1,-999,-999,-999,-999,-999,-999,-999,-999
6149002,20150319000000,43.744667,7.374833,385,5,6.7,15.7,10.7,-999,-999,-999,-999,-999,0,-999,-999
6149002,20150320000000,43.744667,7.374833,385,5,8.1,13.6,11.1,-999,-999,-999,-999,-999,0,-999,-999
6149002,20150321000000,43.744667,7.374833,385,5,9.5,11.6,10,-999,-999,-999,-999,-999,4.9,-999,-999
6149002,20150322000000,43.744667,7.374833,385,5,6.6,10.1,7.6,-999,-999,-999,-999,-999,3.4,-999,-999
6149002,20150323000000,43.744667,7.374833,385,5,5.3,15.3,10.6,-999,-999,-999,-999,-999,0,-999,-999
6149002,20150324000000,43.744667,7.374833,385,5,9.1,12.6,11.5,-999,-999,-999,-999,-999,-999,-999,-999
6149002,20150325000000,43.744667,7.374833,385,5,8.1,14.1,10.2,-999,-999,-999,-999,-999,2.1,-999,-999
6149002,20150326000000,43.744667,7.374833,385,5,6.8,15.4,10.7,-999,-999,-999,-999,-999,0,-999,-999
6149002,20150327000000,43.744667,7.374833,385,5,6.8,18.7,11.9,-999,-999,-999,-999,-999,0,-999,-999
6149002,20150328000000,43.744667,7.374833,385,5,7.7,17.3,12.2,-999,-999,-999,-999,-999,0,-999,-999
6149002,20150329000000,43.744667,7.374833,385,5,7.6,18,11.9,-999,-999,-999,-999,-999,0,-999,-999
6149002,20150330000000,43.744667,7.374833,385,5,7.7,17.5,12,-999,-999,-999,-999,-999,0,-999,-999
6149002,20150331000000,43.744667,7.374833,385,5,10.3,20.8,15.6,-999,-999,-999,-999,-999,0,-999,-999
6149002,20150401000000,43.744667,7.374833,385,5,10.2,17.6,13,-999,-999,-999,-999,-999,0,-999,-999
6149002,20150402000000,43.744667,7.374833,385,5,7.5,16.6,10.9,-999,-999,-999,-999,-999,0,-999,-999
6149002,20150403000000,43.744667,7.374833,385,5,6.4,14.4,10.4,-999,-999,-999,-999,-999,0,-999,-999
6149002,20150404000000,43.744667,7.374833,385,5,6.5,14.4,9.9,-999,-999,-999,-999,-999,3.6,-999,-999
6149002,20150405000000,43.744667,7.374833,385,5,7.2,12.4,8.6,-999,-999,-999,-999,-999,3.6,-999,-999
6149002,20150406000000,43.744667,7.374833,385,5,2.1,11.5,7.1,-999,-999,-999,-999,-999,0,-999,-999
6149002,20150407000000,43.744667,7.374833,385,5,3.3,12,7.7,-999,-999,-999,-999,-999,-999,-999,-999
6149002,20150408000000,43.744667,7.374833,385,5,4.2,17.5,11.6,-999,-999,-999,-999,-999,0,-999,-999
6149002,20150409000000,43.744667,7.374833,385,5,6.6,19.4,12.2,-999,-999,-999,-999,-999,0,-999,-999
6149002,20150410000000,43.744667,7.374833,385,5,7.1,16.2,10.9,-999,-999,-999,-999,-999,0,-999,-999
6149002,20150411000000,43.744667,7.374833,385,5,5.8,15,10.5,-999,-999,-999,-999,-999,0,-999,-999
6149002,20150412000000,43.744667,7.374833,385,5,8.3,19.2,13.6,-999,-999,-999,-999,-999,0,-999,-999
6149002,20150413000000,43.744667,7.374833,385,5,11.3,21.7,16.2,-999,-999,-999,-999,-999,0,-999,-999
6149002,20150414000000,43.744667,7.374833,385,5,9.1,21.9,14.8,-999,-999,-999,-999,-999,0,-999,-999
6149002,20150415000000,43.744667,7.374833,385,5,8.6,18,12.7,-999,-999,-999,-999,-999,0,-999,-999
6149002,20150416000000,43.744667,7.374833,385,5,8.3,18.4,13.1,-999,-999,-999,-999,-999,-999,-999,-999
6149002,20150417000000,43.744667,7.374833,385,5,10.1,18.2,13.8,-999,-999,-999,-999,-999,0,-999,-999
6149002,20150418000000,43.744667,7.374833,385,5,10.8,17.5,13.8,-999,-999,-999,-999,-999,0,-999,-999
6149002,20150419000000,43.744667,7.374833,385,5,11,14.7,12.2,-999,-999,-999,-999,-999,0.9,-999,-999
6149002,20150420000000,43.744667,7.374833,385,5,7.8,16.7,12.4,-999,-999,-999,-999,-999,0,-999,-999
6149002,20150421000000,43.744667,7.374833,385,5,10,22,16,-999,-999,-999,-999,-999,0,-999,-999
6149002,20150422000000,43.744667,7.374833,385,5,10.8,21.1,15.3,-999,-999,-999,-999,-999,0,-999,-999
6149002,20150423000000,43.744667,7.374833,385,5,11.9,18.4,14.3,-999,-999,-999,-999,-999,0,-999,-999
6149002,20150424000000,43.744667,7.374833,385,5,8.5,17,13,-999,-999,-999,-999,-999,0,-999,-999
6149002,20150425000000,43.744667,7.374833,385,5,10,17.2,13.1,-999,-999,-999,-999,-999,0.8,-999,-999
6149002,20150426000000,43.744667,7.374833,385,5,11.6,16,13.7,-999,-999,-999,-999,-999,4.4,-999,-999
6149002,20150427000000,43.744667,7.374833,385,5,11,14,12.3,-999,-999,-999,-999,-999,9.6,-999,-999
6149002,20150428000000,43.744667,7.374833,385,5,8.7,19.2,13.1,-999,-999,-999,-999,-999,1.9,-999,-999
6149002,20150429000000,43.744667,7.374833,385,5,10.7,16.6,13.1,-999,-999,-999,-999,-999,0,-999,-999
6149002,20150430000000,43.744667,7.374833,385,5,8.6,17.8,12.9,-999,-999,-999,-999,-999,0,-999,-999
6149002,20150501000000,43.744667,7.374833,385,5,10.1,15.1,12.9,-999,-999,-999,-999,-999,2.7,-999,-999
6149002,20150502000000,43.744667,7.374833,385,5,11.5,19.2,14.8,-999,-999,-999,-999,-999,0,-999,-999
6149002,20150503000000,43.744667,7.374833,385,5,12,21.2,15.5,-999,-999,-999,-999,-999,0,-999,-999
6149002,20150504000000,43.744667,7.374833,385,5,-999,-999,17.5,-999,-999,-999,-999,-999,-999,-999,-999
6149002,20150505000000,43.744667,7.374833,385,5,15.5,22.8,18.8,-999,-999,-999,-999,-999,0.1,-999,-999
6149002,20150506000000,43.744667,7.374833,385,5,14.5,23.3,17.5,-999,-999,-999,-999,-999,0,-999,-999
6149002,20150507000000,43.744667,7.374833,385,5,10.5,23.8,16.1,-999,-999,-999,-999,-999,-999,-999,-999
6149002,20150508000000,43.744667,7.374833,385,5,10.7,21.2,15.2,-999,-999,-999,-999,-999,0,-999,-999
6149002,20150509000000,43.744667,7.374833,385,5,12.3,25,18.5,-999,-999,-999,-999,-999,0,-999,-999
6149002,20150510000000,43.744667,7.374833,385,5,16.1,25.6,20.4,-999,-999,-999,-999,-999,0,-999,-999
6149002,20150511000000,43.744667,7.374833,385,5,14.8,25.2,19.4,-999,-999,-999,-999,-999,0,-999,-999
6149002,20150512000000,43.744667,7.374833,385,5,14.2,25.9,20.2,-999,-999,-999,-999,-999,0,-999,-999
6149002,20150513000000,43.744667,7.374833,385,5,13.6,22.3,17.7,-999,-999,-999,-999,-999,0,-999,-999
6149002,20150514000000,43.744667,7.374833,385,5,13.8,22.5,17.4,-999,-999,-999,-999,-999,1,-999,-999
6149002,20150515000000,43.744667,7.374833,385,5,13.9,21.3,16.6,-999,-999,-999,-999,-999,0.9,-999,-999
6149002,20150516000000,43.744667,7.374833,385,5,9.7,22.6,16.5,-999,-999,-999,-999,-999,0,-999,-999
6149002,20150517000000,43.744667,7.374833,385,5,13.9,26.5,20.7,-999,-999,-999,-999,-999,0,-999,-999
6149002,20150518000000,43.744667,7.374833,385,5,16.3,25.5,20.7,-999,-999,-999,-999,-999,0,-999,-999
6149002,20150519000000,43.744667,7.374833,385,5,12.1,19.3,15.5,-999,-999,-999,-999,-999,-999,-999,-999
6149002,20150520000000,43.744667,7.374833,385,5,12.6,22.2,16.9,-999,-999,-999,-999,-999,12.9,-999,-999
6149002,20150521000000,43.744667,7.374833,385,5,6.1,15.6,11.4,-999,-999,-999,-999,-999,0.1,-999,-999
6149002,20150522000000,43.744667,7.374833,385,5,9,19,14.5,-999,-999,-999,-999,-999,0,-999,-999
6149002,20150523000000,43.744667,7.374833,385,5,12.4,19.3,14.9,-999,-999,-999,-999,-999,0,-999,-999
6149002,20150524000000,43.744667,7.374833,385,5,12.2,19.2,15.3,-999,-999,-999,-999,-999,1.8,-999,-999
6149002,20150525000000,43.744667,7.374833,385,5,12.7,20.9,15.8,-999,-999,-999,-999,-999,2.3,-999,-999
6149002,20150526000000,43.744667,7.374833,385,5,12.6,21.3,16,-999,-999,-999,-999,-999,0.6,-999,-999
6149002,20150527000000,43.744667,7.374833,385,5,12.9,21.6,17.2,-999,-999,-999,-999,-999,0,-999,-999
6149002,20150528000000,43.744667,7.374833,385,5,12,21.9,17.1,-999,-999,-999,-999,-999,0,-999,-999
6149002,20150529000000,43.744667,7.374833,385,5,11.7,20.3,15.7,-999,-999,-999,-999,-999,0,-999,-999
6149002,20150530000000,43.744667,7.374833,385,5,11.7,21.1,16.7,-999,-999,-999,-999,-999,-999,-999,-999
6149002,20150531000000,43.744667,7.374833,385,5,15.3,21.3,17.2,-999,-999,-999,-999,-999,0,-999,-999
6149002,20150601000000,43.744667,7.374833,385,5,13.6,22.3,17.7,-999,-999,-999,-999,-999,0,-999,-999
6149002,20150602000000,43.744667,7.374833,385,5,14.1,22.2,18.2,-999,-999,-999,-999,-999,0,-999,-999
6149002,20150603000000,43.744667,7.374833,385,5,15.1,24.2,19.8,-999,-999,-999,-999,-999,0,-999,-999
6149002,20150604000000,43.744667,7.374833,385,5,16.3,29.2,22.8,-999,-999,-999,-999,-999,0,-999,-999
6149002,20150605000000,43.744667,7.374833,385,5,19,29.5,25.2,-999,-999,-999,-999,-999,0,-999,-999
6149002,20150606000000,43.744667,7.374833,385,5,19.8,31.2,25.8,-999,-999,-999,-999,-999,0,-999,-999
6149002,20150607000000,43.744667,7.374833,385,5,20.5,29,24.6,-999,-999,-999,-999,-999,0,-999,-999
6149002,20150608000000,43.744667,7.374833,385,5,19.4,28,23.3,-999,-999,-999,-999,-999,0,-999,-999
6149002,20150609000000,43.744667,7.374833,385,5,-999,-999,21.3,-999,-999,-999,-999,-999,-999,-999,-999
6149002,20150610000000,43.744667,7.374833,385,5,16.1,25.9,21.6,-999,-999,-999,-999,-999,0,-999,-999
6149002,20150611000000,43.744667,7.374833,385,5,17.1,26.8,22.9,-999,-999,-999,-999,-999,1.1,-999,-999
6149002,20150612000000,43.744667,7.374833,385,5,18.3,25.1,21.8,-999,-999,-999,-999,-999,5.3,-999,-999
6149002,20150613000000,43.744667,7.374833,385,5,14.5,24.1,20.4,-999,-999,-999,-999,-999,1.7,-999,-999
6149002,20150614000000,43.744667,7.374833,385,5,15.5,23,19.5,-999,-999,-999,-999,-999,4.5,-999,-999
6149002,20150615000000,43.744667,7.374833,385,5,15,25.7,19.6,-999,-999,-999,-999,-999,0.1,-999,-999
6149002,20150618000000,43.744667,7.374833,385,5,16.5,25.6,21.2,-999,-999,-999,-999,-999,0,-999,-999
6149002,20150619000000,43.744667,7.374833,385,5,15.9,23.8,20.6,-999,-999,-999,-999,-999,0,-999,-999
6149002,20150620000000,43.744667,7.374833,385,5,17,24.4,20,-999,-999,-999,-999,-999,0.2,-999,-999
6149002,20150621000000,43.744667,7.374833,385,5,16.2,24.8,20.5,-999,-999,-999,-999,-999,0,-999,-999
6149002,20150622000000,43.744667,7.374833,385,5,15.6,23.4,19.9,-999,-999,-999,-999,-999,0,-999,-999
6149002,20150623000000,43.744667,7.374833,385,5,16.1,28.5,22.3,-999,-999,-999,-999,-999,0,-999,-999
6149002,20150624000000,43.744667,7.374833,385,5,16.9,25.3,21,-999,-999,-999,-999,-999,0,-999,-999
6149002,20150625000000,43.744667,7.374833,385,5,15.7,25.3,20.5,-999,-999,-999,-999,-999,0,-999,-999
6149002,20150626000000,43.744667,7.374833,385,5,15.7,26.9,22.1,-999,-999,-999,-999,-999,0,-999,-999
6149002,20150627000000,43.744667,7.374833,385,5,17.4,25.6,21.4,-999,-999,-999,-999,-999,0,-999,-999
6149002,20150628000000,43.744667,7.374833,385,5,17.1,28.4,23.2,-999,-999,-999,-999,-999,0,-999,-999
6149002,20150629000000,43.744667,7.374833,385,5,19.6,28.2,23.5,-999,-999,-999,-999,-999,0,-999,-999
6149002,20150630000000,43.744667,7.374833,385,5,19.6,28.8,24.2,-999,-999,-999,-999,-999,0,-999,-999
6149002,20150701000000,43.744667,7.374833,385,5,21.2,30.2,25.7,-999,-999,-999,-999,-999,0,-999,-999
6149002,20150702000000,43.744667,7.374833,385,5,20.6,31.9,26.7,-999,-999,-999,-999,-999,0,-999,-999
6149002,20150703000000,43.744667,7.374833,385,5,20.6,32.8,26.9,-999,-999,-999,-999,-999,0,-999,-999
6149002,20150704000000,43.744667,7.374833,385,5,23.5,32.9,27.8,-999,-999,-999,-999,-999,0,-999,-999
6149002,20150705000000,43.744667,7.374833,385,5,21.7,31.9,27.2,-999,-999,-999,-999,-999,0,-999,-999
6149002,20150706000000,43.744667,7.374833,385,5,21.6,29.9,25.8,-999,-999,-999,-999,-999,0,-999,-999
6149002,20150707000000,43.744667,7.374833,385,5,20.7,30.6,25.5,-999,-999,-999,-999,-999,0,-999,-999
6149002,20150708000000,43.744667,7.374833,385,5,20.8,30.2,24.9,-999,-999,-999,-999,-999,0,-999,-999
6149002,20150709000000,43.744667,7.374833,385,5,19.7,31.3,25,-999,-999,-999,-999,-999,0,-999,-999
6149002,20150710000000,43.744667,7.374833,385,5,21.5,29.7,25.4,-999,-999,-999,-999,-999,0,-999,-999
6149002,20150711000000,43.744667,7.374833,385,5,20.2,29.5,24.8,-999,-999,-999,-999,-999,0,-999,-999
6149002,20150712000000,43.744667,7.374833,385,5,19.8,29.3,24,-999,-999,-999,-999,-999,0,-999,-999
6149002,20150713000000,43.744667,7.374833,385,5,19.8,28.1,24.3,-999,-999,-999,-999,-999,0,-999,-999
6149002,20150714000000,43.744667,7.374833,385,5,21.7,30.9,25.6,-999,-999,-999,-999,-999,0,-999,-999
6149002,20150715000000,43.744667,7.374833,385,5,21.2,29.1,25,-999,-999,-999,-999,-999,0,-999,-999
6149002,20150716000000,43.744667,7.374833,385,5,20.7,30.1,25.2,-999,-999,-999,-999,-999,0,-999,-999
6149002,20150717000000,43.744667,7.374833,385,5,20.4,32.3,25.8,-999,-999,-999,-999,-999,0,-999,-999
6149002,20150718000000,43.744667,7.374833,385,5,20.6,31.5,26,-999,-999,-999,-999,-999,0,-999,-999
6149002,20150719000000,43.744667,7.374833,385,5,20.1,31.4,25.8,-999,-999,-999,-999,-999,0,-999,-999
6149002,20150720000000,43.744667,7.374833,385,5,21.3,28.3,25.1,-999,-999,-999,-999,-999,0,-999,-999
6149002,20150721000000,43.744667,7.374833,385,5,21.6,31,25.8,-999,-999,-999,-999,-999,0,-999,-999
6149002,20150722000000,43.744667,7.374833,385,5,20.8,32,26,-999,-999,-999,-999,-999,0,-999,-999
6149002,20150723000000,43.744667,7.374833,385,5,21.4,29,25.3,-999,-999,-999,-999,-999,0,-999,-999
6149002,20150724000000,43.744667,7.374833,385,5,21.7,30.4,25.7,-999,-999,-999,-999,-999,0,-999,-999
6149002,20150725000000,43.744667,7.374833,385,5,21,33.9,26.8,-999,-999,-999,-999,-999,0,-999,-999
6149002,20150726000000,43.744667,7.374833,385,5,19.4,27.4,23.5,-999,-999,-999,-999,-999,0,-999,-999
6149002,20150727000000,43.744667,7.374833,385,5,18.7,33.5,26.8,-999,-999,-999,-999,-999,0,-999,-999
6149002,20150728000000,43.744667,7.374833,385,5,19.8,27.4,23.2,-999,-999,-999,-999,-999,0,-999,-999
6149002,20150729000000,43.744667,7.374833,385,5,17.7,33.3,25.6,-999,-999,-999,-999,-999,0,-999,-999
6149002,20150730000000,43.744667,7.374833,385,5,19.4,27.7,23.7,-999,-999,-999,-999,-999,0,-999,-999
6149002,20150731000000,43.744667,7.374833,385,5,19.7,26.8,23.4,-999,-999,-999,-999,-999,0.8,-999,-999
6149002,20150801000000,43.744667,7.374833,385,5,19.3,26,22,-999,-999,-999,-999,-999,0,-999,-999
6149002,20150802000000,43.744667,7.374833,385,5,17.7,25.7,21.7,-999,-999,-999,-999,-999,0,-999,-999
6149002,20150803000000,43.744667,7.374833,385,5,19.2,29,24.5,-999,-999,-999,-999,-999,0,-999,-999
6149002,20150804000000,43.744667,7.374833,385,5,21.3,31.7,26,-999,-999,-999,-999,-999,0,-999,-999
6149002,20150805000000,43.744667,7.374833,385,5,20.7,30.9,26,-999,-999,-999,-999,-999,0,-999,-999
6149002,20150806000000,43.744667,7.374833,385,5,22.9,33.2,28.2,-999,-999,-999,-999,-999,0,-999,-999
6149002,20150807000000,43.744667,7.374833,385,5,24.3,33.6,28.9,-999,-999,-999,-999,-999,0,-999,-999
6149002,20150808000000,43.744667,7.374833,385,5,24.3,34.8,29.4,-999,-999,-999,-999,-999,0,-999,-999
6149002,20150809000000,43.744667,7.374833,385,5,23.6,29.3,25.7,-999,-999,-999,-999,-999,0.4,-999,-999
6149002,20150810000000,43.744667,7.374833,385,5,18.9,24.3,21.1,-999,-999,-999,-999,-999,1.7,-999,-999
6149002,20150811000000,43.744667,7.374833,385,5,18.3,30.3,24.7,-999,-999,-999,-999,-999,0,-999,-999
6149002,20150812000000,43.744667,7.374833,385,5,20.9,32.2,26.7,-999,-999,-999,-999,-999,0,-999,-999
6149002,20150813000000,43.744667,7.374833,385,5,22.3,33.3,26.9,-999,-999,-999,-999,-999,0,-999,-999
6149002,20150814000000,43.744667,7.374833,385,5,21.3,28,23.6,-999,-999,-999,-999,-999,0.2,-999,-999
6149002,20150815000000,43.744667,7.374833,385,5,17.8,26.1,20.3,-999,-999,-999,-999,-999,0.6,-999,-999
6149002,20150816000000,43.744667,7.374833,385,5,16.3,22.9,19,-999,-999,-999,-999,-999,1.2,-999,-999
6149002,20150817000000,43.744667,7.374833,385,5,15.1,25,20.1,-999,-999,-999,-999,-999,0,-999,-999
6149002,20150818000000,43.744667,7.374833,385,5,15,24.2,19.6,-999,-999,-999,-999,-999,0,-999,-999
6149002,20150819000000,43.744667,7.374833,385,5,15,24.9,20,-999,-999,-999,-999,-999,0,-999,-999
6149002,20150820000000,43.744667,7.374833,385,5,16.1,26.4,21.5,-999,-999,-999,-999,-999,0,-999,-999
6149002,20150821000000,43.744667,7.374833,385,5,17.7,26.3,22.1,-999,-999,-999,-999,-999,0,-999,-999
6149002,20150822000000,43.744667,7.374833,385,5,18.1,25.7,21.4,-999,-999,-999,-999,-999,0.8,-999,-999
6149002,20150823000000,43.744667,7.374833,385,5,16.2,23.1,18.8,-999,-999,-999,-999,-999,8.7,-999,-999
6149002,20150824000000,43.744667,7.374833,385,5,17.1,23.8,19.9,-999,-999,-999,-999,-999,1,-999,-999
6149002,20150825000000,43.744667,7.374833,385,5,15.1,24.9,20.2,-999,-999,-999,-999,-999,0,-999,-999
6149002,20150826000000,43.744667,7.374833,385,5,16.4,26.1,20.8,-999,-999,-999,-999,-999,0,-999,-999
6149002,20150827000000,43.744667,7.374833,385,5,17.2,26.7,21.8,-999,-999,-999,-999,-999,0,-999,-999
6149002,20150828000000,43.744667,7.374833,385,5,17.7,28.9,22.8,-999,-999,-999,-999,-999,0,-999,-999
6149002,20150829000000,43.744667,7.374833,385,5,19.3,29.7,24.9,-999,-999,-999,-999,-999,0,-999,-999
6149002,20150830000000,43.744667,7.374833,385,5,19.1,29.6,23.9,-999,-999,-999,-999,-999,0,-999,-999
6149002,20150831000000,43.744667,7.374833,385,5,18.6,29.8,23.4,-999,-999,-999,-999,-999,0,-999,-999
6149002,20150901000000,43.744667,7.374833,385,5,19.7,29.7,22.8,-999,-999,-999,-999,-999,0.2,-999,-999
6149002,20150902000000,43.744667,7.374833,385,5,17.3,26.1,21.4,-999,-999,-999,-999,-999,0,-999,-999
6149002,20150903000000,43.744667,7.374833,385,5,16.2,24.4,19.8,-999,-999,-999,-999,-999,0,-999,-999
6149002,20150904000000,43.744667,7.374833,385,5,16.5,23.8,19.9,-999,-999,-999,-999,-999,0.1,-999,-999
6149002,20150905000000,43.744667,7.374833,385,5,15.1,27,20.4,-999,-999,-999,-999,-999,0,-999,-999
6149002,20150906000000,43.744667,7.374833,385,5,14,22.8,18.3,-999,-999,-999,-999,-999,0,-999,-999
6149002,20150907000000,43.744667,7.374833,385,5,14,24.4,18.8,-999,-999,-999,-999,-999,0,-999,-999
6149002,20150908000000,43.744667,7.374833,385,5,15.3,22.5,19.2,-999,-999,-999,-999,-999,0,-999,-999
6149002,20150909000000,43.744667,7.374833,385,5,16,22.9,19,-999,-999,-999,-999,-999,0,-999,-999
6149002,20150910000000,43.744667,7.374833,385,5,15.4,22.3,18.7,-999,-999,-999,-999,-999,0,-999,-999
6149002,20150911000000,43.744667,7.374833,385,5,13.4,21.9,17.5,-999,-999,-999,-999,-999,0,-999,-999
6149002,20150912000000,43.744667,7.374833,385,5,13.7,22.2,19.1,-999,-999,-999,-999,-999,5.3,-999,-999
6149002,20150913000000,43.744667,7.374833,385,5,14.6,20.3,18.4,-999,-999,-999,-999,-999,10.1,-999,-999
6149002,20150914000000,43.744667,7.374833,385,5,17.5,24.9,19.9,-999,-999,-999,-999,-999,0,-999,-999
6149002,20150915000000,43.744667,7.374833,385,5,14.9,22.8,18,-999,-999,-999,-999,-999,1.6,-999,-999
6149002,20150916000000,43.744667,7.374833,385,5,14.5,23.1,19.5,-999,-999,-999,-999,-999,2.2,-999,-999
6149002,20150917000000,43.744667,7.374833,385,5,18.4,23.2,20,-999,-999,-999,-999,-999,0,-999,-999
6149002,20150918000000,43.744667,7.374833,385,5,14.4,25.2,19.5,-999,-999,-999,-999,-999,0,-999,-999
6149002,20150919000000,43.744667,7.374833,385,5,14.2,22.6,18.2,-999,-999,-999,-999,-999,0,-999,-999
6149002,20150920000000,43.744667,7.374833,385,5,12.9,24.4,18.3,-999,-999,-999,-999,-999,0,-999,-999
6149002,20150921000000,43.744667,7.374833,385,5,13.5,24.5,17.6,-999,-999,-999,-999,-999,0,-999,-999
6149002,20150922000000,43.744667,7.374833,385,5,12.4,20.3,16.2,-999,-999,-999,-999,-999,0,-999,-999
6149002,20150923000000,43.744667,7.374833,385,5,13.2,21,15.5,-999,-999,-999,-999,-999,0.5,-999,-999
6149002,20150924000000,43.744667,7.374833,385,5,10.2,22.1,15.5,-999,-999,-999,-999,-999,0,-999,-999
6149002,20150925000000,43.744667,7.374833,385,5,-999,-999,17,-999,-999,-999,-999,-999,-999,-999,-999
6149002,20150926000000,43.744667,7.374833,385,5,14.4,22,17.8,-999,-999,-999,-999,-999,0,-999,-999
6149002,20150927000000,43.744667,7.374833,385,5,13.4,21.1,16.7,-999,-999,-999,-999,-999,0.3,-999,-999
6149002,20150928000000,43.744667,7.374833,385,5,13.8,20.1,16.7,-999,-999,-999,-999,-999,0,-999,-999
6149002,20150929000000,43.744667,7.374833,385,5,13.8,19.1,15.8,-999,-999,-999,-999,-999,0,-999,-999
6149002,20150930000000,43.744667,7.374833,385,5,10.7,19.4,15.6,-999,-999,-999,-999,-999,0,-999,-999
6149002,20151001000000,43.744667,7.374833,385,5,11.8,-999,13.9,-999,-999,-999,-999,-999,-999,-999,-999
6149002,20151002000000,43.744667,7.374833,385,5,-999,11.7,11.1,-999,-999,-999,-999,-999,10.4,-999,-999
6149002,20151003000000,43.744667,7.374833,385,5,9.5,18,13.6,-999,-999,-999,-999,-999,4.2,-999,-999
6149002,20151004000000,43.744667,7.374833,385,5,11.2,19.9,15.5,-999,-999,-999,-999,-999,0,-999,-999
6149002,20151005000000,43.744667,7.374833,385,5,14.1,20.2,16.8,-999,-999,-999,-999,-999,0,-999,-999
6149002,20151006000000,43.744667,7.374833,385,5,15.1,22.1,17.9,-999,-999,-999,-999,-999,0,-999,-999
6149002,20151007000000,43.744667,7.374833,385,5,13.3,22.1,17,-999,-999,-999,-999,-999,0,-999,-999
6149002,20151008000000,43.744667,7.374833,385,5,13.8,20.2,16.5,-999,-999,-999,-999,-999,0,-999,-999
6149002,20151009000000,43.744667,7.374833,385,5,12.9,18.6,16.2,-999,-999,-999,-999,-999,0,-999,-999
6149002,20151010000000,43.744667,7.374833,385,5,12.9,21.3,15.7,-999,-999,-999,-999,-999,0,-999,-999
6149002,20151011000000,43.744667,7.374833,385,5,11.6,19.3,14.8,-999,-999,-999,-999,-999,0,-999,-999
6149002,20151012000000,43.744667,7.374833,385,5,12.4,17.3,14.4,-999,-999,-999,-999,-999,2.8,-999,-999
6149002,20151013000000,43.744667,7.374833,385,5,12.4,18.7,15,-999,-999,-999,-999,-999,0.7,-999,-999
6149002,20151014000000,43.744667,7.374833,385,5,11.8,17,13.3,-999,-999,-999,-999,-999,0,-999,-999
6149002,20151015000000,43.744667,7.374833,385,5,8.8,13.9,10.5,-999,-999,-999,-999,-999,0,-999,-999
6149002,20151016000000,43.744667,7.374833,385,5,5,13.5,9.9,-999,-999,-999,-999,-999,0,-999,-999
6149002,20151017000000,43.744667,7.374833,385,5,7.1,16.3,11,-999,-999,-999,-999,-999,0,-999,-999
6149002,20151018000000,43.744667,7.374833,385,5,9.2,12.8,12,-999,-999,-999,-999,-999,0.5,-999,-999
6149002,20151019000000,43.744667,7.374833,385,5,11.9,15.8,12.8,-999,-999,-999,-999,-999,0,-999,-999
6149002,20151020000000,43.744667,7.374833,385,5,8.9,16.8,12.4,-999,-999,-999,-999,-999,0,-999,-999
6149002,20151021000000,43.744667,7.374833,385,5,8.6,16.3,11.7,-999,-999,-999,-999,-999,0,-999,-999
6149002,20151022000000,43.744667,7.374833,385,5,7.7,16.2,11.4,-999,-999,-999,-999,-999,0,-999,-999
6149002,20151023000000,43.744667,7.374833,385,5,9.8,18.6,13,-999,-999,-999,-999,-999,0,-999,-999
6149002,20151024000000,43.744667,7.374833,385,5,10.3,18.1,13.2,-999,-999,-999,-999,-999,0,-999,-999
6149002,20151025000000,43.744667,7.374833,385,5,11.1,18.3,13.8,-999,-999,-999,-999,-999,0,-999,-999
6149002,20151026000000,43.744667,7.374833,385,5,11.5,16.2,14,-999,-999,-999,-999,-999,0,-999,-999
6149002,20151027000000,43.744667,7.374833,385,5,12.3,16.8,14.5,-999,-999,-999,-999,-999,2.4,-999,-999
6149002,20151028000000,43.744667,7.374833,385,5,11,15.2,12.7,-999,-999,-999,-999,-999,1.7,-999,-999
6149002,20151029000000,43.744667,7.374833,385,5,8.9,15.4,11.1,-999,-999,-999,-999,-999,0,-999,-999
6149002,20151030000000,43.744667,7.374833,385,5,9.2,17.3,12.7,-999,-999,-999,-999,-999,0,-999,-999
6149002,20151031000000,43.744667,7.374833,385,5,-999,-999,14.9,-999,-999,-999,-999,-999,-999,-999,-999
6149002,20151101000000,43.744667,7.374833,385,5,10.4,18.3,13.6,-999,-999,-999,-999,-999,0,-999,-999
6149002,20151102000000,43.744667,7.374833,385,5,8,16.1,12.2,-999,-999,-999,-999,-999,0,-999,-999
6149002,20151103000000,43.744667,7.374833,385,5,10,14.2,12.8,-999,-999,-999,-999,-999,1.6,-999,-999
6149002,20151104000000,43.744667,7.374833,385,5,10.2,16.8,12.4,-999,-999,-999,-999,-999,0,-999,-999
6149002,20151105000000,43.744667,7.374833,385,5,10,15.8,12.4,-999,-999,-999,-999,-999,0,-999,-999
6149002,20151106000000,43.744667,7.374833,385,5,10.6,16.1,12.2,-999,-999,-999,-999,-999,0,-999,-999
6149002,20151107000000,43.744667,7.374833,385,5,10.3,18.4,13.2,-999,-999,-999,-999,-999,0,-999,-999
6149002,20151108000000,43.744667,7.374833,385,5,10.9,17.8,12.7,-999,-999,-999,-999,-999,0,-999,-999
6149002,20151109000000,43.744667,7.374833,385,5,9.4,14.8,12.1,-999,-999,-999,-999,-999,0,-999,-999
6149002,20151110000000,43.744667,7.374833,385,5,10.3,17.1,12.9,-999,-999,-999,-999,-999,0,-999,-999
6149002,20151111000000,43.744667,7.374833,385,5,12.1,15.6,13.7,-999,-999,-999,-999,-999,0,-999,-999
6149002,20151112000000,43.744667,7.374833,385,5,9.3,16.5,12,-999,-999,-999,-999,-999,0,-999,-999
6149002,20151113000000,43.744667,7.374833,385,5,9.6,14.3,11.6,-999,-999,-999,-999,-999,0,-999,-999
6149002,20151114000000,43.744667,7.374833,385,5,9.5,15.6,12,-999,-999,-999,-999,-999,0,-999,-999
6149002,20151115000000,43.744667,7.374833,385,5,8.9,15,11.2,-999,-999,-999,-999,-999,0,-999,-999
6149002,20151116000000,43.744667,7.374833,385,5,8.6,15.5,11.3,-999,-999,-999,-999,-999,0,-999,-999
6149002,20151117000000,43.744667,7.374833,385,5,9.9,15.1,11.5,-999,-999,-999,-999,-999,0,-999,-999
6149002,20151118000000,43.744667,7.374833,385,5,9.1,15.8,11.5,-999,-999,-999,-999,-999,0,-999,-999
6149002,20151119000000,43.744667,7.374833,385,5,9.8,15.7,12.2,-999,-999,-999,-999,-999,0,-999,-999
6149002,20151120000000,43.744667,7.374833,385,5,8.6,18.2,12.6,-999,-999,-999,-999,-999,0,-999,-999
6149002,20151121000000,43.744667,7.374833,385,5,9.4,14.7,11.4,-999,-999,-999,-999,-999,0.3,-999,-999
6149002,20151122000000,43.744667,7.374833,385,5,3.3,9.9,6.2,-999,-999,-999,-999,-999,0.6,-999,-999
6149002,20151123000000,43.744667,7.374833,385,5,2.7,9.6,6.7,-999,-999,-999,-999,-999,0,-999,-999
6149002,20151124000000,43.744667,7.374833,385,5,2.2,10.9,5,-999,-999,-999,-999,-999,0,-999,-999
6149002,20151125000000,43.744667,7.374833,385,5,3.7,9.6,5.9,-999,-999,-999,-999,-999,0,-999,-999
6149002,20151126000000,43.744667,7.374833,385,5,3.2,9.8,6.9,-999,-999,-999,-999,-999,0,-999,-999
6149002,20151127000000,43.744667,7.374833,385,5,3.8,10.2,6.3,-999,-999,-999,-999,-999,0,-999,-999
6149002,20151128000000,43.744667,7.374833,385,5,3.5,10.6,6.4,-999,-999,-999,-999,-999,0,-999,-999
6149002,20151129000000,43.744667,7.374833,385,5,4.4,12,7.5,-999,-999,-999,-999,-999,0,-999,-999
6149002,20151130000000,43.744667,7.374833,385,5,5.2,11.4,7.8,-999,-999,-999,-999,-999,0,-999,-999
6149002,20151201000000,43.744667,7.374833,385,5,5.7,11,7.8,-999,-999,-999,-999,-999,0,-999,-999
6149002,20151202000000,43.744667,7.374833,385,5,6,11.8,9.3,-999,-999,-999,-999,-999,-999,-999,-999
6149002,20151203000000,43.744667,7.374833,385,5,8.1,11.5,9.7,-999,-999,-999,-999,-999,0,-999,-999
6149002,20151204000000,43.744667,7.374833,385,5,5.3,10.7,8.3,-999,-999,-999,-999,-999,0,-999,-999
6149002,20151205000000,43.744667,7.374833,385,5,7.7,10.9,9.7,-999,-999,-999,-999,-999,2.1,-999,-999
6149002,20151206000000,43.744667,7.374833,385,5,9.4,12.3,10.4,-999,-999,-999,-999,-999,0,-999,-999
6149002,20151207000000,43.744667,7.374833,385,5,9.4,12.8,10.2,-999,-999,-999,-999,-999,0.9,-999,-999
6149002,20151208000000,43.744667,7.374833,385,5,7.3,11,8.5,-999,-999,-999,-999,-999,0,-999,-999
6149002,20151209000000,43.744667,7.374833,385,5,6.9,12.1,9,-999,-999,-999,-999,-999,0,-999,-999
6149002,20151210000000,43.744667,7.374833,385,5,6.1,10.8,7.8,-999,-999,-999,-999,-999,0,-999,-999
6149002,20151211000000,43.744667,7.374833,385,5,5.8,9.4,7.1,-999,-999,-999,-999,-999,0,-999,-999
6149002,20151212000000,43.744667,7.374833,385,5,4.3,10,6.5,-999,-999,-999,-999,-999,0,-999,-999
6149002,20151213000000,43.744667,7.374833,385,5,4.3,11.5,8.3,-999,-999,-999,-999,-999,0,-999,-999
6149002,20151214000000,43.744667,7.374833,385,5,8.5,11.8,9.8,-999,-999,-999,-999,-999,0,-999,-999
6149002,20151215000000,43.744667,7.374833,385,5,5.7,10.2,8.6,-999,-999,-999,-999,-999,0,-999,-999
6149002,20151216000000,43.744667,7.374833,385,5,8.2,12.6,9.6,-999,-999,-999,-999,-999,0,-999,-999
6149002,20151217000000,43.744667,7.374833,385,5,7.4,12.7,9.4,-999,-999,-999,-999,-999,0,-999,-999
6149002,20151218000000,43.744667,7.374833,385,5,8.1,12.2,9.8,-999,-999,-999,-999,-999,0,-999,-999
6149002,20151219000000,43.744667,7.374833,385,5,7.1,13.2,10.3,-999,-999,-999,-999,-999,0,-999,-999
6149002,20151220000000,43.744667,7.374833,385,5,7.1,11.7,9.1,-999,-999,-999,-999,-999,0,-999,-999
6149002,20151221000000,43.744667,7.374833,385,5,7.7,12.8,9.9,-999,-999,-999,-999,-999,0,-999,-999
6149002,20151222000000,43.744667,7.374833,385,5,6.7,11.8,8.8,-999,-999,-999,-999,-999,0,-999,-999
6149002,20151223000000,43.744667,7.374833,385,5,7.4,11.8,10,-999,-999,-999,-999,-999,0,-999,-999
6149002,20151224000000,43.744667,7.374833,385,5,8.2,12.6,9.8,-999,-999,-999,-999,-999,0,-999,-999
6149002,20151225000000,43.744667,7.374833,385,5,6.6,11.9,8.7,-999,-999,-999,-999,-999,0,-999,-999
6149002,20151226000000,43.744667,7.374833,385,5,5.8,10.3,7.3,-999,-999,-999,-999,-999,0,-999,-999
6149002,20151227000000,43.744667,7.374833,385,5,5.4,10.1,7.1,-999,-999,-999,-999,-999,0,-999,-999
6149002,20151228000000,43.744667,7.374833,385,5,5.3,9.5,7.5,-999,-999,-999,-999,-999,0,-999,-999
6149002,20151229000000,43.744667,7.374833,385,5,4.5,11.5,7.9,-999,-999,-999,-999,-999,0,-999,-999
6149002,20151230000000,43.744667,7.374833,385,5,7,12.6,8.9,-999,-999,-999,-999,-999,0,-999,-999
6149002,20151231000000,43.744667,7.374833,385,5,6.2,8.8,7.7,-999,-999,-999,-999,-999,0,-999,-999
6149002,20160101000000,43.744667,7.374833,385,5,6.6,8.8,7.3,-999,-999,-999,-999,-999,2.4,-999,-999
6149002,20160102000000,43.744667,7.374833,385,5,6.2,10.1,8,-999,-999,-999,-999,-999,3,-999,-999
6149002,20160103000000,43.744667,7.374833,385,5,2.9,9.8,5.9,-999,-999,-999,-999,-999,0,-999,-999
6149002,20160104000000,43.744667,7.374833,385,5,5.5,10.6,8.1,-999,-999,-999,-999,-999,0.3,-999,-999
6149002,20160105000000,43.744667,7.374833,385,5,5,11.5,6.8,-999,-999,-999,-999,-999,0,-999,-999
6149002,20160106000000,43.744667,7.374833,385,5,3.2,8.5,5,-999,-999,-999,-999,-999,0,-999,-999
6149002,20160107000000,43.744667,7.374833,385,5,3.3,10.6,7.7,-999,-999,-999,-999,-999,0,-999,-999
6149002,20160108000000,43.744667,7.374833,385,5,5.8,12.7,9.5,-999,-999,-999,-999,-999,0,-999,-999
6149002,20160109000000,43.744667,7.374833,385,5,8,11.8,10.1,-999,-999,-999,-999,-999,0.7,-999,-999
6149002,20160110000000,43.744667,7.374833,385,5,6.2,12.6,9.1,-999,-999,-999,-999,-999,0,-999,-999
6149002,20160111000000,43.744667,7.374833,385,5,7.9,11.5,10,-999,-999,-999,-999,-999,1,-999,-999
6149002,20160112000000,43.744667,7.374833,385,5,5.9,11.6,8.8,-999,-999,-999,-999,-999,0,-999,-999
6149002,20160113000000,43.744667,7.374833,385,5,4.7,9.1,6.1,-999,-999,-999,-999,-999,0,-999,-999
6149002,20160114000000,43.744667,7.374833,385,5,3.1,6.9,5.8,-999,-999,-999,-999,-999,1.8,-999,-999
6149002,20160115000000,43.744667,7.374833,385,5,0.8,6.5,3.3,-999,-999,-999,-999,-999,0,-999,-999
6149002,20160116000000,43.744667,7.374833,385,5,-1.2,6.3,2,-999,-999,-999,-999,-999,0,-999,-999
6149002,20160117000000,43.744667,7.374833,385,5,-0.6,5.8,1.8,-999,-999,-999,-999,-999,0,-999,-999
6149002,20160118000000,43.744667,7.374833,385,5,-0.2,4,3.4,-999,-999,-999,-999,-999,0,-999,-999
6149002,20160119000000,43.744667,7.374833,385,5,1.7,5.5,3.6,-999,-999,-999,-999,-999,0,-999,-999
6149002,20160120000000,43.744667,7.374833,385,5,1.2,6.7,4.5,-999,-999,-999,-999,-999,0,-999,-999
6149002,20160121000000,43.744667,7.374833,385,5,2,9.3,5.4,-999,-999,-999,-999,-999,0,-999,-999
6149002,20160122000000,43.744667,7.374833,385,5,3.2,8.4,5.9,-999,-999,-999,-999,-999,0,-999,-999
6149002,20160123000000,43.744667,7.374833,385,5,4.1,8.4,5.7,-999,-999,-999,-999,-999,0,-999,-999
6149002,20160124000000,43.744667,7.374833,385,5,3.3,10.4,6.3,-999,-999,-999,-999,-999,0,-999,-999
6149002,20160125000000,43.744667,7.374833,385,5,4.9,9.8,7.2,-999,-999,-999,-999,-999,0,-999,-999
6149002,20160126000000,43.744667,7.374833,385,5,5.4,11.2,8.3,-999,-999,-999,-999,-999,0,-999,-999
6149002,20160127000000,43.744667,7.374833,385,5,6.4,12.1,9.1,-999,-999,-999,-999,-999,0,-999,-999
6149002,20160128000000,43.744667,7.374833,385,5,6.3,12.3,9.2,-999,-999,-999,-999,-999,0,-999,-999
6149002,20160129000000,43.744667,7.374833,385,5,7.2,12.6,9.2,-999,-999,-999,-999,-999,0,-999,-999
6149002,20160130000000,43.744667,7.374833,385,5,6.2,12.8,8.9,-999,-999,-999,-999,-999,0,-999,-999
6149002,20160131000000,43.744667,7.374833,385,5,6.4,13.2,9.1,-999,-999,-999,-999,-999,0,-999,-999
6149002,20160201000000,43.744667,7.374833,385,5,7.1,14.8,10.3,-999,-999,-999,-999,-999,0,-999,-999
6149002,20160202000000,43.744667,7.374833,385,5,8,12.1,10.3,-999,-999,-999,-999,-999,0,-999,-999
6149002,20160203000000,43.744667,7.374833,385,5,8.2,14.8,10.4,-999,-999,-999,-999,-999,0,-999,-999
6149002,20160204000000,43.744667,7.374833,385,5,2.7,12.2,6.7,-999,-999,-999,-999,-999,0,-999,-999
6149002,20160205000000,43.744667,7.374833,385,5,5.7,12.7,8.1,-999,-999,-999,-999,-999,0,-999,-999
6149002,20160206000000,43.744667,7.374833,385,5,5.1,9.9,8.7,-999,-999,-999,-999,-999,0.6,-999,-999
6149002,20160207000000,43.744667,7.374833,385,5,8.1,9.3,8.4,-999,-999,-999,-999,-999,3,-999,-999
6149002,20160208000000,43.744667,7.374833,385,5,4.6,11.5,7.9,-999,-999,-999,-999,-999,0,-999,-999
6149002,20160209000000,43.744667,7.374833,385,5,7,10.9,9.1,-999,-999,-999,-999,-999,4.1,-999,-999
6149002,20160210000000,43.744667,7.374833,385,5,3.7,9.3,6.2,-999,-999,-999,-999,-999,0,-999,-999
6149002,20160211000000,43.744667,7.374833,385,5,0.9,9.8,4.7,-999,-999,-999,-999,-999,0,-999,-999
6149002,20160212000000,43.744667,7.374833,385,5,2.7,7.4,4,-999,-999,-999,-999,-999,2.3,-999,-999
6149002,20160213000000,43.744667,7.374833,385,5,2.6,12.4,8.4,-999,-999,-999,-999,-999,0.9,-999,-999
6149002,20160214000000,43.744667,7.374833,385,5,5.6,11.7,7.8,-999,-999,-999,-999,-999,0,-999,-999
6149002,20160215000000,43.744667,7.374833,385,5,3.5,12.6,7,-999,-999,-999,-999,-999,0,-999,-999
6149002,20160216000000,43.744667,7.374833,385,5,5.5,11.8,9.6,-999,-999,-999,-999,-999,0.1,-999,-999
6149002,20160217000000,43.744667,7.374833,385,5,6.6,8.3,7.1,-999,-999,-999,-999,-999,0.8,-999,-999
6149002,20160218000000,43.744667,7.374833,385,5,3.1,9.6,5.7,-999,-999,-999,-999,-999,0,-999,-999
6149002,20160219000000,43.744667,7.374833,385,5,1.7,10.2,5.9,-999,-999,-999,-999,-999,0,-999,-999
6149002,20160220000000,43.744667,7.374833,385,5,2.1,11.1,6,-999,-999,-999,-999,-999,0,-999,-999
6149002,20160221000000,43.744667,7.374833,385,5,4,14.1,8,-999,-999,-999,-999,-999,0,-999,-999
6149002,20160222000000,43.744667,7.374833,385,5,6,11,8.7,-999,-999,-999,-999,-999,1.3,-999,-999
6149002,20160223000000,43.744667,7.374833,385,5,5.9,14.2,8.9,-999,-999,-999,-999,-999,0,-999,-999
6149002,20160224000000,43.744667,7.374833,385,5,5.8,12.3,9.4,-999,-999,-999,-999,-999,0.1,-999,-999
6149002,20160225000000,43.744667,7.374833,385,5,8.1,11.5,8.7,-999,-999,-999,-999,-999,0,-999,-999
6149002,20160226000000,43.744667,7.374833,385,5,5.3,11.3,7.4,-999,-999,-999,-999,-999,2.4,-999,-999
6149002,20160227000000,43.744667,7.374833,385,5,4.8,8.3,6.7,-999,-999,-999,-999,-999,5.1,-999,-999
6149002,20160228000000,43.744667,7.374833,385,5,4.9,11.6,8.2,-999,-999,-999,-999,-999,3.3,-999,-999
6149002,20160229000000,43.744667,7.374833,385,5,7.3,12.9,9,-999,-999,-999,-999,-999,0,-999,-999
6149002,20160301000000,43.744667,7.374833,385,5,4.7,14.7,9.3,-999,-999,-999,-999,-999,0,-999,-999
6149002,20160302000000,43.744667,7.374833,385,5,7,13.9,10.3,-999,-999,-999,-999,-999,0,-999,-999
6149002,20160303000000,43.744667,7.374833,385,5,5.7,13.3,8.8,-999,-999,-999,-999,-999,0,-999,-999
6149002,20160304000000,43.744667,7.374833,385,5,2.5,12.6,8,-999,-999,-999,-999,-999,4.5,-999,-999
6149002,20160305000000,43.744667,7.374833,385,5,6.6,12.7,8.8,-999,-999,-999,-999,-999,1.4,-999,-999
6149002,20160306000000,43.744667,7.374833,385,5,2.5,8.5,5.7,-999,-999,-999,-999,-999,0,-999,-999
6149002,20160307000000,43.744667,7.374833,385,5,1.9,9.8,5.2,-999,-999,-999,-999,-999,0,-999,-999
6149002,20160308000000,43.744667,7.374833,385,5,0.8,9.8,4.4,-999,-999,-999,-999,-999,0,-999,-999
6149002,20160309000000,43.744667,7.374833,385,5,0.5,10.3,5.2,-999,-999,-999,-999,-999,0,-999,-999
6149002,20160310000000,43.744667,7.374833,385,5,2.1,13.3,7.2,-999,-999,-999,-999,-999,0,-999,-999
6149002,20160311000000,43.744667,7.374833,385,5,4.9,13.3,8.8,-999,-999,-999,-999,-999,0,-999,-999
6149002,20160312000000,43.744667,7.374833,385,5,5.8,15.1,9.6,-999,-999,-999,-999,-999,0,-999,-999
6149002,20160313000000,43.744667,7.374833,385,5,5.8,14.6,10,-999,-999,-999,-999,-999,0,-999,-999
6149002,20160314000000,43.744667,7.374833,385,5,8.6,13.8,10.5,-999,-999,-999,-999,-999,0,-999,-999
6149002,20160315000000,43.744667,7.374833,385,5,3.7,12.6,8.9,-999,-999,-999,-999,-999,0.5,-999,-999
6149002,20160316000000,43.744667,7.374833,385,5,4.8,7.4,5.7,-999,-999,-999,-999,-999,3.1,-999,-999
6149002,20160317000000,43.744667,7.374833,385,5,4.3,13.2,8.8,-999,-999,-999,-999,-999,0,-999,-999
6149002,20160318000000,43.744667,7.374833,385,5,4.1,14.6,8.5,-999,-999,-999,-999,-999,0,-999,-999
6149002,20160319000000,43.744667,7.374833,385,5,5.2,14.8,8.8,-999,-999,-999,-999,-999,0,-999,-999
6149002,20160320000000,43.744667,7.374833,385,5,4.9,11.9,8.4,-999,-999,-999,-999,-999,0,-999,-999
6149002,20160321000000,43.744667,7.374833,385,5,6,14.2,9.7,-999,-999,-999,-999,-999,0,-999,-999
6149002,20160322000000,43.744667,7.374833,385,5,6.7,18,12.5,-999,-999,-999,-999,-999,0,-999,-999
6149002,20160323000000,43.744667,7.374833,385,5,7.2,14.8,10,-999,-999,-999,-999,-999,0.9,-999,-999
6149002,20160324000000,43.744667,7.374833,385,5,4.9,13.4,9,-999,-999,-999,-999,-999,0,-999,-999
6149002,20160325000000,43.744667,7.374833,385,5,6.4,12.5,9.8,-999,-999,-999,-999,-999,0,-999,-999
6149002,20160326000000,43.744667,7.374833,385,5,5.6,16,10,-999,-999,-999,-999,-999,0,-999,-999
6149002,20160327000000,43.744667,7.374833,385,5,6.6,12.8,9.1,-999,-999,-999,-999,-999,2.3,-999,-999
6149002,20160328000000,43.744667,7.374833,385,5,5.8,13.7,9.6,-999,-999,-999,-999,-999,0,-999,-999
6149002,20160329000000,43.744667,7.374833,385,5,6.4,16,10.8,-999,-999,-999,-999,-999,0,-999,-999
6149002,20160330000000,43.744667,7.374833,385,5,8,14.6,10.9,-999,-999,-999,-999,-999,0,-999,-999
6149002,20160331000000,43.744667,7.374833,385,5,8.4,15.1,12.8,-999,-999,-999,-999,-999,0.1,-999,-999
6149002,20160401000000,43.744667,7.374833,385,5,11.6,19.2,14,-999,-999,-999,-999,-999,2.9,-999,-999
6149002,20160402000000,43.744667,7.374833,385,5,14.8,21.3,18.5,-999,-999,-999,-999,-999,0.1,-999,-999
6149002,20160403000000,43.744667,7.374833,385,5,13.5,18.1,15.3,-999,-999,-999,-999,-999,0.4,-999,-999
6149002,20160404000000,43.744667,7.374833,385,5,10.7,15,12.6,-999,-999,-999,-999,-999,1.4,-999,-999
6149002,20160405000000,43.744667,7.374833,385,5,11,15.9,13.7,-999,-999,-999,-999,-999,0,-999,-999
6149002,20160406000000,43.744667,7.374833,385,5,11.5,21.2,15.5,-999,-999,-999,-999,-999,0,-999,-999
6149002,20160407000000,43.744667,7.374833,385,5,11.8,20.9,15.8,-999,-999,-999,-999,-999,0,-999,-999
6149002,20160408000000,43.744667,7.374833,385,5,11.3,17,13.1,-999,-999,-999,-999,-999,0,-999,-999
6149002,20160409000000,43.744667,7.374833,385,5,6.6,11.6,8.7,-999,-999,-999,-999,-999,3.1,-999,-999
6149002,20160410000000,43.744667,7.374833,385,5,5.6,15.7,10.2,-999,-999,-999,-999,-999,0,-999,-999
6149002,20160411000000,43.744667,7.374833,385,5,7.2,18,11.9,-999,-999,-999,-999,-999,0,-999,-999
6149002,20160412000000,43.744667,7.374833,385,5,6.9,17.3,12.1,-999,-999,-999,-999,-999,0,-999,-999
6149002,20160413000000,43.744667,7.374833,385,5,7.8,17.6,12.9,-999,-999,-999,-999,-999,0.3,-999,-999
6149002,20160414000000,43.744667,7.374833,385,5,8.3,19.1,13.4,-999,-999,-999,-999,-999,0,-999,-999
6149002,20160415000000,43.744667,7.374833,385,5,8,19.1,13.2,-999,-999,-999,-999,-999,0,-999,-999
6149002,20160416000000,43.744667,7.374833,385,5,9.2,19.1,14.1,-999,-999,-999,-999,-999,0,-999,-999
6149002,20160417000000,43.744667,7.374833,385,5,9.5,17.2,13.4,-999,-999,-999,-999,-999,2.2,-999,-999
6149002,20160418000000,43.744667,7.374833,385,5,9.7,20.6,14.7,-999,-999,-999,-999,-999,0,-999,-999
6149002,20160419000000,43.744667,7.374833,385,5,7.2,20,14,-999,-999,-999,-999,-999,0,-999,-999
6149002,20160420000000,43.744667,7.374833,385,5,9.8,18.7,15.5,-999,-999,-999,-999,-999,0,-999,-999
6149002,20160421000000,43.744667,7.374833,385,5,12.6,18.9,15.2,-999,-999,-999,-999,-999,1.1,-999,-999
6149002,20160422000000,43.744667,7.374833,385,5,9.9,17.9,14.1,-999,-999,-999,-999,-999,0.8,-999,-999
6149002,20160423000000,43.744667,7.374833,385,5,9.3,18,12.5,-999,-999,-999,-999,-999,5.5,-999,-999
6149002,20160424000000,43.744667,7.374833,385,5,9.4,18.7,13.1,-999,-999,-999,-999,-999,0.4,-999,-999
6149002,20160425000000,43.744667,7.374833,385,5,5.4,13.7,9.8,-999,-999,-999,-999,-999,0,-999,-999
6149002,20160426000000,43.744667,7.374833,385,5,5.9,18.3,12.6,-999,-999,-999,-999,-999,0,-999,-999
6149002,20160427000000,43.744667,7.374833,385,5,6.8,21,14,-999,-999,-999,-999,-999,0,-999,-999
6149002,20160428000000,43.744667,7.374833,385,5,8.5,14.9,11.2,-999,-999,-999,-999,-999,0,-999,-999
6149002,20160429000000,43.744667,7.374833,385,5,7.4,16.5,12.1,-999,-999,-999,-999,-999,0,-999,-999
6149002,20160430000000,43.744667,7.374833,385,5,8,16.6,11.7,-999,-999,-999,-999,-999,0,-999,-999
6149002,20160501000000,43.744667,7.374833,385,5,6,13.7,10.6,-999,-999,-999,-999,-999,0,-999,-999
6149002,20160502000000,43.744667,7.374833,385,5,8.1,18.3,13,-999,-999,-999,-999,-999,0,-999,-999
6149002,20160503000000,43.744667,7.374833,385,5,9.6,21.6,16.2,-999,-999,-999,-999,-999,0,-999,-999
6149002,20160504000000,43.744667,7.374833,385,5,10.2,20.2,15.4,-999,-999,-999,-999,-999,0,-999,-999
6149002,20160505000000,43.744667,7.374833,385,5,10.1,18.5,14.2,-999,-999,-999,-999,-999,0,-999,-999
6149002,20160506000000,43.744667,7.374833,385,5,9.9,19.2,15.6,-999,-999,-999,-999,-999,0,-999,-999
6149002,20160507000000,43.744667,7.374833,385,5,13.3,18,15.6,-999,-999,-999,-999,-999,0,-999,-999
6149002,20160508000000,43.744667,7.374833,385,5,14.1,18,14.8,-999,-999,-999,-999,-999,7.3,-999,-999
6149002,20160509000000,43.744667,7.374833,385,5,11.1,18.6,15.4,-999,-999,-999,-999,-999,3.6,-999,-999
6149002,20160510000000,43.744667,7.374833,385,5,14.2,18.9,16.7,-999,-999,-999,-999,-999,11.7,-999,-999
6149002,20160511000000,43.744667,7.374833,385,5,13.4,16,13.8,-999,-999,-999,-999,-999,3.8,-999,-999
6149002,20160512000000,43.744667,7.374833,385,5,9.7,20.7,15.2,-999,-999,-999,-999,-999,0,-999,-999
6149002,20160513000000,43.744667,7.374833,385,5,12.1,19.4,14.8,-999,-999,-999,-999,-999,-999,-999,-999
6149002,20160514000000,43.744667,7.374833,385,5,11,19.3,14.9,-999,-999,-999,-999,-999,1.3,-999,-999
6149002,20160515000000,43.744667,7.374833,385,5,10.8,20.5,15.6,-999,-999,-999,-999,-999,0,-999,-999
6149002,20160516000000,43.744667,7.374833,385,5,12.2,18.6,14.3,-999,-999,-999,-999,-999,0,-999,-999
6149002,20160517000000,43.744667,7.374833,385,5,9.6,19,14.3,-999,-999,-999,-999,-999,0,-999,-999
6149002,20160518000000,43.744667,7.374833,385,5,10.4,18.1,14.4,-999,-999,-999,-999,-999,0,-999,-999
6149002,20160519000000,43.744667,7.374833,385,5,10.6,22.9,14.7,-999,-999,-999,-999,-999,0.1,-999,-999
6149002,20160520000000,43.744667,7.374833,385,5,9.5,-999,17.7,-999,-999,-999,-999,-999,-999,-999,-999
6149002,20160521000000,43.744667,7.374833,385,5,-999,23.6,18.3,-999,-999,-999,-999,-999,-999,-999,-999
6149002,20160522000000,43.744667,7.374833,385,5,11.5,23.2,17.7,-999,-999,-999,-999,-999,-999,-999,-999
6149002,20160523000000,43.744667,7.374833,385,5,-999,-999,15,-999,-999,-999,-999,-999,-999,-999,-999
6149002,20160524000000,43.744667,7.374833,385,5,-999,-999,15.9,-999,-999,-999,-999,-999,-999,-999,-999
6149002,20160525000000,43.744667,7.374833,385,5,9.9,20,14.8,-999,-999,-999,-999,-999,-999,-999,-999
6149002,20160526000000,43.744667,7.374833,385,5,11.5,19.6,16.2,-999,-999,-999,-999,-999,-999,-999,-999
6149002,20160527000000,43.744667,7.374833,385,5,14.7,22.3,18.6,-999,-999,-999,-999,-999,0,-999,-999
6149002,20160528000000,43.744667,7.374833,385,5,13.4,23.9,19.1,-999,-999,-999,-999,-999,-999,-999,-999
6149002,20160529000000,43.744667,7.374833,385,5,13.9,19.5,15.4,-999,-999,-999,-999,-999,-999,-999,-999
6149002,20160530000000,43.744667,7.374833,385,5,11.9,-999,19,-999,-999,-999,-999,-999,-999,-999,-999
6149002,20160531000000,43.744667,7.374833,385,5,-999,21.7,17.5,-999,-999,-999,-999,-999,0,-999,-999
6149002,20160601000000,43.744667,7.374833,385,5,12.9,-999,15.2,-999,-999,-999,-999,-999,-999,-999,-999
6149002,20160602000000,43.744667,7.374833,385,5,-999,18.5,15.5,-999,-999,-999,-999,-999,-999,-999,-999
6149002,20160603000000,43.744667,7.374833,385,5,13.7,20.4,16.5,-999,-999,-999,-999,-999,-999,-999,-999
6149002,20160604000000,43.744667,7.374833,385,5,15.3,20.1,16.3,-999,-999,-999,-999,-999,-999,-999,-999
6149002,20160605000000,43.744667,7.374833,385,5,12.3,-999,15.9,-999,-999,-999,-999,-999,-999,-999,-999
6149002,20160606000000,43.744667,7.374833,385,5,-999,23.3,18.3,-999,-999,-999,-999,-999,0,-999,-999
6149002,20160607000000,43.744667,7.374833,385,5,16,25.2,20,-999,-999,-999,-999,-999,0,-999,-999
6149002,20160608000000,43.744667,7.374833,385,5,15.3,24.1,19.3,-999,-999,-999,-999,-999,2.9,-999,-999
6149002,20160609000000,43.744667,7.374833,385,5,16.3,23.8,18.2,-999,-999,-999,-999,-999,5,-999,-999
6149002,20160610000000,43.744667,7.374833,385,5,12.4,23.5,18.8,-999,-999,-999,-999,-999,0,-999,-999
6149002,20160611000000,43.744667,7.374833,385,5,14.9,23.5,19.7,-999,-999,-999,-999,-999,0,-999,-999
6149002,20160612000000,43.744667,7.374833,385,5,15,23.9,19,-999,-999,-999,-999,-999,0,-999,-999
6149002,20160613000000,43.744667,7.374833,385,5,14.7,23.9,19.4,-999,-999,-999,-999,-999,0,-999,-999
6149002,20160614000000,43.744667,7.374833,385,5,14.9,23.9,19.5,-999,-999,-999,-999,-999,0,-999,-999
6149002,20160615000000,43.744667,7.374833,385,5,13.7,21.7,16.4,-999,-999,-999,-999,-999,7,-999,-999
6149002,20160616000000,43.744667,7.374833,385,5,14,22.5,17.3,-999,-999,-999,-999,-999,1.5,-999,-999
6149002,20160617000000,43.744667,7.374833,385,5,11.1,22.1,17,-999,-999,-999,-999,-999,0,-999,-999
6149002,20160618000000,43.744667,7.374833,385,5,12.3,21.1,17.2,-999,-999,-999,-999,-999,4.3,-999,-999
6149002,20160619000000,43.744667,7.374833,385,5,13,20.7,16.1,-999,-999,-999,-999,-999,1.6,-999,-999
6149002,20160620000000,43.744667,7.374833,385,5,13.4,24.1,19.6,-999,-999,-999,-999,-999,0,-999,-999
6149002,20160621000000,43.744667,7.374833,385,5,15.9,24.4,20.2,-999,-999,-999,-999,-999,0,-999,-999
6149002,20160622000000,43.744667,7.374833,385,5,16,28.2,23.2,-999,-999,-999,-999,-999,0,-999,-999
6149002,20160623000000,43.744667,7.374833,385,5,18.8,30.5,25.6,-999,-999,-999,-999,-999,0,-999,-999
6149002,20160624000000,43.744667,7.374833,385,5,21.5,32.7,26.9,-999,-999,-999,-999,-999,0,-999,-999
6149002,20160625000000,43.744667,7.374833,385,5,19.3,29.2,23.4,-999,-999,-999,-999,-999,0,-999,-999
6149002,20160626000000,43.744667,7.374833,385,5,18.2,27,21.3,-999,-999,-999,-999,-999,0,-999,-999
6149002,20160627000000,43.744667,7.374833,385,5,15.8,26.2,20.9,-999,-999,-999,-999,-999,0,-999,-999
6149002,20160628000000,43.744667,7.374833,385,5,17.5,27.5,22.4,-999,-999,-999,-999,-999,-999,-999,-999
6149002,20160629000000,43.744667,7.374833,385,5,17.2,25,21.1,-999,-999,-999,-999,-999,0,-999,-999
6149002,20160630000000,43.744667,7.374833,385,5,16.7,25.2,20.4,-999,-999,-999,-999,-999,7.4,-999,-999
6149002,20160701000000,43.744667,7.374833,385,5,16.8,26.1,21.1,-999,-999,-999,-999,-999,0,-999,-999
6149002,20160702000000,43.744667,7.374833,385,5,17.7,27.5,22.3,-999,-999,-999,-999,-999,0,-999,-999
6149002,20160703000000,43.744667,7.374833,385,5,17.9,26.7,22.1,-999,-999,-999,-999,-999,0,-999,-999
6149002,20160704000000,43.744667,7.374833,385,5,17.2,26.6,22.2,-999,-999,-999,-999,-999,0,-999,-999
6149002,20160705000000,43.744667,7.374833,385,5,19.8,28.3,23.9,-999,-999,-999,-999,-999,0,-999,-999
6149002,20160706000000,43.744667,7.374833,385,5,18.5,28.9,24.1,-999,-999,-999,-999,-999,0,-999,-999
6149002,20160707000000,43.744667,7.374833,385,5,19.6,29.4,24.3,-999,-999,-999,-999,-999,0,-999,-999
6149002,20160708000000,43.744667,7.374833,385,5,20.2,28.3,23,-999,-999,-999,-999,-999,0,-999,-999
6149002,20160709000000,43.744667,7.374833,385,5,19.6,28,23.2,-999,-999,-999,-999,-999,0,-999,-999
6149002,20160710000000,43.744667,7.374833,385,5,18.7,29.3,24.6,-999,-999,-999,-999,-999,0,-999,-999
6149002,20160711000000,43.744667,7.374833,385,5,20.4,30.1,25,-999,-999,-999,-999,-999,0,-999,-999
6149002,20160712000000,43.744667,7.374833,385,5,19.8,27.3,23.5,-999,-999,-999,-999,-999,0,-999,-999
6149002,20160713000000,43.744667,7.374833,385,5,18,31.5,23.7,-999,-999,-999,-999,-999,0,-999,-999
6149002,20160714000000,43.744667,7.374833,385,5,16.3,23.9,20.5,-999,-999,-999,-999,-999,0.2,-999,-999
6149002,20160715000000,43.744667,7.374833,385,5,17.6,24.1,20.4,-999,-999,-999,-999,-999,0,-999,-999
6149002,20160716000000,43.744667,7.374833,385,5,14.7,25.7,20.5,-999,-999,-999,-999,-999,0,-999,-999
6149002,20160717000000,43.744667,7.374833,385,5,15.3,25.8,21.2,-999,-999,-999,-999,-999,0,-999,-999
6149002,20160718000000,43.744667,7.374833,385,5,16,26.4,20.9,-999,-999,-999,-999,-999,0,-999,-999
6149002,20160719000000,43.744667,7.374833,385,5,16.5,29.1,23.1,-999,-999,-999,-999,-999,0,-999,-999
6149002,20160720000000,43.744667,7.374833,385,5,18.6,29.2,23.8,-999,-999,-999,-999,-999,0.1,-999,-999
6149002,20160721000000,43.744667,7.374833,385,5,-999,-999,22,-999,-999,-999,-999,-999,-999,-999,-999
6149002,20160722000000,43.744667,7.374833,385,5,18.4,28.8,22.7,-999,-999,-999,-999,-999,1.4,-999,-999
6149002,20160723000000,43.744667,7.374833,385,5,20.1,27.7,24,-999,-999,-999,-999,-999,0,-999,-999
6149002,20160724000000,43.744667,7.374833,385,5,19.7,28,23.9,-999,-999,-999,-999,-999,0,-999,-999
6149002,20160725000000,43.744667,7.374833,385,5,19.4,31.5,25.3,-999,-999,-999,-999,-999,0,-999,-999
6149002,20160726000000,43.744667,7.374833,385,5,20.5,30.3,25.1,-999,-999,-999,-999,-999,0,-999,-999
6149002,20160727000000,43.744667,7.374833,385,5,19.9,30.4,24.4,-999,-999,-999,-999,-999,0,-999,-999
6149002,20160728000000,43.744667,7.374833,385,5,18.3,27.3,23.1,-999,-999,-999,-999,-999,0,-999,-999
6149002,20160729000000,43.744667,7.374833,385,5,18.5,25.7,22.3,-999,-999,-999,-999,-999,0,-999,-999
6149002,20160730000000,43.744667,7.374833,385,5,18.7,26.7,22.6,-999,-999,-999,-999,-999,0,-999,-999
6149002,20160731000000,43.744667,7.374833,385,5,19.6,29.2,23.6,-999,-999,-999,-999,-999,0.2,-999,-999
6149002,20160801000000,43.744667,7.374833,385,5,17.6,28.9,23.3,-999,-999,-999,-999,-999,0,-999,-999
6149002,20160802000000,43.744667,7.374833,385,5,19.2,28,23.4,-999,-999,-999,-999,-999,0,-999,-999
6149002,20160803000000,43.744667,7.374833,385,5,19.5,27.5,23.4,-999,-999,-999,-999,-999,0,-999,-999
6149002,20160804000000,43.744667,7.374833,385,5,19.3,28.7,23.7,-999,-999,-999,-999,-999,2.1,-999,-999
6149002,20160805000000,43.744667,7.374833,385,5,16.8,28.6,22.1,-999,-999,-999,-999,-999,0,-999,-999
6149002,20160806000000,43.744667,7.374833,385,5,16.9,27.4,22.6,-999,-999,-999,-999,-999,0,-999,-999
6149002,20160807000000,43.744667,7.374833,385,5,18.3,28.5,23.7,-999,-999,-999,-999,-999,0,-999,-999
6149002,20160808000000,43.744667,7.374833,385,5,18.2,29.2,23.8,-999,-999,-999,-999,-999,0,-999,-999
6149002,20160809000000,43.744667,7.374833,385,5,19.5,27.6,22.8,-999,-999,-999,-999,-999,0,-999,-999
6149002,20160810000000,43.744667,7.374833,385,5,17.5,24.6,20,-999,-999,-999,-999,-999,1.3,-999,-999
6149002,20160811000000,43.744667,7.374833,385,5,16.1,25.1,21.1,-999,-999,-999,-999,-999,0,-999,-999
6149002,20160812000000,43.744667,7.374833,385,5,15.6,25,20.5,-999,-999,-999,-999,-999,0,-999,-999
6149002,20160813000000,43.744667,7.374833,385,5,17.2,27,22.2,-999,-999,-999,-999,-999,0,-999,-999
6149002,20160814000000,43.744667,7.374833,385,5,18.1,28.5,23.2,-999,-999,-999,-999,-999,0,-999,-999
6149002,20160815000000,43.744667,7.374833,385,5,18.4,27.4,22.8,-999,-999,-999,-999,-999,0,-999,-999
6149002,20160816000000,43.744667,7.374833,385,5,17.5,26.5,21.8,-999,-999,-999,-999,-999,0,-999,-999
6149002,20160817000000,43.744667,7.374833,385,5,17.2,24.9,20.4,-999,-999,-999,-999,-999,1.8,-999,-999
6149002,20160818000000,43.744667,7.374833,385,5,16.7,25.4,21.1,-999,-999,-999,-999,-999,0,-999,-999
6149002,20160819000000,43.744667,7.374833,385,5,17.9,26,21.9,-999,-999,-999,-999,-999,0,-999,-999
6149002,20160820000000,43.744667,7.374833,385,5,18.9,26.2,22.3,-999,-999,-999,-999,-999,0,-999,-999
6149002,20160821000000,43.744667,7.374833,385,5,18.3,25.1,21.9,-999,-999,-999,-999,-999,0,-999,-999
6149002,20160822000000,43.744667,7.374833,385,5,18.5,27.4,22.6,-999,-999,-999,-999,-999,0,-999,-999
6149002,20160823000000,43.744667,7.374833,385,5,18.6,27.8,23.6,-999,-999,-999,-999,-999,0,-999,-999
6149002,20160824000000,43.744667,7.374833,385,5,19,29.8,24.6,-999,-999,-999,-999,-999,0,-999,-999
6149002,20160825000000,43.744667,7.374833,385,5,19.6,29.4,24.3,-999,-999,-999,-999,-999,0,-999,-999
6149002,20160826000000,43.744667,7.374833,385,5,19.8,28.4,23.8,-999,-999,-999,-999,-999,0,-999,-999
6149002,20160827000000,43.744667,7.374833,385,5,20.7,28.6,24.1,-999,-999,-999,-999,-999,0,-999,-999
6149002,20160828000000,43.744667,7.374833,385,5,18.8,27.5,23.1,-999,-999,-999,-999,-999,0,-999,-999
6149002,20160829000000,43.744667,7.374833,385,5,19,25.7,22.7,-999,-999,-999,-999,-999,1.2,-999,-999
6149002,20160830000000,43.744667,7.374833,385,5,16.3,24.3,19.8,-999,-999,-999,-999,-999,5.3,-999,-999
6149002,20160831000000,43.744667,7.374833,385,5,16,27.6,22.1,-999,-999,-999,-999,-999,0,-999,-999
6149002,20160901000000,43.744667,7.374833,385,5,18.8,28.1,23,-999,-999,-999,-999,-999,0,-999,-999
6149002,20160902000000,43.744667,7.374833,385,5,18.5,28.3,22.9,-999,-999,-999,-999,-999,0,-999,-999
6149002,20160903000000,43.744667,7.374833,385,5,17.7,28.2,22.7,-999,-999,-999,-999,-999,0,-999,-999
6149002,20160904000000,43.744667,7.374833,385,5,17.1,26,21.7,-999,-999,-999,-999,-999,0,-999,-999
6149002,20160905000000,43.744667,7.374833,385,5,19.2,28.2,22.8,-999,-999,-999,-999,-999,0,-999,-999
6149002,20160906000000,43.744667,7.374833,385,5,19.3,26.9,22.4,-999,-999,-999,-999,-999,0,-999,-999
6149002,20160907000000,43.744667,7.374833,385,5,16.9,28.3,22.3,-999,-999,-999,-999,-999,0,-999,-999
6149002,20160908000000,43.744667,7.374833,385,5,18.7,26.7,22.4,-999,-999,-999,-999,-999,0,-999,-999
6149002,20160909000000,43.744667,7.374833,385,5,18.7,28.4,23.3,-999,-999,-999,-999,-999,0,-999,-999
6149002,20160910000000,43.744667,7.374833,385,5,18.9,29.9,23.8,-999,-999,-999,-999,-999,0,-999,-999
6149002,20160911000000,43.744667,7.374833,385,5,19.4,29.2,23.7,-999,-999,-999,-999,-999,0,-999,-999
6149002,20160912000000,43.744667,7.374833,385,5,-999,-999,23.4,-999,-999,-999,-999,-999,-999,-999,-999
6149002,20160913000000,43.744667,7.374833,385,5,19.3,28,23.1,-999,-999,-999,-999,-999,0,-999,-999
6149002,20160914000000,43.744667,7.374833,385,5,19.2,24,21.3,-999,-999,-999,-999,-999,3.4,-999,-999
6149002,20160915000000,43.744667,7.374833,385,5,16.7,25.7,19.5,-999,-999,-999,-999,-999,1.4,-999,-999
6149002,20160916000000,43.744667,7.374833,385,5,13.3,23.4,18.1,-999,-999,-999,-999,-999,0.3,-999,-999
6149002,20160917000000,43.744667,7.374833,385,5,13.5,23,18,-999,-999,-999,-999,-999,0,-999,-999
6149002,20160918000000,43.744667,7.374833,385,5,13.1,21.2,16,-999,-999,-999,-999,-999,0.9,-999,-999
6149002,20160919000000,43.744667,7.374833,385,5,11.7,24.5,17.9,-999,-999,-999,-999,-999,0,-999,-999
6149002,20160920000000,43.744667,7.374833,385,5,14.9,22.5,18.1,-999,-999,-999,-999,-999,0,-999,-999
6149002,20160921000000,43.744667,7.374833,385,5,-999,-999,16,-999,-999,-999,-999,-999,-999,-999,-999
6149002,20160922000000,43.744667,7.374833,385,5,12.3,22,17,-999,-999,-999,-999,-999,0,-999,-999
6149002,20160923000000,43.744667,7.374833,385,5,15.1,22.2,18.2,-999,-999,-999,-999,-999,0,-999,-999
6149002,20160924000000,43.744667,7.374833,385,5,14.6,21.7,17.6,-999,-999,-999,-999,-999,0,-999,-999
6149002,20160925000000,43.744667,7.374833,385,5,13.2,23,17.4,-999,-999,-999,-999,-999,0,-999,-999
6149002,20160926000000,43.744667,7.374833,385,5,14,22.9,17.9,-999,-999,-999,-999,-999,0,-999,-999
6149002,20160927000000,43.744667,7.374833,385,5,14,23.1,17.7,-999,-999,-999,-999,-999,0.1,-999,-999
6149002,20160928000000,43.744667,7.374833,385,5,13.5,23.6,18.1,-999,-999,-999,-999,-999,0,-999,-999
6149002,20160929000000,43.744667,7.374833,385,5,14,22.4,17.3,-999,-999,-999,-999,-999,0,-999,-999
6149002,20161001000000,43.744667,7.374833,385,5,14.2,20.7,16.6,-999,-999,-999,-999,-999,1.3,-999,-999
6149002,20161002000000,43.744667,7.374833,385,5,13.1,23.6,18.2,-999,-999,-999,-999,-999,0,-999,-999
6149002,20161003000000,43.744667,7.374833,385,5,12.3,21.8,17.2,-999,-999,-999,-999,-999,0,-999,-999
6149002,20161004000000,43.744667,7.374833,385,5,12.6,21.3,16,-999,-999,-999,-999,-999,0,-999,-999
6149002,20161005000000,43.744667,7.374833,385,5,12,21.7,16.9,-999,-999,-999,-999,-999,0,-999,-999
6149002,20161006000000,43.744667,7.374833,385,5,12.5,17.7,15,-999,-999,-999,-999,-999,0.3,-999,-999
6149002,20161007000000,43.744667,7.374833,385,5,11,19.2,14.7,-999,-999,-999,-999,-999,0,-999,-999
6149002,20161008000000,43.744667,7.374833,385,5,11.3,18.6,14.7,-999,-999,-999,-999,-999,0,-999,-999
6149002,20161009000000,43.744667,7.374833,385,5,10.9,17.1,13.9,-999,-999,-999,-999,-999,1.1,-999,-999
6149002,20161010000000,43.744667,7.374833,385,5,8.2,17.4,12.6,-999,-999,-999,-999,-999,5.5,-999,-999
6149002,20161011000000,43.744667,7.374833,385,5,8.8,15,10.9,-999,-999,-999,-999,-999,0.2,-999,-999
6149002,20161012000000,43.744667,7.374833,385,5,7.3,14.8,11.9,-999,-999,-999,-999,-999,1.6,-999,-999
6149002,20161013000000,43.744667,7.374833,385,5,9.1,18.8,12.2,-999,-999,-999,-999,-999,12.5,-999,-999
6149002,20161014000000,43.744667,7.374833,385,5,10.7,19.2,15.6,-999,-999,-999,-999,-999,17.1,-999,-999
6149002,20161015000000,43.744667,7.374833,385,5,9.6,18.8,13.4,-999,-999,-999,-999,-999,0,-999,-999
6149002,20161016000000,43.744667,7.374833,385,5,10.9,17.7,13.5,-999,-999,-999,-999,-999,0,-999,-999
6149002,20161017000000,43.744667,7.374833,385,5,12.1,17.8,14.4,-999,-999,-999,-999,-999,0.1,-999,-999
6149002,20161018000000,43.744667,7.374833,385,5,-999,-999,13.6,-999,-999,-999,-999,-999,-999,-999,-999
6149002,20161019000000,43.744667,7.374833,385,5,11.4,18,13.8,-999,-999,-999,-999,-999,0,-999,-999
6149002,20161020000000,43.744667,7.374833,385,5,10.1,16.8,12.7,-999,-999,-999,-999,-999,-999,-999,-999
6149002,20161021000000,43.744667,7.374833,385,5,7.9,15.9,11.1,-999,-999,-999,-999,-999,0,-999,-999
6149002,20161022000000,43.744667,7.374833,385,5,8.2,17.1,12.1,-999,-999,-999,-999,-999,3.8,-999,-999
6149002,20161023000000,43.744667,7.374833,385,5,10,14.1,12.3,-999,-999,-999,-999,-999,9.8,-999,-999
6149002,20161024000000,43.744667,7.374833,385,5,12.9,19.9,16.7,-999,-999,-999,-999,-999,0.8,-999,-999
6149002,20161025000000,43.744667,7.374833,385,5,15.6,19.4,16.9,-999,-999,-999,-999,-999,2.2,-999,-999
6149002,20161026000000,43.744667,7.374833,385,5,13.2,19.3,15.5,-999,-999,-999,-999,-999,1.1,-999,-999
6149002,20161027000000,43.744667,7.374833,385,5,11.4,20.3,14.6,-999,-999,-999,-999,-999,0,-999,-999
6149002,20161028000000,43.744667,7.374833,385,5,11.3,17.2,13.7,-999,-999,-999,-999,-999,0,-999,-999
6149002,20161029000000,43.744667,7.374833,385,5,10.6,18.4,13.6,-999,-999,-999,-999,-999,0,-999,-999
6149002,20161030000000,43.744667,7.374833,385,5,11.2,19.7,14.3,-999,-999,-999,-999,-999,0,-999,-999
6149002,20161031000000,43.744667,7.374833,385,5,10.1,19.4,13.5,-999,-999,-999,-999,-999,0,-999,-999
6149002,20161101000000,43.744667,7.374833,385,5,9.2,16.3,12.4,-999,-999,-999,-999,-999,0,-999,-999
6149002,20161102000000,43.744667,7.374833,385,5,10.3,16.9,12.9,-999,-999,-999,-999,-999,0,-999,-999
6149002,20161103000000,43.744667,7.374833,385,5,9.4,17.5,12.5,-999,-999,-999,-999,-999,0,-999,-999
6149002,20161104000000,43.744667,7.374833,385,5,10,15,12.5,-999,-999,-999,-999,-999,12.1,-999,-999
6149002,20161105000000,43.744667,7.374833,385,5,11.2,15.2,13.8,-999,-999,-999,-999,-999,5.5,-999,-999
6149002,20161106000000,43.744667,7.374833,385,5,9,13.8,11.2,-999,-999,-999,-999,-999,0,-999,-999
6149002,20161107000000,43.744667,7.374833,385,5,4.2,11,6.6,-999,-999,-999,-999,-999,0,-999,-999
6149002,20161108000000,43.744667,7.374833,385,5,3.2,10.8,6.3,-999,-999,-999,-999,-999,0,-999,-999
6149002,20161109000000,43.744667,7.374833,385,5,4.2,9.2,6.7,-999,-999,-999,-999,-999,0.3,-999,-999
6149002,20161110000000,43.744667,7.374833,385,5,4.6,13,8.9,-999,-999,-999,-999,-999,0,-999,-999
6149002,20161111000000,43.744667,7.374833,385,5,6.9,14.2,9,-999,-999,-999,-999,-999,0,-999,-999
6149002,20161112000000,43.744667,7.374833,385,5,4.3,12.8,7.3,-999,-999,-999,-999,-999,0,-999,-999
