66148001,20140101000000,42.517,3.135,82,0,7.1,13.1,10.1,67,83,75,5.8,-999,0,-999,-999
66148001,20140102000000,42.517,3.135,82,0,8.6,15.3,11.8,58,92,77,6.5,-999,0,-999,-999
66148001,20140103000000,42.517,3.135,82,0,10.6,14.2,11.8,73,96,88,7.7,-999,0,-999,-999
66148001,20140104000000,42.517,3.135,82,0,11.3,19.3,13.4,42,95,65,12.8,-999,0,-999,-999
66148001,20140105000000,42.517,3.135,82,0,9,13.5,11.3,46,73,59,11.2,-999,0,-999,-999
66148001,20140106000000,42.517,3.135,82,0,9.6,14.8,11.6,57,88,78,5.5,-999,0,-999,-999
66148001,20140107000000,42.517,3.135,82,0,10.5,13.3,12,77,92,85,2.3,-999,0,-999,-999
66148001,20140108000000,42.517,3.135,82,0,11.1,13.7,12.2,76,94,86,4.3,-999,0,-999,-999
66148001,20140109000000,42.517,3.135,82,0,-999,-999,-999,79,93,88,2,-999,0,-999,-999
66148001,20140110000000,42.517,3.135,82,0,-999,-999,-999,71,81,76,5.5,-999,0,-999,-999
66148001,20140111000000,42.517,3.135,82,0,10.2,12.3,11.5,73,96,82,3.7,-999,0.6,-999,-999
66148001,20140112000000,42.517,3.135,82,0,11,13.6,11.9,84,96,91,3.4,-999,0.2,-999,-999
66148001,20140113000000,42.517,3.135,82,0,9.4,11.7,10.5,65,96,86,6.4,-999,2.6,-999,-999
66148001,20140114000000,42.517,3.135,82,0,5.9,11.7,9.4,54,89,71,5.3,-999,0,-999,-999
66148001,20140115000000,42.517,3.135,82,0,7.5,12.8,10.1,48,75,67,6.2,-999,0,-999,-999
66148001,20140116000000,42.517,3.135,82,0,0.7,9.8,5.5,73,87,80,4.3,-999,0,-999,-999
66148001,20140117000000,42.517,3.135,82,0,-999,-999,-999,42,91,73,5.6,-999,0,-999,-999
66148001,20140118000000,42.517,3.135,82,0,-999,-999,-999,54,94,76,10.8,-999,8.7,-999,-999
66148001,20140119000000,42.517,3.135,82,0,-999,-999,-999,67,89,77,9.2,-999,3.4,-999,-999
66148001,20140120000000,42.517,3.135,82,0,-999,-999,-999,57,75,66,20.7,-999,0,-999,-999
66148001,20140121000000,42.517,3.135,82,0,-999,-999,-999,44,73,62,14,-999,0,-999,-999
66148001,20140122000000,42.517,3.135,82,0,-999,-999,-999,14,96,78,6.1,-999,-999,-999,-999
66148001,20140123000000,42.517,3.135,82,0,-999,-999,-999,14,79,62,18.4,-999,0,-999,-999
66148001,20140124000000,42.517,3.135,82,0,9.7,14.8,12,53,94,68,17.3,-999,8.5,-999,-999
66148001,20140125000000,42.517,3.135,82,0,9.3,15.2,13,64,96,77,17.9,-999,0,-999,-999
66148001,20140126000000,42.517,3.135,82,0,12.5,15.6,14,58,80,68,13.1,-999,0.2,-999,-999
66148001,20140127000000,42.517,3.135,82,0,9.2,11.7,10.4,53,80,63,15.8,-999,0,-999,-999
66148001,20140128000000,42.517,3.135,82,0,7.4,10.9,8.8,47,74,62,9.9,-999,0,-999,-999
66148001,20140129000000,42.517,3.135,82,0,5.4,10.8,8.4,61,93,75,5.2,-999,7.8,-999,-999
66148001,20140130000000,42.517,3.135,82,0,5.7,10,7.8,58,91,74,13.3,-999,0.2,-999,-999
66148001,20140131000000,42.517,3.135,82,0,6.7,12,8.9,59,79,69,5.2,-999,0,-999,-999
66148001,20140201000000,42.517,3.135,82,0,6.6,9.8,8.3,58,87,73,11,-999,0.2,-999,-999
66148001,20140202000000,42.517,3.135,82,0,6.9,11,8.5,50,73,65,15.4,-999,0,-999,-999
66148001,20140203000000,42.517,3.135,82,0,6.4,14.7,10.1,31,73,58,7.6,-999,0,-999,-999
66148001,20140204000000,42.517,3.135,82,0,7,13.4,10.2,42,72,58,10.5,-999,0,-999,-999
66148001,20140205000000,42.517,3.135,82,0,9.6,15.4,11.3,41,76,59,12.1,-999,0,-999,-999
66148001,20140206000000,42.517,3.135,82,0,8.9,15.9,11.6,52,84,66,6.3,-999,0,-999,-999
66148001,20140207000000,42.517,3.135,82,0,10.1,12.8,11.6,43,80,65,12.1,-999,0,-999,-999
66148001,20140208000000,42.517,3.135,82,0,6.5,10.8,9,50,87,75,7.7,-999,0,-999,-999
66148001,20140209000000,42.517,3.135,82,0,8.3,12,10.3,43,69,57,9.7,-999,0,-999,-999
66148001,20140210000000,42.517,3.135,82,0,9.1,15.3,11.4,43,82,65,19.8,-999,0,-999,-999
66148001,20140211000000,42.517,3.135,82,0,8.3,12.2,10.1,51,79,65,14.7,-999,0,-999,-999
66148001,20140212000000,42.517,3.135,82,0,8.8,13.7,10.6,47,81,64,11.2,-999,0,-999,-999
66148001,20140213000000,42.517,3.135,82,0,9,13.3,11.5,41,85,66,8.1,-999,0,-999,-999
66148001,20140214000000,42.517,3.135,82,0,9.9,14.4,11.8,56,96,80,5.5,-999,0,-999,-999
66148001,20140215000000,42.517,3.135,82,0,10,15.3,12,60,98,81,6.1,-999,2,-999,-999
66148001,20140216000000,42.517,3.135,82,0,8.2,11.1,9.3,61,81,72,8.8,-999,1.2,-999,-999
66148001,20140217000000,42.517,3.135,82,0,5.7,14.4,10.3,57,90,71,5.1,-999,0,-999,-999
66148001,20140218000000,42.517,3.135,82,0,9.3,12.5,10.9,56,96,77,9,-999,0.4,-999,-999
66148001,20140219000000,42.517,3.135,82,0,10.3,14,11.8,51,80,66,16.5,-999,0,-999,-999
66148001,20140220000000,42.517,3.135,82,0,8.5,15,12.4,48,84,65,3.3,-999,0,-999,-999
66148001,20140221000000,42.517,3.135,82,0,9.4,11.4,10.5,50,74,63,13.4,-999,0.8,-999,-999
66148001,20140222000000,42.517,3.135,82,0,7.7,13.3,10.8,38,79,56,5.7,-999,0,-999,-999
66148001,20140223000000,42.517,3.135,82,0,8.5,13.6,11.6,49,84,65,7.7,-999,0,-999,-999
66148001,20140224000000,42.517,3.135,82,0,10.8,14.8,12.2,57,79,70,14.3,-999,0,-999,-999
66148001,20140225000000,42.517,3.135,82,0,9.6,17.5,11.7,51,78,66,6.8,-999,4.8,-999,-999
66148001,20140226000000,42.517,3.135,82,0,6.8,12.4,9.3,50,81,66,10.2,-999,0,-999,-999
66148001,20140227000000,42.517,3.135,82,0,7.6,13.3,9.9,49,84,64,-999,-999,0.4,-999,-999
66148001,20140228000000,42.517,3.135,82,0,7.6,11.9,9.9,39,79,57,-999,-999,0.4,-999,-999
66148001,20140301000000,42.517,3.135,82,0,7.2,12.8,9.6,47,65,58,-999,-999,0,-999,-999
66148001,20140302000000,42.517,3.135,82,0,7.6,15.2,11.2,47,73,58,-999,-999,0.2,-999,-999
66148001,20140303000000,42.517,3.135,82,0,8.2,12.8,9.9,45,86,64,-999,-999,0.4,-999,-999
66148001,20140304000000,42.517,3.135,82,0,5.9,12.1,9.6,42,84,62,-999,-999,0,-999,-999
66148001,20140305000000,42.517,3.135,82,0,8.6,14.5,11.5,40,71,58,-999,-999,0,-999,-999
66148001,20140306000000,42.517,3.135,82,0,10,15,12.1,37,68,53,-999,-999,0,-999,-999
66148001,20140307000000,42.517,3.135,82,0,8.1,15,12,33,74,55,-999,-999,0,-999,-999
66148001,20140308000000,42.517,3.135,82,0,7.6,16.4,12.7,34,74,55,-999,-999,0,-999,-999
66148001,20140309000000,42.517,3.135,82,0,11.8,16.4,13.7,30,87,58,-999,-999,0,-999,-999
66148001,20140310000000,42.517,3.135,82,0,8.3,18.4,13.4,26,81,56,-999,-999,0,-999,-999
66148001,20140311000000,42.517,3.135,82,0,10,14.6,12.7,49,81,67,3.7,-999,0,-999,-999
66148001,20140312000000,42.517,3.135,82,0,9.4,14.6,11.4,62,93,77,2.7,-999,0,-999,-999
66148001,20140313000000,42.517,3.135,82,0,7.2,15.5,11.3,50,89,75,4.2,-999,0,-999,-999
66148001,20140314000000,42.517,3.135,82,0,8.4,17.2,13.8,40,84,57,5.8,-999,0,-999,-999
66148001,20140315000000,42.517,3.135,82,0,12.6,18.5,15.8,34,64,51,20.2,-999,0,-999,-999
66148001,20140316000000,42.517,3.135,82,0,13.3,20.5,16.7,34,64,45,22.1,-999,0,-999,-999
66148001,20140317000000,42.517,3.135,82,0,15.1,21.4,17.2,30,68,46,6.4,-999,0,-999,-999
66148001,20140318000000,42.517,3.135,82,0,10.4,16.3,13.8,48,95,72,9,-999,0,-999,-999
66148001,20140319000000,42.517,3.135,82,0,11.7,19.7,14.3,30,71,60,8.3,-999,0,-999,-999
66148001,20140320000000,42.517,3.135,82,0,10.8,14.9,12.7,54,94,82,2,-999,0,-999,-999
66148001,20140321000000,42.517,3.135,82,0,11.4,14.7,13.1,80,92,88,2.5,-999,0,-999,-999
66148001,20140322000000,42.517,3.135,82,0,9.1,15.4,11.6,60,95,80,7.8,-999,1.6,-999,-999
66148001,20140323000000,42.517,3.135,82,0,7.9,12,9.6,44,75,59,17.1,-999,0,-999,-999
66148001,20140324000000,42.517,3.135,82,0,7.8,14,10.8,47,77,59,8.5,-999,0,-999,-999
66148001,20140325000000,42.517,3.135,82,0,9,14.5,11.3,45,80,61,16,-999,1.6,-999,-999
66148001,20140326000000,42.517,3.135,82,0,6.8,12.1,9.2,56,89,69,14.1,-999,2.6,-999,-999
66148001,20140328000000,42.517,3.135,82,0,7,16.9,11.7,36,78,67,8.9,-999,0,-999,-999
66148001,20140329000000,42.517,3.135,82,0,10.5,16,13,73,86,81,6.8,-999,0,-999,-999
66148001,20140330000000,42.517,3.135,82,0,12.7,14.5,13.1,81,95,92,6.9,-999,0.2,-999,-999
66148001,20140331000000,42.517,3.135,82,0,12.5,15,13.2,83,98,93,8.1,-999,0,-999,-999
66148001,20140401000000,42.517,3.135,82,0,10.7,17.1,13.8,55,93,79,5.2,-999,0,-999,-999
66148001,20140402000000,42.517,3.135,82,0,12.7,13.7,13.3,81,97,93,9.4,-999,0.2,-999,-999
66148001,20140403000000,42.517,3.135,82,0,12.9,13.5,12.8,91,97,95,9.7,-999,41.4,-999,-999
66148001,20140404000000,42.517,3.135,82,0,10.1,16.3,13.6,-999,-999,68,19.9,-999,0,-999,-999
66148001,20140406000000,42.517,3.135,82,0,13.9,20.4,17.6,49,82,64,6,-999,0,-999,-999
66148001,20140407000000,42.517,3.135,82,0,13.3,18.2,15.1,56,96,81,5.4,-999,0,-999,-999
66148001,20140408000000,42.517,3.135,82,0,13,18,15.7,57,95,70,9.6,-999,0,-999,-999
66148001,20140411000000,42.517,3.135,82,0,-999,-999,-999,-999,-999,-999,-999,-999,0,-999,-999
66148001,20140413000000,42.517,3.135,82,0,14.1,21.1,18.5,45,71,58,11.8,-999,0,-999,-999
66148001,20140414000000,42.517,3.135,82,0,16.6,22.2,18.7,34,78,56,7.4,-999,0,-999,-999
66148001,20140415000000,42.517,3.135,82,0,14.2,21.6,17.4,33,73,50,3.2,-999,0,-999,-999
66148001,20140416000000,42.517,3.135,82,0,12.7,17.5,14.6,29,86,61,3.3,-999,0,-999,-999
66148001,20140417000000,42.517,3.135,82,0,10.4,20.2,15.5,38,89,69,4.9,-999,0,-999,-999
66148001,20140418000000,42.517,3.135,82,0,15.9,22.5,18.9,30,55,41,7.6,-999,0,-999,-999
66148001,20140419000000,42.517,3.135,82,0,14,18.2,15.8,49,69,60,9.8,-999,3.8,-999,-999
66148001,20140420000000,42.517,3.135,82,0,10.5,14.3,12.7,56,98,81,7.1,-999,1.6,-999,-999
66148001,20140421000000,42.517,3.135,82,0,10.9,15.3,13.2,81,99,90,5.1,-999,1,-999,-999
66148001,20140422000000,42.517,3.135,82,0,12.7,15.7,14.1,69,96,87,4.8,-999,1.2,-999,-999
66148001,20140423000000,42.517,3.135,82,0,13.5,19.6,16.9,54,87,69,5,-999,0,-999,-999
66148001,20140424000000,42.517,3.135,82,0,15.6,23.1,18.4,42,83,60,9.3,-999,0,-999,-999
66148001,20140425000000,42.517,3.135,82,0,13.1,16.6,14.6,51,71,62,18.7,-999,0,-999,-999
66148001,20140426000000,42.517,3.135,82,0,11.8,18.6,14.8,42,88,67,8.3,-999,2.2,-999,-999
66148001,20140427000000,42.517,3.135,82,0,9.8,18.1,14.8,39,74,54,18.8,-999,0,-999,-999
66148001,20140428000000,42.517,3.135,82,0,12,18.3,15.2,39,64,53,13.6,-999,0,-999,-999
66148001,20140429000000,42.517,3.135,82,0,12.3,19.2,15.6,56,77,66,5.3,-999,0.6,-999,-999
66148001,20140430000000,42.517,3.135,82,0,14.5,19.7,16.5,48,80,65,10.8,-999,0,-999,-999
66148001,20140501000000,42.517,3.135,82,0,14.5,19.8,16.8,52,75,62,9.7,-999,0,-999,-999
66148001,20140502000000,42.517,3.135,82,0,13.2,16.5,14.8,51,69,61,21.3,-999,0,-999,-999
66148001,20140503000000,42.517,3.135,82,0,13.9,18.1,15.5,46,73,60,22.9,-999,0,-999,-999
66148001,20140504000000,42.517,3.135,82,0,11.8,20.1,15.9,33,62,48,13,-999,0,-999,-999
66148001,20140505000000,42.517,3.135,82,0,13.4,19.7,16.6,47,79,62,9.1,-999,0,-999,-999
66148001,20140506000000,42.517,3.135,82,0,12.9,18.8,15.8,61,94,83,4.1,-999,0.2,-999,-999
66148001,20140507000000,42.517,3.135,82,0,14.9,20.6,17.3,60,96,79,6,-999,0,-999,-999
66148001,20140508000000,42.517,3.135,82,0,17.3,22.3,19.3,54,74,63,6.8,-999,0,-999,-999
66148001,20140509000000,42.517,3.135,82,0,17.4,22.8,19.4,50,70,62,10.6,-999,0,-999,-999
66148001,20140510000000,42.517,3.135,82,0,16.8,22.4,20,50,88,62,4.8,-999,2.6,-999,-999
66148001,20140511000000,42.517,3.135,82,0,15.4,18.4,17.4,50,80,64,10,-999,0.2,-999,-999
66148001,20140512000000,42.517,3.135,82,0,13.7,17.3,15.2,52,72,62,8.3,-999,0,-999,-999
66148001,20140513000000,42.517,3.135,82,0,11.9,16.7,14.3,43,67,57,17.4,-999,0,-999,-999
66148001,20140514000000,42.517,3.135,82,0,12.2,18.4,15.8,40,67,53,16.7,-999,0,-999,-999
66148001,20140515000000,42.517,3.135,82,0,14.1,20.1,17.3,32,60,45,16.4,-999,0,-999,-999
66148001,20140516000000,42.517,3.135,82,0,12.8,20.6,17.2,34,57,44,10.1,-999,0,-999,-999
66148001,20140517000000,42.517,3.135,82,0,14.6,21.8,18,27,71,48,7.8,-999,0,-999,-999
66148001,20140518000000,42.517,3.135,82,0,13.2,18.1,15.5,55,88,77,4.6,-999,0,-999,-999
66148001,20140519000000,42.517,3.135,82,0,13.2,18.6,16,63,93,83,9.9,-999,0,-999,-999
66148001,20140520000000,42.517,3.135,82,0,15.6,18.1,16.4,80,99,91,13.1,-999,3.2,-999,-999
66148001,20140521000000,42.517,3.135,82,0,15.6,18.9,16.3,87,99,96,12.3,-999,0.6,-999,-999
66148001,20140522000000,42.517,3.135,82,0,15.9,23.3,18.7,35,98,61,10.4,-999,0.2,-999,-999
66148001,20140523000000,42.517,3.135,82,0,12.7,26.1,16.7,25,71,59,7.2,-999,0,-999,-999
66148001,20140524000000,42.517,3.135,82,0,12.4,18.4,15.7,48,80,63,5.4,-999,0,-999,-999
66148001,20140525000000,42.517,3.135,82,0,14.2,19.8,16.4,52,82,72,6.3,-999,0,-999,-999
66148001,20140526000000,42.517,3.135,82,0,12.1,16.4,14.6,59,88,74,6.8,-999,3.6,-999,-999
66148001,20140527000000,42.517,3.135,82,0,12.5,20.8,16.6,47,72,59,5.1,-999,0,-999,-999
66148001,20140528000000,42.517,3.135,82,0,14.7,19.9,17.2,45,81,63,5.3,-999,0,-999,-999
66148001,20140529000000,42.517,3.135,82,0,14.4,21.5,17.9,42,70,56,11.4,-999,0,-999,-999
66148001,20140530000000,42.517,3.135,82,0,16.3,22,19,43,63,52,11.1,-999,0,-999,-999
66148001,20140531000000,42.517,3.135,82,0,15.8,21.7,18.7,46,69,57,16.2,-999,0,-999,-999
66148001,20140601000000,42.517,3.135,82,0,16.7,22.3,19.9,44,72,55,14.4,-999,0,-999,-999
66148001,20140602000000,42.517,3.135,82,0,17.2,22.1,19.9,41,70,54,10.3,-999,0,-999,-999
66148001,20140603000000,42.517,3.135,82,0,17.8,24.7,21,39,65,52,6.3,-999,0,-999,-999
66148001,20140604000000,42.517,3.135,82,0,16.4,23.2,18.7,48,70,58,8.4,-999,0,-999,-999
66148001,20140605000000,42.517,3.135,82,0,15.3,20.5,17.5,46,92,70,7.3,-999,0,-999,-999
66148001,20140606000000,42.517,3.135,82,0,16.5,19.2,17.7,82,97,90,7.3,-999,0,-999,-999
66148001,20140607000000,42.517,3.135,82,0,16.2,22.5,18.4,61,98,90,5.8,-999,0,-999,-999
66148001,20140608000000,42.517,3.135,82,0,17.3,27.8,21.9,28,96,69,8.1,-999,0,-999,-999
66148001,20140609000000,42.517,3.135,82,0,19.6,25.7,22,28,82,63,5.7,-999,0,-999,-999
66148001,20140610000000,42.517,3.135,82,0,18.6,24.3,21,47,96,72,4.8,-999,0,-999,-999
66148001,20140611000000,42.517,3.135,82,0,18.8,27.8,24.4,43,86,59,5.9,-999,0,-999,-999
66148001,20140612000000,42.517,3.135,82,0,22.9,30.5,27.9,38,59,48,6.3,-999,0,-999,-999
66148001,20140613000000,42.517,3.135,82,0,26.4,32.7,28,32,72,49,9.3,-999,1.2,-999,-999
66148001,20140614000000,42.517,3.135,82,0,23.4,27.1,24.7,37,68,50,16.5,-999,0,-999,-999
66148001,20140615000000,42.517,3.135,82,0,19.5,23.8,21,40,69,54,16.6,-999,0.4,-999,-999
66148001,20140616000000,42.517,3.135,82,0,19.4,26,22.5,39,60,49,11.1,-999,0,-999,-999
66148001,20140617000000,42.517,3.135,82,0,21,26.5,21.8,37,79,54,9.8,-999,0.8,-999,-999
66148001,20140618000000,42.517,3.135,82,0,18.1,25.8,21.1,41,81,59,5.1,-999,0.6,-999,-999
66148001,20140619000000,42.517,3.135,82,0,16.4,24.9,21.2,43,79,63,4.9,-999,0,-999,-999
66148001,20140620000000,42.517,3.135,82,0,18.9,27.4,23.7,38,85,55,4.7,-999,0,-999,-999
66148001,20140621000000,42.517,3.135,82,0,19.9,26.7,23,42,86,64,4.9,-999,0,-999,-999
66148001,20140622000000,42.517,3.135,82,0,18.9,24.3,21.3,75,98,88,3.7,-999,0,-999,-999
66148001,20140623000000,42.517,3.135,82,0,20.1,25.4,22.2,67,99,87,4,-999,0,-999,-999
66148001,20140624000000,42.517,3.135,82,0,20.7,27.4,23.4,47,88,65,6.7,-999,4.2,-999,-999
66148001,20140625000000,42.517,3.135,82,0,18.2,27.1,22.3,42,92,64,7.5,-999,0.4,-999,-999
66148001,20140626000000,42.517,3.135,82,0,21.5,26.9,23,44,66,56,9.5,-999,0,-999,-999
66148001,20140627000000,42.517,3.135,82,0,20,26.2,22.5,48,89,67,8.5,-999,0,-999,-999
66148001,20140628000000,42.517,3.135,82,0,19.9,31.5,24.4,31,96,64,11.5,-999,0,-999,-999
66148001,20140629000000,42.517,3.135,82,0,16.5,23.2,19.7,43,84,61,14.2,-999,0.6,-999,-999
66148001,20140630000000,42.517,3.135,82,0,17.1,25.3,21,40,76,59,7.1,-999,0,-999,-999
66148001,20140701000000,42.517,3.135,82,0,18.9,24.7,21.5,52,87,72,7.8,-999,0,-999,-999
66148001,20140702000000,42.517,3.135,82,0,19.3,23.4,20.4,79,97,87,3.5,-999,0,-999,-999
66148001,20140703000000,42.517,3.135,82,0,16.5,23.9,21,54,94,74,2.8,-999,0,-999,-999
66148001,20140704000000,42.517,3.135,82,0,20.2,25.1,22.4,61,85,72,3.2,-999,0,-999,-999
66148001,20140705000000,42.517,3.135,82,0,20.4,25.2,22.2,62,93,80,4.7,-999,0.2,-999,-999
66148001,20140706000000,42.517,3.135,82,0,19.6,31.9,24.4,32,96,67,7.9,-999,0,-999,-999
66148001,20140707000000,42.517,3.135,82,0,15.3,19.1,17.7,61,96,76,10,-999,12.5,-999,-999
66148001,20140708000000,42.517,3.135,82,0,16.8,24.7,20.7,43,75,57,9.7,-999,0,-999,-999
66148001,20140709000000,42.517,3.135,82,0,17.9,22.3,19.8,41,75,57,18.4,-999,0,-999,-999
66148001,20140710000000,42.517,3.135,82,0,18.2,23.1,20.6,41,66,54,22.4,-999,0,-999,-999
66148001,20140711000000,42.517,3.135,82,0,19.1,24.7,21.4,40,66,55,18,-999,0,-999,-999
66148001,20140712000000,42.517,3.135,82,0,18.7,24.2,21.4,42,69,58,12.2,-999,0,-999,-999
66148001,20140713000000,42.517,3.135,82,0,19.2,25.6,21.9,50,78,66,6.9,-999,0.2,-999,-999
66148001,20140714000000,42.517,3.135,82,0,19.3,26.6,22.9,43,84,64,10.1,-999,0,-999,-999
66148001,20140715000000,42.517,3.135,82,0,21.1,26.6,23,50,81,64,6,-999,0,-999,-999
66148001,20140716000000,42.517,3.135,82,0,20.1,27.6,24.4,45,79,59,4,-999,0,-999,-999
66148001,20140717000000,42.517,3.135,82,0,20.3,27.7,23.6,44,90,74,5.1,-999,0,-999,-999
66148001,20140718000000,42.517,3.135,82,0,21.7,27.6,24.3,46,93,76,6.3,-999,0,-999,-999
66148001,20140719000000,42.517,3.135,82,0,21.5,24.4,23.1,53,96,84,10.5,-999,0,-999,-999
66148001,20140720000000,42.517,3.135,82,0,19.1,26.8,22.1,47,97,72,11.9,-999,3.4,-999,-999
66148001,20140721000000,42.517,3.135,82,0,18.3,25.1,22.6,47,70,60,16.8,-999,0,-999,-999
66148001,20140722000000,42.517,3.135,82,0,20.7,26.8,24.1,44,68,55,16,-999,0,-999,-999
66148001,20140723000000,42.517,3.135,82,0,23,28.4,25.5,46,69,55,7.5,-999,0,-999,-999
66148001,20140724000000,42.517,3.135,82,0,24.1,28.9,26.7,49,77,57,6.5,-999,2,-999,-999
66148001,20140726000000,42.517,3.135,82,0,20,30,-999,38,80,-999,-999,-999,0,-999,-999
66148001,20140728000000,42.517,3.135,82,0,19.3,26.3,22.6,48,92,65,-999,-999,2.8,-999,-999
66148001,20140729000000,42.517,3.135,82,0,17.8,23.6,20.9,43,86,59,-999,-999,0,-999,-999
66148001,20140730000000,42.517,3.135,82,0,20.6,26.7,23.8,44,62,53,-999,-999,0,-999,-999
66148001,20140731000000,42.517,3.135,82,0,22.8,30.2,25.5,39,66,53,-999,-999,0,-999,-999
66148001,20140801000000,42.517,3.135,82,0,21.5,27.4,23,48,95,71,-999,-999,7.9,-999,-999
66148001,20140802000000,42.517,3.135,82,0,19.1,24.2,21.1,64,94,83,-999,-999,4.2,-999,-999
66148001,20140803000000,42.517,3.135,82,0,17.3,25,21.4,73,92,84,-999,-999,0,-999,-999
66148001,20140804000000,42.517,3.135,82,0,20.8,25.9,23.5,55,89,71,-999,-999,0,-999,-999
66148001,20140805000000,42.517,3.135,82,0,22,27.6,24.3,47,71,59,-999,-999,0,-999,-999
66148001,20140806000000,42.517,3.135,82,0,22.3,28.5,25.2,41,67,53,-999,-999,0,-999,-999
66148001,20140807000000,42.517,3.135,82,0,22.8,27.9,25.3,14,72,63,-999,-999,0.2,-999,-999
66148001,20140808000000,42.517,3.135,82,0,23.4,32.6,26.3,46,88,67,8.3,-999,0.2,-999,-999
66148001,20140809000000,42.517,3.135,82,0,19.9,25.5,22.8,59,96,82,6.9,-999,0,-999,-999
66148001,20140810000000,42.517,3.135,82,0,22.1,26,23.5,73,100,91,5.2,-999,0,-999,-999
66148001,20140811000000,42.517,3.135,82,0,22.2,26.2,23.9,52,86,63,11.1,-999,0,-999,-999
66148001,20140812000000,42.517,3.135,82,0,20.7,26.1,22.9,48,75,62,6.3,-999,9.5,-999,-999
66148001,20140813000000,42.517,3.135,82,0,17.1,23.1,21.2,46,96,63,14.6,-999,0,-999,-999
66148001,20140814000000,42.517,3.135,82,0,18.7,26,21.5,43,69,57,10,-999,0,-999,-999
66148001,20140815000000,42.517,3.135,82,0,19.3,24.7,21.2,49,73,58,9.1,-999,0,-999,-999
66148001,20140816000000,42.517,3.135,82,0,18.1,23.9,20.9,37,71,54,12.7,-999,0,-999,-999
66148001,20140817000000,42.517,3.135,82,0,19.6,25.8,21.3,41,88,61,6.3,-999,0,-999,-999
66148001,20140818000000,42.517,3.135,82,0,18.1,24.8,21.2,65,97,82,4.3,-999,0.2,-999,-999
66148001,20140819000000,42.517,3.135,82,0,19.6,25.5,22.1,53,92,67,8.2,-999,0,-999,-999
66148001,20140820000000,42.517,3.135,82,0,17.4,23.9,20.7,51,83,63,7.5,-999,3,-999,-999
66148001,20140821000000,42.517,3.135,82,0,19.3,23.8,20.9,45,77,59,5.3,-999,0,-999,-999
66148001,20140822000000,42.517,3.135,82,0,17.5,21.4,19.3,60,96,79,4.2,-999,21.8,-999,-999
66148001,20140823000000,42.517,3.135,82,0,16.6,23.9,20.2,49,86,63,10.5,-999,0,-999,-999
66148001,20140824000000,42.517,3.135,82,0,19.2,25,21.2,47,82,64,5.4,-999,0,-999,-999
66148001,20140825000000,42.517,3.135,82,0,18.3,23.2,20.5,62,99,81,4.9,-999,0,-999,-999
66148001,20140826000000,42.517,3.135,82,0,19.5,26.4,23.2,52,100,77,4.3,-999,0,-999,-999
66148001,20140827000000,42.517,3.135,82,0,23,26.3,24,60,80,70,5.2,-999,0,-999,-999
66148001,20140828000000,42.517,3.135,82,0,19.6,25.4,22.7,60,92,77,3.9,-999,0,-999,-999
66148001,20140829000000,42.517,3.135,82,0,20.9,25.9,23.3,56,91,72,7.1,-999,0,-999,-999
66148001,20140830000000,42.517,3.135,82,0,21.6,26.8,24,45,70,60,8.3,-999,0,-999,-999
66148001,20140831000000,42.517,3.135,82,0,21.7,27.9,24.3,36,71,57,10,-999,0,-999,-999
66148001,20140901000000,42.517,3.135,82,0,20.5,27.3,23.6,37,76,57,14.4,-999,0,-999,-999
66148001,20140902000000,42.517,3.135,82,0,20.6,28.3,24.3,28,65,47,8,-999,0,-999,-999
66148001,20140903000000,42.517,3.135,82,0,18.4,23.8,21.1,37,87,64,2.7,-999,0,-999,-999
66148001,20140904000000,42.517,3.135,82,0,17.5,21.9,19.8,73,97,87,3.4,-999,0,-999,-999
66148001,20140905000000,42.517,3.135,82,0,18.8,26.5,22.8,56,96,74,5,-999,0,-999,-999
66148001,20140906000000,42.517,3.135,82,0,22.1,27.2,23.7,51,96,72,4.7,-999,0,-999,-999
66148001,20140907000000,42.517,3.135,82,0,19.2,23.9,21.5,71,100,94,4.5,-999,0,-999,-999
66148001,20140908000000,42.517,3.135,82,0,19.1,24.1,21.6,69,100,95,4.6,-999,5.7,-999,-999
66148001,20140909000000,42.517,3.135,82,0,18.7,24.8,21.9,54,94,80,3.1,-999,0,-999,-999
66148001,20140910000000,42.517,3.135,82,0,18.3,27.1,23.5,49,87,69,5,-999,0,-999,-999
66148001,20140911000000,42.517,3.135,82,0,21.3,27.1,23.9,31,83,62,5.2,-999,0,-999,-999
66148001,20140912000000,42.517,3.135,82,0,19.8,25.5,22.9,33,83,59,4.2,-999,0,-999,-999
66148001,20140913000000,42.517,3.135,82,0,18,24.8,22,38,81,66,3.6,-999,0,-999,-999
66148001,20140914000000,42.517,3.135,82,0,18.8,24.4,21.3,54,91,75,3.5,-999,0,-999,-999
66148001,20140915000000,42.517,3.135,82,0,18.8,23.8,20.9,70,98,85,4.3,-999,0,-999,-999
66148001,20140916000000,42.517,3.135,82,0,19.3,24.1,21.9,79,99,90,8.1,-999,0.6,-999,-999
66148001,20140920000000,42.517,3.135,82,0,19.8,25.6,22.7,-999,-999,-999,-999,-999,0,-999,-999
66148001,20140923000000,42.517,3.135,82,0,18.2,22.5,19.3,38,91,66,7.2,-999,0,-999,-999
66148001,20140924000000,42.517,3.135,82,0,17,22.8,19.7,47,81,60,8,-999,0,-999,-999
66148001,20140925000000,42.517,3.135,82,0,15.8,21.9,19.1,43,74,56,15.2,-999,0,-999,-999
66148001,20140926000000,42.517,3.135,82,0,16.8,23.2,19.4,41,64,53,5.4,-999,0,-999,-999
66148001,20140927000000,42.517,3.135,82,0,14.3,21.2,19.4,43,89,73,7.3,-999,0,-999,-999
66148001,20140928000000,42.517,3.135,82,0,19.8,22.1,20.9,80,100,92,9.1,-999,67.6,-999,-999
66148001,20140929000000,42.517,3.135,82,0,18.6,23,20.4,91,100,97,5,-999,11.7,-999,-999
66148001,20140930000000,42.517,3.135,82,0,18.9,22.3,19.9,76,100,91,5.5,-999,0,-999,-999
66148001,20141001000000,42.517,3.135,82,0,18.8,24,21.7,59,92,72,8.1,-999,0,-999,-999
66148001,20141002000000,42.517,3.135,82,0,20.7,24.4,21.7,47,78,61,5.9,-999,0,-999,-999
66148001,20141003000000,42.517,3.135,82,0,18.4,23.3,20.2,61,83,70,4.6,-999,0,-999,-999
66148001,20141004000000,42.517,3.135,82,0,16.9,22.2,19.8,66,94,81,3.5,-999,4,-999,-999
66148001,20141005000000,42.517,3.135,82,0,15.7,20,17.5,57,95,73,8.1,-999,0,-999,-999
66148001,20141006000000,42.517,3.135,82,0,15,20.3,18.3,66,92,82,3.7,-999,0,-999,-999
66148001,20141007000000,42.517,3.135,82,0,16.8,23.1,19.4,74,96,86,3.5,-999,0,-999,-999
66148001,20141008000000,42.517,3.135,82,0,18.1,28.6,23.1,39,93,64,12.1,-999,0,-999,-999
66148001,20141009000000,42.517,3.135,82,0,20,29.1,22.6,42,95,68,7.6,-999,0,-999,-999
66148001,20141010000000,42.517,3.135,82,0,18.4,23.1,20.6,68,95,82,6.9,-999,0,-999,-999
66148001,20141011000000,42.517,3.135,82,0,18.5,23.9,20.4,58,90,75,7.4,-999,0,-999,-999
66148001,20141012000000,42.517,3.135,82,0,20.2,27.2,23.1,41,98,69,7.1,-999,0,-999,-999
66148001,20141013000000,42.517,3.135,82,0,19.1,26,21.4,31,81,61,6.2,-999,0,-999,-999
66148001,20141014000000,42.517,3.135,82,0,16.8,22.5,19.4,45,86,66,4.3,-999,0,-999,-999
66148001,20141015000000,42.517,3.135,82,0,16.9,23.8,19.6,51,89,76,5.4,-999,0,-999,-999
66148001,20141016000000,42.517,3.135,82,0,17.4,22.2,19.5,78,94,86,5.8,-999,0,-999,-999
66148001,20141017000000,42.517,3.135,82,0,18.1,22.7,20.2,72,95,86,6.6,-999,0,-999,-999
66148001,20141018000000,42.517,3.135,82,0,19.2,22.2,20.4,84,95,90,4.6,-999,0,-999,-999
66148001,20141019000000,42.517,3.135,82,0,19.1,23.5,20.3,79,99,90,4,-999,0,-999,-999
66148001,20141020000000,42.517,3.135,82,0,18.7,23.2,20.2,76,99,89,1.8,-999,0,-999,-999
66148001,20141021000000,42.517,3.135,82,0,18.2,26.2,22.4,46,91,62,13.2,-999,0.2,-999,-999
66148001,20141022000000,42.517,3.135,82,0,14.6,17.7,15.9,42,71,59,25,-999,0,-999,-999
66148001,20141025000000,42.517,3.135,82,0,19,27,23,29,61,-999,-999,-999,0,-999,-999
66148001,20141026000000,42.517,3.135,82,0,16.9,22.3,19.6,-999,-999,-999,-999,-999,0,-999,-999
66148001,20141027000000,42.517,3.135,82,0,14.9,19.3,17.2,69,87,78,5.3,-999,0,-999,-999
66148001,20141028000000,42.517,3.135,82,0,16.6,18.8,17.6,76,85,81,10.5,-999,0,-999,-999
66148001,20141029000000,42.517,3.135,82,0,17.3,18.8,17.7,75,85,81,6.2,-999,0,-999,-999
66148001,20141030000000,42.517,3.135,82,0,14.6,19.5,16.7,70,95,85,3.1,-999,0,-999,-999
66148001,20141031000000,42.517,3.135,82,0,14.3,19.4,16.6,76,91,84,3.4,-999,0,-999,-999
66148001,20141101000000,42.517,3.135,82,0,16.6,20.3,17.7,73,95,84,2.2,-999,0,-999,-999
66148001,20141102000000,42.517,3.135,82,0,14.4,22.2,18.4,53,98,81,8,-999,0,-999,-999
66148001,20141103000000,42.517,3.135,82,0,16,21.9,18.9,57,91,73,10.6,-999,0.6,-999,-999
66148001,20141104000000,42.517,3.135,82,0,10.4,17.9,14.4,50,88,72,10,-999,1.8,-999,-999
66148001,20141105000000,42.517,3.135,82,0,11.2,15.1,12.5,56,78,70,15,-999,0,-999,-999
66148001,20141106000000,42.517,3.135,82,0,10.6,15.5,12.8,49,80,68,12.9,-999,0,-999,-999
66148001,20141107000000,42.517,3.135,82,0,8.5,16.2,13.2,59,90,71,5.6,-999,0,-999,-999
66148001,20141108000000,42.517,3.135,82,0,13.4,19.7,15.8,47,81,67,6,-999,0,-999,-999
66148001,20141109000000,42.517,3.135,82,0,12,17.1,14.1,58,88,70,5,-999,0,-999,-999
66148001,20141110000000,42.517,3.135,82,0,12.3,15.7,13.7,56,80,67,8,-999,0,-999,-999
66148001,20141111000000,42.517,3.135,82,0,11.9,18.4,14.6,42,85,61,12.6,-999,0,-999,-999
66148001,20141112000000,42.517,3.135,82,0,12.2,19.1,15.4,48,78,58,7.3,-999,0,-999,-999
66148001,20141113000000,42.517,3.135,82,0,11.9,18.4,15,45,89,72,2.3,-999,0,-999,-999
66148001,20141114000000,42.517,3.135,82,0,12.2,20,16.4,65,89,79,5.9,-999,0,-999,-999
66148001,20141115000000,42.517,3.135,82,0,12.6,16.8,14.3,58,91,72,3.9,-999,0,-999,-999
66148001,20141116000000,42.517,3.135,82,0,9.2,16.7,13.6,53,87,68,6.3,-999,0,-999,-999
66148001,20141117000000,42.517,3.135,82,0,11.1,16.5,13,49,78,64,4.1,-999,0,-999,-999
66148001,20141118000000,42.517,3.135,82,0,9.9,18.6,13.8,44,85,67,3,-999,0,-999,-999
66148001,20141119000000,42.517,3.135,82,0,8.8,15.2,13.1,71,90,79,4.5,-999,0,-999,-999
66148001,20141120000000,42.517,3.135,82,0,11.5,17.4,15,77,92,85,5,-999,0,-999,-999
66148001,20141121000000,42.517,3.135,82,0,16.4,18.2,17.4,77,97,86,8.4,-999,0,-999,-999
66148001,20141122000000,42.517,3.135,82,0,17,19.7,17.9,83,100,94,9.1,-999,0,-999,-999
66148001,20141123000000,42.517,3.135,82,0,15.5,18,17.2,91,100,99,4.2,-999,1.8,-999,-999
66148001,20141124000000,42.517,3.135,82,0,15.8,17.8,17,92,100,98,3.9,-999,3.2,-999,-999
66148001,20141125000000,42.517,3.135,82,0,14.3,16.1,14.9,95,100,99,4.5,-999,9.9,-999,-999
66148001,20141126000000,42.517,3.135,82,0,14.4,15.6,14.5,86,100,99,3,-999,4,-999,-999
66148001,20141127000000,42.517,3.135,82,0,11.8,18.1,15.1,66,99,83,6.7,-999,1.4,-999,-999
66148001,20141128000000,42.517,3.135,82,0,14.6,19.6,18.1,71,99,90,17.3,-999,0,-999,-999
66148001,20141129000000,42.517,3.135,82,0,16.9,17.9,17,91,100,96,14.2,-999,169.5,-999,-999
66148001,20141130000000,42.517,3.135,82,0,12.9,17.2,15.9,90,100,96,11.7,-999,19.1,-999,-999
66148001,20141201000000,42.517,3.135,82,0,9.8,14.3,12,70,100,84,17.3,-999,2,-999,-999
66148001,20141202000000,42.517,3.135,82,0,9.1,12.7,10.2,63,83,74,16.9,-999,0,-999,-999
66148001,20141203000000,42.517,3.135,82,0,6.5,10.8,8.4,53,81,66,10.8,-999,0,-999,-999
66148001,20141204000000,42.517,3.135,82,0,7.6,10.1,8.5,65,85,73,9,-999,1.2,-999,-999
66148001,20141205000000,42.517,3.135,82,0,8,12.5,10.4,61,88,72,16.1,-999,0,-999,-999
66148001,20141206000000,42.517,3.135,82,0,-999,-999,8.5,-999,-999,74,22.1,-999,-999,-999,-999
66148001,20141207000000,42.517,3.135,82,0,6.6,12.1,9.5,33,78,56,25.1,-999,-999,-999,-999
66148001,20141208000000,42.517,3.135,82,0,9.7,13.4,11.4,62,84,74,15.5,-999,0,-999,-999
66148001,20141209000000,42.517,3.135,82,0,6.5,9.2,7.9,50,76,63,25.7,-999,0,-999,-999
66148001,20141210000000,42.517,3.135,82,0,7.5,15.3,11.7,34,77,57,15.2,-999,0,-999,-999
66148001,20141211000000,42.517,3.135,82,0,11.7,13.6,12.5,63,80,70,14.8,-999,0,-999,-999
66148001,20141212000000,42.517,3.135,82,0,7.9,12.8,10.1,66,90,80,2.6,-999,0,-999,-999
66148001,20141213000000,42.517,3.135,82,0,8.4,15.6,11.9,69,94,80,6.1,-999,0,-999,-999
66148001,20141214000000,42.517,3.135,82,0,9.7,15.1,11.9,65,93,82,2.7,-999,7.1,-999,-999
66148001,20141215000000,42.517,3.135,82,0,9.3,11.9,10.4,61,97,85,9.7,-999,13.1,-999,-999
66148001,20141216000000,42.517,3.135,82,0,8.2,13.3,10.8,56,81,68,13.3,-999,0,-999,-999
66148001,20141217000000,42.517,3.135,82,0,10.4,15.2,12.6,64,91,75,15.9,-999,1.4,-999,-999
66148001,20141218000000,42.517,3.135,82,0,13.6,16.9,15.5,65,76,70,19,-999,0,-999,-999
66148001,20141219000000,42.517,3.135,82,0,12.4,14.9,13.5,63,76,72,12.7,-999,0,-999,-999
66148001,20141220000000,42.517,3.135,82,0,11.9,16.3,13.8,56,85,71,15,-999,0,-999,-999
66148001,20141221000000,42.517,3.135,82,0,9.2,14.2,11.5,39,81,59,10.6,-999,0,-999,-999
66148001,20141222000000,42.517,3.135,82,0,7,12,9.6,51,87,78,2.3,-999,0,-999,-999
66148001,20141223000000,42.517,3.135,82,0,7.9,11,9.3,79,93,86,4.9,-999,0,-999,-999
66148001,20141224000000,42.517,3.135,82,0,8.6,13.7,11,47,85,69,6.2,-999,0,-999,-999
66148001,20141225000000,42.517,3.135,82,0,11.2,15.6,13.1,41,77,54,12.9,-999,0,-999,-999
66148001,20141226000000,42.517,3.135,82,0,9.2,11.4,10,55,73,67,13.1,-999,0,-999,-999
66148001,20141227000000,42.517,3.135,82,0,8.5,13.4,9.9,52,93,69,8,-999,3.6,-999,-999
66148001,20141228000000,42.517,3.135,82,0,3.7,7,5.6,63,95,78,20.2,-999,2.2,-999,-999
66148001,20141229000000,42.517,3.135,82,0,2.2,6.9,4.7,34,78,55,21,-999,0,-999,-999
66148001,20141230000000,42.517,3.135,82,0,4.2,9,6.5,45,73,58,21.3,-999,0,-999,-999
66148001,20141231000000,42.517,3.135,82,0,6,12.5,8.9,21,66,45,17.7,-999,0,-999,-999
66148001,20150101000000,42.517,3.135,82,0,3.9,9.3,6.7,40,74,60,4.2,-999,0,-999,-999
66148001,20150102000000,42.517,3.135,82,0,6.1,16.9,12.6,16,75,38,7.7,-999,0,-999,-999
66148001,20150103000000,42.517,3.135,82,0,11.2,18.3,14.9,23,60,35,7.8,-999,0,-999,-999
66148001,20150104000000,42.517,3.135,82,0,13.3,16.2,14.2,52,80,69,16,-999,0,-999,-999
66148001,20150105000000,42.517,3.135,82,0,7.6,12.8,10.4,48,81,67,4.8,-999,0,-999,-999
66148001,20150106000000,42.517,3.135,82,0,7.5,13.6,10.9,54,86,65,8.5,-999,0,-999,-999
66148001,20150107000000,42.517,3.135,82,0,9.8,13.7,11.5,51,78,63,7.9,-999,0,-999,-999
66148001,20150108000000,42.517,3.135,82,0,9.5,14.5,12.1,49,75,60,5.4,-999,0,-999,-999
66148001,20150109000000,42.517,3.135,82,0,10.9,18.3,14.9,38,74,56,6.3,-999,0,-999,-999
66148001,20150110000000,42.517,3.135,82,0,13.1,21.1,16.2,42,81,62,6.6,-999,0,-999,-999
66148001,20150111000000,42.517,3.135,82,0,10.7,15.7,12.1,52,73,65,17.2,-999,0,-999,-999
66148001,20150112000000,42.517,3.135,82,0,6.6,11.5,9.3,52,90,76,5.3,-999,0,-999,-999
66148001,20150113000000,42.517,3.135,82,0,7.6,11.6,9.6,79,94,86,5.3,-999,0,-999,-999
66148001,20150114000000,42.517,3.135,82,0,8.9,15.2,12.1,64,90,74,7.1,-999,0,-999,-999
66148001,20150115000000,42.517,3.135,82,0,8.2,13.8,10.6,63,93,84,5.4,-999,0,-999,-999
66148001,20150116000000,42.517,3.135,82,0,9,13.1,10.7,62,85,74,9.7,-999,1,-999,-999
66148001,20150117000000,42.517,3.135,82,0,6.9,11.6,8.7,48,80,68,8.6,-999,0,-999,-999
66148001,20150118000000,42.517,3.135,82,0,5.5,10.7,8.2,44,87,72,5.1,-999,1.6,-999,-999
66148001,20150119000000,42.517,3.135,82,0,5.8,8.9,7.5,59,92,78,8.1,-999,10.5,-999,-999
66148001,20150120000000,42.517,3.135,82,0,5.9,10.3,7.2,37,72,56,10,-999,0,-999,-999
66148001,20150121000000,42.517,3.135,82,0,5.8,10.7,7.5,39,73,56,6.6,-999,0,-999,-999
66148001,20150122000000,42.517,3.135,82,0,5.8,9.6,7.3,65,82,73,13.4,-999,0,-999,-999
66148001,20150123000000,42.517,3.135,82,0,5.8,9.4,7,40,77,61,24.1,-999,0,-999,-999
66148001,20150124000000,42.517,3.135,82,0,4.4,10.9,8,27,78,56,22.5,-999,0,-999,-999
66148001,20150125000000,42.517,3.135,82,0,4.9,8.2,6.9,45,68,58,25.9,-999,0,-999,-999
66148001,20150126000000,42.517,3.135,82,0,5.9,12,7.5,52,75,63,20.6,-999,0,-999,-999
66148001,20150127000000,42.517,3.135,82,0,7,11.8,10,59,81,69,22.3,-999,0,-999,-999
66148001,20150128000000,42.517,3.135,82,0,7.3,12.7,9.1,50,72,62,13.3,-999,0,-999,-999
66148001,20150129000000,42.517,3.135,82,0,9.4,14.2,11.9,-999,-999,67,5.7,-999,-999,-999,-999
66148001,20150130000000,42.517,3.135,82,0,4.1,9.4,7.8,52,93,73,9.3,-999,2,-999,-999
66148001,20150131000000,42.517,3.135,82,0,5.8,9.7,7.4,57,88,71,12.8,-999,0,-999,-999
66148001,20150201000000,42.517,3.135,82,0,3.9,7.1,5.9,51,83,65,13.6,-999,0,-999,-999
66148001,20150202000000,42.517,3.135,82,0,4.2,9.2,6.8,55,72,63,5.9,-999,0,-999,-999
66148001,20150203000000,42.517,3.135,82,0,0.9,5.4,3.9,67,100,77,12.4,-999,6.9,-999,-999
66148001,20150204000000,42.517,3.135,82,0,2.2,4.9,3.7,57,77,69,23.1,-999,0,-999,-999
66148001,20150205000000,42.517,3.135,82,0,2.3,4.3,3,49,75,64,30.4,-999,0,-999,-999
66148001,20150206000000,42.517,3.135,82,0,1.4,4,2.6,48,71,60,13.1,-999,0,-999,-999
66148001,20150207000000,42.517,3.135,82,0,1.6,8.3,4.7,46,68,55,2.8,-999,0,-999,-999
66148001,20150208000000,42.517,3.135,82,0,3.4,9,6.1,46,70,60,16.7,-999,0,-999,-999
66148001,20150209000000,42.517,3.135,82,0,4.4,13.4,8.2,38,67,51,4.2,-999,0,-999,-999
66148001,20150210000000,42.517,3.135,82,0,5,11.4,8.8,37,81,62,1.5,-999,0,-999,-999
66148001,20150211000000,42.517,3.135,82,0,5.4,12,9.3,50,87,76,6.1,-999,0,-999,-999
66148001,20150212000000,42.517,3.135,82,0,6.9,12.3,9.7,70,86,81,5.4,-999,0,-999,-999
66148001,20150213000000,42.517,3.135,82,0,9.1,13,10.7,67,89,84,4.6,-999,0,-999,-999
66148001,20150214000000,42.517,3.135,82,0,8,13.2,10.3,72,88,82,3.8,-999,0,-999,-999
66148001,20150215000000,42.517,3.135,82,0,7.8,12,9.3,65,96,85,8.2,-999,0,-999,-999
66148001,20150216000000,42.517,3.135,82,0,7.7,13,10.2,45,74,61,14.1,-999,0,-999,-999
66148001,20150217000000,42.517,3.135,82,0,9.2,12.3,10.6,59,77,68,15.6,-999,0,-999,-999
66148001,20150218000000,42.517,3.135,82,0,8.1,13,9.7,56,75,67,11,-999,0,-999,-999
66148001,20150219000000,42.517,3.135,82,0,-999,-999,-999,-999,-999,-999,-999,-999,0,-999,-999
66148001,20150220000000,42.517,3.135,82,0,4.7,13.7,8.9,57,97,81,9,-999,0,-999,-999
66148001,20150221000000,42.517,3.135,82,0,8.2,10.4,8.5,65,89,75,14.5,-999,0,-999,-999
66148001,20150222000000,42.517,3.135,82,0,4.4,10.9,7.4,39,78,61,20.8,-999,0,-999,-999
66148001,20150223000000,42.517,3.135,82,0,7.1,17,11.6,45,87,68,8.1,-999,0,-999,-999
66148001,20150224000000,42.517,3.135,82,0,5.5,9.4,8.1,59,84,69,18.3,-999,0,-999,-999
66148001,20150225000000,42.517,3.135,82,0,7.3,12.2,10,58,86,71,18.8,-999,0,-999,-999
66148001,20150226000000,42.517,3.135,82,0,10.7,13.1,12,73,95,82,14.8,-999,7.9,-999,-999
66148001,20150227000000,42.517,3.135,82,0,8,10,9.5,44,92,63,23.5,-999,0,-999,-999
66148001,20150228000000,42.517,3.135,82,0,6.5,14,9.4,47,93,65,10.6,-999,0.4,-999,-999
66148001,20150301000000,42.517,3.135,82,0,7.6,17.3,13.1,54,92,72,3.2,-999,0,-999,-999
66148001,20150302000000,42.517,3.135,82,0,13.3,18.4,15.2,62,81,71,6.8,-999,0,-999,-999
66148001,20150303000000,42.517,3.135,82,0,11.5,14.9,13.1,66,89,81,4.6,-999,0,-999,-999
66148001,20150304000000,42.517,3.135,82,0,7.9,12.2,10.2,53,90,70,19.6,-999,0,-999,-999
66148001,20150305000000,42.517,3.135,82,0,7,11.8,9.4,31,68,48,28.6,-999,0,-999,-999
66148001,20150306000000,42.517,3.135,82,0,8.8,14.2,11.1,39,77,55,8.7,-999,0,-999,-999
66148001,20150307000000,42.517,3.135,82,0,8.7,14.8,11,42,79,64,2.9,-999,0,-999,-999
66148001,20150308000000,42.517,3.135,82,0,6.7,13.3,10.3,53,93,78,4.4,-999,0,-999,-999
66148001,20150309000000,42.517,3.135,82,0,11.3,15.3,12.4,57,90,74,2.7,-999,0,-999,-999
66148001,20150310000000,42.517,3.135,82,0,9.1,16.6,13.3,37,86,64,4.8,-999,0,-999,-999
66148001,20150311000000,42.517,3.135,82,0,13.4,21.5,17.3,27,67,42,6.6,-999,0,-999,-999
66148001,20150312000000,42.517,3.135,82,0,12.3,15.9,13.5,55,87,71,6.6,-999,0,-999,-999
66148001,20150313000000,42.517,3.135,82,0,10.2,18.1,12.3,41,87,67,10.3,-999,2.2,-999,-999
66148001,20150314000000,42.517,3.135,82,0,8.2,12.3,9.1,52,73,62,11.9,-999,1,-999,-999
66148001,20150315000000,42.517,3.135,82,0,5.5,7.7,6.7,66,93,84,12.8,-999,26.8,-999,-999
66148001,20150316000000,42.517,3.135,82,0,5.4,9.8,7.6,75,94,87,3.8,-999,6.1,-999,-999
66148001,20150317000000,42.517,3.135,82,0,7.6,11.9,10,71,99,90,2.2,-999,4.8,-999,-999
66148001,20150318000000,42.517,3.135,82,0,10.3,14.3,12.1,88,99,95,1.8,-999,0,-999,-999
66148001,20150319000000,42.517,3.135,82,0,10,13.7,11.9,81,100,91,3.3,-999,0,-999,-999
66148001,20150320000000,42.517,3.135,82,0,10.2,14.4,12.4,83,95,91,3.9,-999,0,-999,-999
66148001,20150321000000,42.517,3.135,82,0,11.1,12.9,11.9,92,100,96,9.1,-999,60,-999,-999
66148001,20150322000000,42.517,3.135,82,0,8.6,13,10.1,74,100,89,6.2,-999,1.6,-999,-999
66148001,20150323000000,42.517,3.135,82,0,9,14.4,11.7,80,99,91,3.3,-999,0,-999,-999
66148001,20150324000000,42.517,3.135,82,0,11,11.8,10.8,76,100,94,5.9,-999,12.2,-999,-999
66148001,20150325000000,42.517,3.135,82,0,7.8,10.2,8.8,51,80,66,25.8,-999,0,-999,-999
66148001,20150326000000,42.517,3.135,82,0,7.3,14,10.9,37,86,62,17.4,-999,0,-999,-999
66148001,20150327000000,42.517,3.135,82,0,11.5,15.4,-999,-999,-999,-999,-999,-999,0,-999,-999
66148001,20150328000000,42.517,3.135,82,0,12.8,17.6,15.2,-999,-999,-999,-999,-999,0,-999,-999
66148001,20150330000000,42.517,3.135,82,0,16.2,19.1,17.5,27,67,52,21.5,-999,0,-999,-999
66148001,20150331000000,42.517,3.135,82,0,15.7,20.2,17.2,41,69,59,15.8,-999,0,-999,-999
66148001,20150402000000,42.517,3.135,82,0,9,18,-999,45,65,-999,-999,-999,0,-999,-999
66148001,20150407000000,42.517,3.135,82,0,9.2,15.4,12.1,40,76,65,8.5,-999,0,-999,-999
66148001,20150408000000,42.517,3.135,82,0,8.9,18.4,12.8,31,75,58,6.9,-999,0,-999,-999
66148001,20150409000000,42.517,3.135,82,0,9.2,18.7,13,31,82,62,11.7,-999,0,-999,-999
66148001,20150410000000,42.517,3.135,82,0,10.8,18.3,13.7,33,86,62,12.3,-999,0,-999,-999
66148001,20150411000000,42.517,3.135,82,0,10.3,16.5,13.1,69,87,80,4,-999,0,-999,-999
66148001,20150412000000,42.517,3.135,82,0,11.2,16.6,13.8,67,88,80,3.9,-999,0,-999,-999
66148001,20150413000000,42.517,3.135,82,0,10.5,18.3,14.5,48,99,81,4.1,-999,0,-999,-999
66148001,20150414000000,42.517,3.135,82,0,13.3,23,17.9,22,80,52,4.8,-999,0,-999,-999
66148001,20150415000000,42.517,3.135,82,0,14,21.8,16.2,28,93,63,13.7,-999,0,-999,-999
66148001,20150416000000,42.517,3.135,82,0,13.5,19.3,15.3,69,98,88,7.5,-999,0,-999,-999
66148001,20150417000000,42.517,3.135,82,0,12.6,18.5,16.3,67,95,78,4.8,-999,0.2,-999,-999
66148001,20150418000000,42.517,3.135,82,0,13.5,17.1,15.3,69,97,84,5.8,-999,2.8,-999,-999
66148001,20150419000000,42.517,3.135,82,0,11.7,16.4,13.7,77,94,87,5.4,-999,17.1,-999,-999
66148001,20150420000000,42.517,3.135,82,0,10.7,18,14.4,61,99,82,5.9,-999,0,-999,-999
66148001,20150421000000,42.517,3.135,82,0,14.3,19,17,50,80,65,5.1,-999,0,-999,-999
66148001,20150422000000,42.517,3.135,82,0,13.8,19.8,16.3,36,91,64,6.9,-999,0,-999,-999
66148001,20150423000000,42.517,3.135,82,0,12.4,20.5,17,53,88,68,9.3,-999,0,-999,-999
66148001,20150424000000,42.517,3.135,82,0,14.8,19.1,17.1,55,97,75,5.3,-999,0,-999,-999
66148001,20150425000000,42.517,3.135,82,0,15.1,17.9,16.2,83,98,94,3.9,-999,0.2,-999,-999
66148001,20150426000000,42.517,3.135,82,0,15.2,19,16.1,76,99,93,9.8,-999,1.2,-999,-999
66148001,20150427000000,42.517,3.135,82,0,13.5,16.7,15.3,58,86,70,16.4,-999,0.6,-999,-999
66148001,20150428000000,42.517,3.135,82,0,12.3,17.1,14.5,43,71,55,18.5,-999,0,-999,-999
66148001,20150429000000,42.517,3.135,82,0,11.6,17.1,14.8,43,77,56,4,-999,0,-999,-999
66148001,20150430000000,42.517,3.135,82,0,12.4,23,17.4,43,83,65,5.7,-999,0,-999,-999
66148001,20150501000000,42.517,3.135,82,0,13.8,19.8,16.5,69,100,87,5.4,-999,0,-999,-999
66148001,20150502000000,42.517,3.135,82,0,16.6,25.7,19.9,47,91,71,6.6,-999,0,-999,-999
66148001,20150503000000,42.517,3.135,82,0,15.4,17.8,16.2,88,100,96,6.4,-999,0,-999,-999
66148001,20150504000000,42.517,3.135,82,0,15.5,18.4,16.2,87,100,98,6.4,-999,0,-999,-999
66148001,20150505000000,42.517,3.135,82,0,15.3,22.3,18,54,99,77,9.2,-999,0,-999,-999
66148001,20150506000000,42.517,3.135,82,0,17,21.6,18.8,45,71,57,9.6,-999,0,-999,-999
66148001,20150507000000,42.517,3.135,82,0,15.7,20.4,17.5,47,88,64,5.9,-999,0,-999,-999
66148001,20150508000000,42.517,3.135,82,0,14.6,21.7,18.4,50,96,75,8.1,-999,0,-999,-999
66148001,20150509000000,42.517,3.135,82,0,16.9,23.9,20,46,76,62,11.6,-999,0,-999,-999
66148001,20150510000000,42.517,3.135,82,0,17.8,24.9,19.9,28,82,60,5.2,-999,0,-999,-999
66148001,20150511000000,42.517,3.135,82,0,14.3,20.6,16.7,59,98,90,3.3,-999,0,-999,-999
66148001,20150512000000,42.517,3.135,82,0,15.7,19.2,17,83,99,94,2.8,-999,0,-999,-999
66148001,20150513000000,42.517,3.135,82,0,16,21,17.6,81,98,93,2.9,-999,0,-999,-999
66148001,20150514000000,42.517,3.135,82,0,17,23.7,18.6,54,98,78,11,-999,0,-999,-999
66148001,20150515000000,42.517,3.135,82,0,13.6,17.8,15.8,44,71,55,22.3,-999,0.2,-999,-999
66148001,20150516000000,42.517,3.135,82,0,14.3,19.6,16.8,46,72,59,25.8,-999,0,-999,-999
66148001,20150517000000,42.517,3.135,82,0,16.1,22.3,19.2,49,72,58,16.7,-999,0,-999,-999
66148001,20150518000000,42.517,3.135,82,0,17.4,23.3,19.7,45,89,63,6.8,-999,0,-999,-999
66148001,20150519000000,42.517,3.135,82,0,12.3,15.6,14.4,54,88,72,13.1,-999,2.8,-999,-999
66148001,20150520000000,42.517,3.135,82,0,12.2,17.2,14.4,46,73,61,17.3,-999,0,-999,-999
66148001,20150521000000,42.517,3.135,82,0,11.8,18,15.2,36,74,52,20.6,-999,0,-999,-999
66148001,20150522000000,42.517,3.135,82,0,-999,-999,17,-999,-999,46,19.2,-999,-999,-999,-999
66148001,20150523000000,42.517,3.135,82,0,15.5,20.5,17.9,40,66,53,18.7,-999,0,-999,-999
66148001,20150524000000,42.517,3.135,82,0,16.3,22.7,19.7,39,70,55,13.7,-999,0,-999,-999
66148001,20150525000000,42.517,3.135,82,0,17.8,22.2,19.4,45,71,61,16.4,-999,0,-999,-999
66148001,20150526000000,42.517,3.135,82,0,15.6,20.4,17.8,47,73,62,20.9,-999,0,-999,-999
66148001,20150527000000,42.517,3.135,82,0,15.7,21.8,19.2,33,65,45,16.2,-999,0,-999,-999
66148001,20150528000000,42.517,3.135,82,0,17.3,24.1,20.7,34,92,51,6.6,-999,0,-999,-999
66148001,20150529000000,42.517,3.135,82,0,17.4,20.7,19.2,43,85,67,5.1,-999,0,-999,-999
66148001,20150530000000,42.517,3.135,82,0,17.5,23.7,20.2,46,71,60,8.6,-999,0,-999,-999
66148001,20150531000000,42.517,3.135,82,0,18.2,24.4,20.9,43,72,57,6.1,-999,0,-999,-999
66148001,20150601000000,42.517,3.135,82,0,19,23.8,20.7,50,92,66,6,-999,0,-999,-999
66148001,20150602000000,42.517,3.135,82,0,17.3,22.3,19.7,65,96,83,4.8,-999,0,-999,-999
66148001,20150603000000,42.517,3.135,82,0,18.2,24.8,21,52,95,78,5.2,-999,0,-999,-999
66148001,20150604000000,42.517,3.135,82,0,18.3,25.7,21.3,33,87,73,5.3,-999,0,-999,-999
66148001,20150605000000,42.517,3.135,82,0,18.4,24.4,21,41,91,75,5.1,-999,0,-999,-999
66148001,20150606000000,42.517,3.135,82,0,19.3,27.8,24,39,84,62,6.6,-999,0,-999,-999
66148001,20150607000000,42.517,3.135,82,0,23.5,29.3,25.5,38,67,55,6.5,-999,0,-999,-999
66148001,20150608000000,42.517,3.135,82,0,21.6,28.1,23.6,37,85,62,6.5,-999,0.2,-999,-999
66148001,20150609000000,42.517,3.135,82,0,19.2,27.3,23.3,51,83,65,4.4,-999,0,-999,-999
66148001,20150610000000,42.517,3.135,82,0,19.7,23.3,21.2,69,100,89,6.6,-999,0.2,-999,-999
66148001,20150611000000,42.517,3.135,82,0,18.5,24.9,21.7,79,100,90,5.8,-999,0,-999,-999
66148001,20150612000000,42.517,3.135,82,0,17.2,21.4,19.3,77,99,91,5.2,-999,125,-999,-999
66148001,20150613000000,42.517,3.135,82,0,17.5,22.7,19.6,75,96,89,3.7,-999,0,-999,-999
66148001,20150614000000,42.517,3.135,82,0,18.4,25.6,20.2,58,95,78,6.1,-999,11.6,-999,-999
66148001,20150615000000,42.517,3.135,82,0,17.3,25.2,20.9,55,86,65,8.4,-999,0,-999,-999
66148001,20150616000000,42.517,3.135,82,0,18.7,23.7,20.5,49,76,64,13.5,-999,0,-999,-999
66148001,20150617000000,42.517,3.135,82,0,18,24,21.3,44,72,57,18.2,-999,0,-999,-999
66148001,20150618000000,42.517,3.135,82,0,19.9,25.8,23,45,68,55,17.6,-999,0,-999,-999
66148001,20150619000000,42.517,3.135,82,0,19.7,24.6,22.3,54,73,63,18.1,-999,0,-999,-999
66148001,20150620000000,42.517,3.135,82,0,19.9,25.9,23.1,37,71,53,16.3,-999,0,-999,-999
66148001,20150621000000,42.517,3.135,82,0,21,27.5,24.3,37,67,52,6.4,-999,0,-999,-999
66148001,20150622000000,42.517,3.135,82,0,19.8,28.3,23.4,35,88,68,3.9,-999,0,-999,-999
66148001,20150623000000,42.517,3.135,82,0,22.2,27.2,24.4,34,64,50,10.1,-999,0,-999,-999
66148001,20150624000000,42.517,3.135,82,0,20.5,25.2,21.8,42,72,57,6.1,-999,0,-999,-999
66148001,20150625000000,42.517,3.135,82,0,18,26.3,21.8,40,85,70,4.5,-999,0,-999,-999
66148001,20150626000000,42.517,3.135,82,0,20,29.5,25.6,31,75,46,4.9,-999,0,-999,-999
66148001,20150627000000,42.517,3.135,82,0,22.4,28.3,25.5,31,74,58,9.2,-999,0,-999,-999
66148001,20150628000000,42.517,3.135,82,0,22.6,30,26,31,69,53,7.3,-999,0,-999,-999
66148001,20150629000000,42.517,3.135,82,0,24.6,29.7,27,37,72,50,6.7,-999,0,-999,-999
66148001,20150630000000,42.517,3.135,82,0,22.6,26.4,23.8,45,97,80,6.4,-999,0,-999,-999
66148001,20150701000000,42.517,3.135,82,0,21.5,24.8,22.6,66,100,90,9.4,-999,0,-999,-999
66148001,20150702000000,42.517,3.135,82,0,21.5,26,23.5,52,94,75,8,-999,0,-999,-999
66148001,20150703000000,42.517,3.135,82,0,21,29.1,25.3,34,91,63,10.4,-999,0,-999,-999
66148001,20150704000000,42.517,3.135,82,0,24.3,29.8,26,32,88,61,6.3,-999,0,-999,-999
66148001,20150705000000,42.517,3.135,82,0,21.2,29.2,25.3,50,95,74,4.5,-999,0,-999,-999
66148001,20150706000000,42.517,3.135,82,0,24.5,28.2,25.4,57,94,78,6.3,-999,0,-999,-999
66148001,20150707000000,42.517,3.135,82,0,23,29,26,59,91,80,5,-999,0,-999,-999
66148001,20150708000000,42.517,3.135,82,0,22.6,25.8,24,51,69,60,16.5,-999,0,-999,-999
66148001,20150709000000,42.517,3.135,82,0,19.4,28.4,24,34,68,49,14.9,-999,0,-999,-999
66148001,20150710000000,42.517,3.135,82,0,22.8,26.6,23.7,32,88,59,5.5,-999,0,-999,-999
66148001,20150711000000,42.517,3.135,82,0,20.9,29.4,25.5,43,83,57,10.7,-999,0,-999,-999
66148001,20150712000000,42.517,3.135,82,0,23.2,29.8,26.4,39,66,54,12.7,-999,0,-999,-999
66148001,20150713000000,42.517,3.135,82,0,23,29.7,26.2,32,57,48,11.7,-999,0,-999,-999
66148001,20150714000000,42.517,3.135,82,0,23.9,31.1,27.2,31,58,45,9.9,-999,0,-999,-999
66148001,20150715000000,42.517,3.135,82,0,24.4,31,26.8,36,82,54,6,-999,0,-999,-999
66148001,20150716000000,42.517,3.135,82,0,20.7,25.9,23.2,72,97,89,3.5,-999,0,-999,-999
66148001,20150717000000,42.517,3.135,82,0,22,26.9,23.5,77,98,94,4.7,-999,0,-999,-999
66148001,20150718000000,42.517,3.135,82,0,22.2,26.9,24,65,100,90,6.6,-999,0,-999,-999
66148001,20150719000000,42.517,3.135,82,0,23.3,29.6,26.6,46,91,62,6.3,-999,0,-999,-999
66148001,20150720000000,42.517,3.135,82,0,25.7,32.3,28.8,39,63,51,7.3,-999,0,-999,-999
66148001,20150721000000,42.517,3.135,82,0,26.2,31.7,28.5,43,77,57,6.1,-999,0,-999,-999
66148001,20150722000000,42.517,3.135,82,0,24.5,29.7,27.2,44,83,63,9.4,-999,0,-999,-999
66148001,20150723000000,42.517,3.135,82,0,23.7,29.9,26.5,42,69,57,8.9,-999,0,-999,-999
66148001,20150724000000,42.517,3.135,82,0,22.3,28.7,25.4,43,94,64,6.9,-999,0,-999,-999
66148001,20150725000000,42.517,3.135,82,0,20.9,24.5,22.8,45,72,57,15,-999,0,-999,-999
66148001,20150726000000,42.517,3.135,82,0,20.5,28.6,25,34,85,52,5.5,-999,0,-999,-999
66148001,20150727000000,42.517,3.135,82,0,23.1,25.9,24.4,40,72,57,10.6,-999,0,-999,-999
66148001,20150728000000,42.517,3.135,82,0,20.9,27.5,23.9,14,70,59,7.2,-999,0,-999,-999
66148001,20150729000000,42.517,3.135,82,0,22.3,27,24.5,55,81,65,5.3,-999,0,-999,-999
66148001,20150730000000,42.517,3.135,82,0,16,23.4,20.1,40,88,63,12.1,-999,2,-999,-999
66148001,20150731000000,42.517,3.135,82,0,16.1,24.4,21,39,93,58,6.1,-999,12.4,-999,-999
66148001,20150801000000,42.517,3.135,82,0,16.8,25.5,21.9,43,92,62,9.8,-999,0,-999,-999
66148001,20150802000000,42.517,3.135,82,0,21.2,26.8,23,44,88,65,5.6,-999,0,-999,-999
66148001,20150803000000,42.517,3.135,82,0,20,26.1,22.5,74,97,90,6.1,-999,0.2,-999,-999
66148001,20150804000000,42.517,3.135,82,0,22.1,29.2,25.6,46,97,66,5.6,-999,0,-999,-999
66148001,20150805000000,42.517,3.135,82,0,21.9,27.2,24.5,64,95,80,5.3,-999,0,-999,-999
66148001,20150806000000,42.517,3.135,82,0,22.7,26.8,24.3,72,96,87,6,-999,0,-999,-999
66148001,20150807000000,42.517,3.135,82,0,22.8,29,25.8,62,99,83,3.2,-999,0,-999,-999
66148001,20150808000000,42.517,3.135,82,0,19.9,27.2,23.4,54,92,70,10.7,-999,6.5,-999,-999
66148001,20150809000000,42.517,3.135,82,0,18.5,26.5,21.5,43,82,65,12.2,-999,0.8,-999,-999
66148001,20150810000000,42.517,3.135,82,0,19.1,27.5,23.7,50,73,60,11.5,-999,0,-999,-999
66148001,20150811000000,42.517,3.135,82,0,20.8,25.9,23.4,53,86,74,5.1,-999,0,-999,-999
66148001,20150812000000,42.517,3.135,82,0,19.8,27.3,24.3,71,99,84,6.9,-999,0,-999,-999
66148001,20150813000000,42.517,3.135,82,0,19.5,28.4,23.1,62,100,83,8.1,-999,32.8,-999,-999
66148001,20150814000000,42.517,3.135,82,0,19.9,23.8,21.3,49,85,63,12.2,-999,0.8,-999,-999
66148001,20150815000000,42.517,3.135,82,0,16.9,23.5,20.8,49,70,58,10,-999,0,-999,-999
66148001,20150816000000,42.517,3.135,82,0,18,25.3,21.2,47,79,62,6.4,-999,0,-999,-999
66148001,20150817000000,42.517,3.135,82,0,20.4,26.7,22.7,45,68,53,7.5,-999,2.4,-999,-999
66148001,20150818000000,42.517,3.135,82,0,18.1,26.1,22.1,43,74,56,7.2,-999,0,-999,-999
66148001,20150819000000,42.517,3.135,82,0,19.8,26.2,22.9,43,68,55,9.2,-999,0,-999,-999
66148001,20150820000000,42.517,3.135,82,0,22.1,27.9,24.7,36,67,47,5.8,-999,0,-999,-999
66148001,20150821000000,42.517,3.135,82,0,20.6,28.2,25,37,79,52,5,-999,0,-999,-999
66148001,20150822000000,42.517,3.135,82,0,20.3,25.1,23,55,96,81,8.3,-999,0,-999,-999
66148001,20150823000000,42.517,3.135,82,0,19.9,26.5,22.2,67,99,89,7.5,-999,19.2,-999,-999
66148001,20150824000000,42.517,3.135,82,0,18.9,23.6,21.2,49,100,70,9.9,-999,0,-999,-999
66148001,20150825000000,42.517,3.135,82,0,17.6,24.4,21.6,51,75,61,5.3,-999,0,-999,-999
66148001,20150826000000,42.517,3.135,82,0,19.5,25.5,22.3,59,95,80,6.4,-999,0,-999,-999
66148001,20150827000000,42.517,3.135,82,0,21.5,26.2,23.2,67,94,86,7.4,-999,0,-999,-999
66148001,20150828000000,42.517,3.135,82,0,21.2,25.2,22.8,80,99,92,4.2,-999,0,-999,-999
66148001,20150829000000,42.517,3.135,82,0,21.2,24.6,22.7,59,96,87,9.7,-999,0,-999,-999
66148001,20150830000000,42.517,3.135,82,0,20.6,24.1,22.9,52,97,87,10.7,-999,0,-999,-999
66148001,20150831000000,42.517,3.135,82,0,22.5,26.1,23.5,72,97,86,8,-999,6.9,-999,-999
66148001,20150901000000,42.517,3.135,82,0,19.3,25.7,22,58,95,73,10.8,-999,0,-999,-999
66148001,20150902000000,42.517,3.135,82,0,20,24.9,21.5,56,75,62,6.1,-999,6.3,-999,-999
66148001,20150903000000,42.517,3.135,82,0,16.4,23.6,19.7,55,100,71,7.9,-999,1.2,-999,-999
66148001,20150904000000,42.517,3.135,82,0,17.4,21.3,19.1,45,74,61,9.7,-999,0.2,-999,-999
66148001,20150905000000,42.517,3.135,82,0,17.1,22.3,19.4,45,66,55,11.7,-999,0,-999,-999
66148001,20150906000000,42.517,3.135,82,0,17,23.3,20.2,37,66,49,11.4,-999,0,-999,-999
66148001,20150907000000,42.517,3.135,82,0,18,23.2,20,42,62,51,6.4,-999,0,-999,-999
66148001,20150908000000,42.517,3.135,82,0,16.1,22.4,19.2,43,77,60,3.8,-999,0,-999,-999
66148001,20150909000000,42.517,3.135,82,0,15.9,22.8,19.6,45,83,68,5.1,-999,0,-999,-999
66148001,20150910000000,42.517,3.135,82,0,17.7,22.3,19.8,62,88,76,4.5,-999,0,-999,-999
66148001,20150911000000,42.517,3.135,82,0,16,23,20.6,60,89,77,8.6,-999,0,-999,-999
66148001,20150912000000,42.517,3.135,82,0,21.1,25.3,22.7,67,99,83,12.8,-999,0,-999,-999
66148001,20150913000000,42.517,3.135,82,0,18.9,25.2,20.9,51,98,84,3.7,-999,0,-999,-999
66148001,20150914000000,42.517,3.135,82,0,18.6,23.6,20.1,51,92,66,7.1,-999,0,-999,-999
66148001,20150915000000,42.517,3.135,82,0,18,24.6,21.5,57,75,66,9.8,-999,0.4,-999,-999
66148001,20150916000000,42.517,3.135,82,0,21.8,29,24.7,40,81,60,13.4,-999,0,-999,-999
66148001,20150917000000,42.517,3.135,82,0,20,24.1,21.1,52,81,65,8.9,-999,0,-999,-999
66148001,20150918000000,42.517,3.135,82,0,16.4,23.5,19.6,46,63,56,7.1,-999,0,-999,-999
66148001,20150919000000,42.517,3.135,82,0,17.2,22.5,19.6,46,68,59,10.8,-999,0,-999,-999
66148001,20150920000000,42.517,3.135,82,0,16.8,24.1,20,44,70,58,10.5,-999,0,-999,-999
66148001,20150921000000,42.517,3.135,82,0,16.5,24.8,20.4,42,85,57,6,-999,0,-999,-999
66148001,20150922000000,42.517,3.135,82,0,17.1,22.7,19.5,47,70,60,9.8,-999,0,-999,-999
66148001,20150923000000,42.517,3.135,82,0,14.8,19.5,17.4,50,75,61,17.1,-999,0,-999,-999
66148001,20150924000000,42.517,3.135,82,0,15,22.8,18.8,33,64,52,13.8,-999,0,-999,-999
66148001,20150925000000,42.517,3.135,82,0,16.7,23.9,19.9,52,72,60,10.6,-999,0,-999,-999
66148001,20150926000000,42.517,3.135,82,0,17.8,23.1,19.7,44,73,58,6.6,-999,0,-999,-999
66148001,20150927000000,42.517,3.135,82,0,16.3,23.7,19,51,83,67,4.1,-999,0,-999,-999
66148001,20150928000000,42.517,3.135,82,0,16.8,22.3,18.8,53,88,69,4.4,-999,0.2,-999,-999
66148001,20150929000000,42.517,3.135,82,0,15,19.3,17,67,97,81,7.6,-999,27.9,-999,-999
66148001,20150930000000,42.517,3.135,82,0,16.3,18,17.5,66,85,75,8.6,-999,2,-999,-999
66148001,20151001000000,42.517,3.135,82,0,16.2,20.1,17.9,52,80,65,6.7,-999,0,-999,-999
66148001,20151002000000,42.517,3.135,82,0,13.7,19.1,16.7,70,90,81,2.8,-999,1,-999,-999
66148001,20151003000000,42.517,3.135,82,0,16.2,23.9,18.1,58,99,78,6.6,-999,3.4,-999,-999
66148001,20151004000000,42.517,3.135,82,0,12.2,18.8,16.3,63,88,78,4.9,-999,0,-999,-999
66148001,20151005000000,42.517,3.135,82,0,16.1,21.6,18.2,71,96,86,5.7,-999,0,-999,-999
66148001,20151006000000,42.517,3.135,82,0,16.3,21.2,18.5,69,95,85,6.5,-999,22.8,-999,-999
66148001,20151007000000,42.517,3.135,82,0,16,19.7,17.5,52,73,64,12.9,-999,0,-999,-999
66148001,20151008000000,42.517,3.135,82,0,15.5,19.8,17.3,50,75,61,11.9,-999,0,-999,-999
66148001,20151009000000,42.517,3.135,82,0,15.2,20.2,17.2,49,78,59,7.5,-999,0,-999,-999
66148001,20151010000000,42.517,3.135,82,0,13.2,20,17.6,45,87,71,3.4,-999,0,-999,-999
66148001,20151011000000,42.517,3.135,82,0,14.6,19.6,16.9,55,90,79,3.7,-999,0,-999,-999
66148001,20151012000000,42.517,3.135,82,0,15.7,18.9,16.9,74,95,87,4.9,-999,0.6,-999,-999
66148001,20151013000000,42.517,3.135,82,0,15.3,19.3,16.8,56,95,73,9.3,-999,0.2,-999,-999
66148001,20151014000000,42.517,3.135,82,0,13,16.4,13.7,42,73,59,15.8,-999,0,-999,-999
66148001,20151015000000,42.517,3.135,82,0,9.2,16.3,13,38,68,52,11.5,-999,0,-999,-999
66148001,20151016000000,42.517,3.135,82,0,10.1,16.5,13.1,53,79,64,5,-999,0,-999,-999
66148001,20151017000000,42.517,3.135,82,0,10.8,15.5,13.2,58,88,75,3.8,-999,0,-999,-999
66148001,20151018000000,42.517,3.135,82,0,13.4,16.3,14.9,80,99,87,5.8,-999,4.2,-999,-999
66148001,20151019000000,42.517,3.135,82,0,14.1,17.4,15.3,58,99,83,5.6,-999,0.2,-999,-999
66148001,20151020000000,42.517,3.135,82,0,13.6,17.8,15.5,52,89,68,12.8,-999,0,-999,-999
66148001,20151021000000,42.517,3.135,82,0,12.4,15.4,13.9,52,71,61,20.3,-999,0,-999,-999
66148001,20151022000000,42.517,3.135,82,0,13,17.1,15.5,45,73,58,20.8,-999,0,-999,-999
66148001,20151023000000,42.517,3.135,82,0,14.7,18.9,15.8,56,83,72,6.9,-999,0,-999,-999
66148001,20151024000000,42.517,3.135,82,0,12.5,20.3,16.3,54,93,79,4.5,-999,0,-999,-999
66148001,20151025000000,42.517,3.135,82,0,14.1,19.6,16.5,65,94,78,4.7,-999,0,-999,-999
66148001,20151026000000,42.517,3.135,82,0,14.3,17.5,16.7,81,98,93,8.2,-999,11.9,-999,-999
66148001,20151027000000,42.517,3.135,82,0,16.2,19,17.8,71,98,89,8.9,-999,0,-999,-999
66148001,20151028000000,42.517,3.135,82,0,15.6,20.3,16.7,58,89,75,5.4,-999,2.8,-999,-999
66148001,20151029000000,42.517,3.135,82,0,10.9,18.7,15.3,44,85,65,2.4,-999,0,-999,-999
66148001,20151030000000,42.517,3.135,82,0,13,19.5,15.7,61,87,77,5.2,-999,0,-999,-999
66148001,20151031000000,42.517,3.135,82,0,14.9,19.3,16.7,61,87,78,4.7,-999,0,-999,-999
66148001,20151101000000,42.517,3.135,82,0,13.8,18.9,16,63,90,81,2.7,-999,0,-999,-999
66148001,20151102000000,42.517,3.135,82,0,14.9,17.7,16.9,72,99,86,14.4,-999,26.3,-999,-999
66148001,20151103000000,42.517,3.135,82,0,13.7,20.5,17.5,56,99,78,11.7,-999,0,-999,-999
66148001,20151104000000,42.517,3.135,82,0,14.4,19.2,16.3,68,91,80,3.4,-999,0,-999,-999
66148001,20151105000000,42.517,3.135,82,0,13.7,19.4,16.1,79,93,89,3.6,-999,0.2,-999,-999
66148001,20151106000000,42.517,3.135,82,0,14,18.7,16.7,70,96,86,1.9,-999,0,-999,-999
66148001,20151107000000,42.517,3.135,82,0,13.9,18.4,16.1,77,97,90,2.3,-999,0,-999,-999
66148001,20151108000000,42.517,3.135,82,0,13.9,18,15.8,78,96,89,4.1,-999,0,-999,-999
66148001,20151109000000,42.517,3.135,82,0,15.1,21.7,18.1,54,90,77,6.3,-999,0,-999,-999
66148001,20151110000000,42.517,3.135,82,0,16.8,23.4,18.5,51,95,71,6.1,-999,0.2,-999,-999
66148001,20151111000000,42.517,3.135,82,0,13.3,17.9,15.9,72,94,88,2.1,-999,0.2,-999,-999
66148001,20151112000000,42.517,3.135,82,0,11.7,15.1,13.7,84,95,90,3.1,-999,0,-999,-999
66148001,20151113000000,42.517,3.135,82,0,12.6,18.4,14.9,64,93,77,8.5,-999,0,-999,-999
66148001,20151114000000,42.517,3.135,82,0,14.4,19.1,16.6,52,73,63,9.5,-999,0,-999,-999
66148001,20151115000000,42.517,3.135,82,0,13.7,23.8,19.3,17,66,38,2.7,-999,0,-999,-999
66148001,20151116000000,42.517,3.135,82,0,14.2,20.8,17.8,29,70,42,7.7,-999,0,-999,-999
66148001,20151117000000,42.517,3.135,82,0,12.8,20.6,17.3,34,75,44,8.1,-999,0,-999,-999
66148001,20151118000000,42.517,3.135,82,0,14.4,22,18.2,44,82,65,8.5,-999,0,-999,-999
66148001,20151119000000,42.517,3.135,82,0,16.4,20.9,18.3,60,80,70,7.9,-999,0,-999,-999
66148001,20151120000000,42.517,3.135,82,0,16.8,21.4,19,36,74,58,4.4,-999,0.8,-999,-999
66148001,20151121000000,42.517,3.135,82,0,8.4,14.7,11.9,50,83,63,18.2,-999,0.2,-999,-999
66148001,20151122000000,42.517,3.135,82,0,6.9,9.3,7.5,45,66,57,17.8,-999,0,-999,-999
66148001,20151123000000,42.517,3.135,82,0,5.6,9.5,6.9,39,66,54,17.2,-999,0,-999,-999
66148001,20151124000000,42.517,3.135,82,0,5.2,11.7,8.9,24,69,43,11.5,-999,0.4,-999,-999
66148001,20151125000000,42.517,3.135,82,0,8.3,13.6,12,28,82,69,10.4,-999,0.4,-999,-999
66148001,20151126000000,42.517,3.135,82,0,9.1,11.9,10.7,60,85,69,21,-999,0.2,-999,-999
66148001,20151127000000,42.517,3.135,82,0,8.3,13.6,10.3,49,71,59,18.2,-999,0,-999,-999
66148001,20151128000000,42.517,3.135,82,0,9.8,14.7,12.2,50,77,61,16.1,-999,0,-999,-999
66148001,20151129000000,42.517,3.135,82,0,9.5,15.7,12.8,43,55,50,9.5,-999,0,-999,-999
66148001,20151130000000,42.517,3.135,82,0,10.9,16.8,13.2,45,68,59,5,-999,0,-999,-999
66148001,20151201000000,42.517,3.135,82,0,10.1,16,12.6,48,72,60,4,-999,0,-999,-999
66148001,20151202000000,42.517,3.135,82,0,8.5,12.7,10.7,62,91,79,3.1,-999,0,-999,-999
66148001,20151203000000,42.517,3.135,82,0,8.2,11.5,10.1,81,91,86,3.5,-999,0,-999,-999
66148001,20151204000000,42.517,3.135,82,0,10.2,16,12.9,69,89,79,4.7,-999,0,-999,-999
66148001,20151205000000,42.517,3.135,82,0,13.1,15.4,14,69,89,81,5,-999,0,-999,-999
66148001,20151206000000,42.517,3.135,82,0,12.1,16.1,13.8,72,91,84,5.9,-999,0,-999,-999
66148001,20151207000000,42.517,3.135,82,0,12.6,15.6,14.2,80,92,86,7.7,-999,0,-999,-999
66148001,20151208000000,42.517,3.135,82,0,10.4,14.5,13,76,94,85,4.3,-999,0,-999,-999
66148001,20151209000000,42.517,3.135,82,0,13.1,15.2,13.4,56,85,70,10.8,-999,0,-999,-999
66148001,20151210000000,42.517,3.135,82,0,8.1,13.5,10.4,64,89,77,3.6,-999,0,-999,-999
66148001,20151211000000,42.517,3.135,82,0,7,12.9,10.2,61,92,77,2.9,-999,0,-999,-999
66148001,20151212000000,42.517,3.135,82,0,7.7,11.7,10.2,62,88,78,3,-999,0,-999,-999
66148001,20151213000000,42.517,3.135,82,0,8.5,12.7,10.4,72,89,80,3.5,-999,0,-999,-999
66148001,20151214000000,42.517,3.135,82,0,8.2,11.3,10,74,90,82,2.7,-999,0,-999,-999
66148001,20151215000000,42.517,3.135,82,0,8.6,13.8,11.1,73,89,81,4.7,-999,0,-999,-999
66148001,20151216000000,42.517,3.135,82,0,9.9,16.4,13.7,60,92,79,2.6,-999,0,-999,-999
66148001,20151217000000,42.517,3.135,82,0,11.7,15.2,13.2,77,93,87,1.9,-999,0,-999,-999
66148001,20151218000000,42.517,3.135,82,0,12,14.2,13,85,97,92,3.5,-999,0.2,-999,-999
66148001,20151219000000,42.517,3.135,82,0,10.7,14.2,12.6,76,97,88,3.2,-999,0,-999,-999
66148001,20151220000000,42.517,3.135,82,0,12.8,15.4,14.4,70,83,76,6.9,-999,0,-999,-999
66148001,20151221000000,42.517,3.135,82,0,11.8,15.9,13.5,67,89,78,-999,-999,0,-999,-999
66148001,20151222000000,42.517,3.135,82,0,10.5,13.3,11.7,79,92,86,2.3,-999,0,-999,-999
66148001,20151223000000,42.517,3.135,82,0,9.1,14.7,11.4,71,90,80,3.8,-999,0,-999,-999
66148001,20151224000000,42.517,3.135,82,0,9,13.3,11.5,67,91,80,4.8,-999,0,-999,-999
66148001,20151225000000,42.517,3.135,82,0,9.3,14.1,12.1,77,92,85,2.5,-999,0,-999,-999
66148001,20151226000000,42.517,3.135,82,0,9.6,16.3,12.1,66,93,84,3.3,-999,0,-999,-999
66148001,20151227000000,42.517,3.135,82,0,10.2,14.7,11.9,72,89,82,-999,-999,0,-999,-999
66148001,20151228000000,42.517,3.135,82,0,11.1,17,14.3,54,84,68,13.5,-999,0,-999,-999
66148001,20151229000000,42.517,3.135,82,0,10.9,16.3,13.8,57,92,71,8.7,-999,0,-999,-999
66148001,20151230000000,42.517,3.135,82,0,9.5,13.4,11.9,55,84,76,3.4,-999,0,-999,-999
66148001,20151231000000,42.517,3.135,82,0,10.2,14.9,12.1,74,89,82,4.2,-999,0,-999,-999
66148001,20160101000000,42.517,3.135,82,0,10.7,15.5,12.8,64,87,78,6.3,-999,0,-999,-999
66148001,20160102000000,42.517,3.135,82,0,9,14.2,11.6,56,88,70,-999,-999,1,-999,-999
66148001,20160103000000,42.517,3.135,82,0,9.6,13.9,10.6,52,78,65,-999,-999,0,-999,-999
66148001,20160104000000,42.517,3.135,82,0,9.2,14.4,12.2,48,94,75,-999,-999,4.8,-999,-999
66148001,20160105000000,42.517,3.135,82,0,8.1,10.5,9.5,61,83,72,-999,-999,4.8,-999,-999
66148001,20160106000000,42.517,3.135,82,0,7,12.2,10.1,51,75,63,-999,-999,0.4,-999,-999
66148001,20160107000000,42.517,3.135,82,0,8.9,17.9,12.7,50,75,67,-999,-999,0,-999,-999
66148001,20160108000000,42.517,3.135,82,0,11.9,15.5,13.1,62,95,88,4.6,-999,0,-999,-999
66148001,20160109000000,42.517,3.135,82,0,11.9,14.8,13,74,95,85,3.8,-999,0.2,-999,-999
66148001,20160110000000,42.517,3.135,82,0,9.3,18.2,11.6,48,97,90,4.6,-999,0.2,-999,-999
66148001,20160111000000,42.517,3.135,82,0,10.8,14.3,14,43,80,60,7.6,-999,0.2,-999,-999
66148001,20160112000000,42.517,3.135,82,0,9.1,14,11.2,36,69,53,9.9,-999,0,-999,-999
66148001,20160113000000,42.517,3.135,82,0,7.9,12.4,9.7,57,76,66,6.6,-999,0,-999,-999
66148001,20160114000000,42.517,3.135,82,0,7.1,13.1,9.2,63,80,73,9.2,-999,0,-999,-999
66148001,20160115000000,42.517,3.135,82,0,7.6,9.6,8.2,54,76,67,18.4,-999,0,-999,-999
66148001,20160116000000,42.517,3.135,82,0,4.3,7.6,6.2,46,68,55,19.3,-999,0,-999,-999
66148001,20160117000000,42.517,3.135,82,0,5.6,12.2,8.2,39,70,51,9.4,-999,0,-999,-999
66148001,20160118000000,42.517,3.135,82,0,3.2,8.7,6,59,97,79,4.5,-999,7.5,-999,-999
66148001,20160119000000,42.517,3.135,82,0,3.2,11.5,7.8,63,96,84,3.2,-999,0,-999,-999
66148001,20160120000000,42.517,3.135,82,0,7.6,12.9,10.1,61,88,74,2.9,-999,0,-999,-999
66148001,20160121000000,42.517,3.135,82,0,7.1,12.2,9.4,70,91,82,4,-999,0,-999,-999
66148001,20160122000000,42.517,3.135,82,0,8.4,12,9.4,73,89,82,4,-999,0.4,-999,-999
66148001,20160123000000,42.517,3.135,82,0,8.4,14.3,11.6,66,94,86,2.5,-999,0,-999,-999
66148001,20160124000000,42.517,3.135,82,0,9,12.4,10.7,79,92,85,3.2,-999,0,-999,-999
66148001,20160125000000,42.517,3.135,82,0,10.2,12.4,10.9,78,98,90,4.5,-999,0,-999,-999
66148001,20160126000000,42.517,3.135,82,0,10.1,13,11.4,82,98,88,2.8,-999,0,-999,-999
66148001,20160127000000,42.517,3.135,82,0,10.8,12.8,11.4,81,92,86,4.1,-999,0.2,-999,-999
66148001,20160128000000,42.517,3.135,82,0,9.9,13.9,12.1,63,94,83,3.7,-999,0,-999,-999
66148001,20160129000000,42.517,3.135,82,0,11.5,15.4,13.3,62,76,69,6.8,-999,0,-999,-999
66148001,20160130000000,42.517,3.135,82,0,9.1,13.3,11.3,59,89,79,2.7,-999,0,-999,-999
66148001,20160131000000,42.517,3.135,82,0,10.7,17.9,15.1,46,74,62,7,-999,0,-999,-999
66148001,20160201000000,42.517,3.135,82,0,14.4,17,15.4,60,77,67,12.1,-999,0,-999,-999
66148001,20160202000000,42.517,3.135,82,0,11.7,16.5,13.7,57,76,67,5.1,-999,0,-999,-999
66148001,20160203000000,42.517,3.135,82,0,9.3,13.8,11.6,54,75,64,16.8,-999,0,-999,-999
66148001,20160204000000,42.517,3.135,82,0,7.4,12.7,10.3,37,69,53,16.2,-999,0,-999,-999
66148001,20160205000000,42.517,3.135,82,0,9,15.5,12.2,42,86,62,7.5,-999,0,-999,-999
66148001,20160206000000,42.517,3.135,82,0,9.6,15.9,12.8,54,88,69,14.9,-999,0.8,-999,-999
66148001,20160207000000,42.517,3.135,82,0,7.6,12.1,11.1,49,84,64,17.4,-999,2.8,-999,-999
66148001,20160208000000,42.517,3.135,82,0,9.2,18.8,14.1,32,69,47,5,-999,0,-999,-999
66148001,20160209000000,42.517,3.135,82,0,8.1,12.3,10.7,52,94,75,7.3,-999,0.2,-999,-999
66148001,20160210000000,42.517,3.135,82,0,7.7,12.3,9.1,52,86,69,6.7,-999,0.6,-999,-999
66148001,20160211000000,42.517,3.135,82,0,7.3,12.1,9.9,65,88,78,4.9,-999,0,-999,-999
66148001,20160212000000,42.517,3.135,82,0,8.7,13.5,11.3,60,89,78,6.2,-999,0.6,-999,-999
66148001,20160213000000,42.517,3.135,82,0,10.8,21.4,14.3,43,91,76,4.3,-999,2.6,-999,-999
66148001,20160214000000,42.517,3.135,82,0,7.5,15.8,11.6,41,91,65,10.4,-999,8.9,-999,-999
66148001,20160215000000,42.517,3.135,82,0,6.8,10,8,49,78,65,24.5,-999,0,-999,-999
66148001,20160216000000,42.517,3.135,82,0,4.9,7.7,6.2,49,69,58,23.2,-999,0,-999,-999
66148001,20160217000000,42.517,3.135,82,0,3.9,9.7,6.4,48,76,62,6.9,-999,0,-999,-999
66148001,20160218000000,42.517,3.135,82,0,5.8,11.4,8.3,55,79,69,8.1,-999,0,-999,-999
66148001,20160219000000,42.517,3.135,82,0,6,13,8.7,39,75,58,9.7,-999,0,-999,-999
66148001,20160220000000,42.517,3.135,82,0,4.8,13.9,11,39,76,56,3.6,-999,0,-999,-999
66148001,20160221000000,42.517,3.135,82,0,9.2,15,12.6,38,90,65,3.4,-999,0,-999,-999
66148001,20160222000000,42.517,3.135,82,0,10.6,14.6,11.9,61,92,79,8.1,-999,0,-999,-999
66148001,20160223000000,42.517,3.135,82,0,11.4,15.8,13.6,49,68,59,12.7,-999,0,-999,-999
66148001,20160224000000,42.517,3.135,82,0,10.1,15.8,12.8,50,93,72,6.7,-999,0,-999,-999
66148001,20160225000000,42.517,3.135,82,0,9.4,15.5,12.3,50,92,68,10.8,-999,0,-999,-999
66148001,20160226000000,42.517,3.135,82,0,8.2,12.2,9.4,64,82,73,7.7,-999,0.6,-999,-999
66148001,20160227000000,42.517,3.135,82,0,8.4,12.7,10.3,58,95,78,-999,-999,22.6,-999,-999
66148001,20160228000000,42.517,3.135,82,0,5.4,9.5,7.5,70,94,87,-999,-999,11.1,-999,-999
66148001,20160229000000,42.517,3.135,82,0,7.3,10.4,9,52,73,62,-999,-999,0,-999,-999
66148001,20160301000000,42.517,3.135,82,0,7.5,13.3,10.3,37,65,54,21.8,-999,0,-999,-999
66148001,20160302000000,42.517,3.135,82,0,10.8,17.6,12.8,41,69,56,12.1,-999,0,-999,-999
66148001,20160303000000,42.517,3.135,82,0,8.6,12.1,10.3,49,73,62,20.7,-999,0,-999,-999
66148001,20160304000000,42.517,3.135,82,0,9.7,18.9,12.8,35,75,59,-999,-999,6.9,-999,-999
66148001,20160305000000,42.517,3.135,82,0,7.3,14,9.8,44,85,65,8.3,-999,0,-999,-999
66148001,20160306000000,42.517,3.135,82,0,5.1,9.5,7.5,50,87,67,11.8,-999,0.2,-999,-999
66148001,20160310000000,42.517,3.135,82,0,7.3,12.1,9.5,47,70,59,16.6,-999,0,-999,-999
66148001,20160311000000,42.517,3.135,82,0,8,12.2,10.1,46,73,58,20.1,-999,0,-999,-999
66148001,20160312000000,42.517,3.135,82,0,8.1,12.6,10.1,44,63,54,16.9,-999,0,-999,-999
66148001,20160313000000,42.517,3.135,82,0,8.6,13.5,10.8,46,62,51,12.4,-999,0,-999,-999
66148001,20160314000000,42.517,3.135,82,0,9.1,14.1,11.2,52,83,71,2.8,-999,0,-999,-999
66148001,20160315000000,42.517,3.135,82,0,8,13,10.8,56,90,73,5.9,-999,9.9,-999,-999
66148001,20160316000000,42.517,3.135,82,0,8.6,11.1,9.7,59,88,69,11.1,-999,3.8,-999,-999
66148001,20160317000000,42.517,3.135,82,0,6,8,6.9,79,98,91,8.1,-999,15.3,-999,-999
66148001,20160318000000,42.517,3.135,82,0,6.4,10.6,8.3,83,93,88,5.7,-999,1,-999,-999
66148001,20160319000000,42.517,3.135,82,0,7.1,13.7,10.7,72,94,84,7.1,-999,0,-999,-999
66148001,20160320000000,42.517,3.135,82,0,10.8,12.6,11.7,69,96,90,5.2,-999,0.2,-999,-999
66148001,20160321000000,42.517,3.135,82,0,10.1,15.6,12.8,49,99,77,4.3,-999,0,-999,-999
66148001,20160322000000,42.517,3.135,82,0,10.5,16,13.2,48,84,63,15.5,-999,0,-999,-999
66148001,20160323000000,42.517,3.135,82,0,10.7,14.6,12.8,40,64,52,23.3,-999,0,-999,-999
66148001,20160324000000,42.517,3.135,82,0,9.4,15.5,12.4,45,67,55,17.4,-999,0,-999,-999
66148001,20160325000000,42.517,3.135,82,0,10.7,14.7,12.3,54,74,63,7.3,-999,0,-999,-999
66148001,20160326000000,42.517,3.135,82,0,9.5,18.2,13.7,54,95,76,6.7,-999,0,-999,-999
66148001,20160327000000,42.517,3.135,82,0,10.8,13.6,12.3,48,95,67,8.7,-999,0,-999,-999
66148001,20160328000000,42.517,3.135,82,0,8.6,13.6,11.5,72,95,85,5.3,-999,0,-999,-999
66148001,20160329000000,42.517,3.135,82,0,9.3,14.2,11.8,70,98,89,3.3,-999,0,-999,-999
66148001,20160330000000,42.517,3.135,82,0,10,15,12.8,57,96,86,2.8,-999,0.4,-999,-999
66148001,20160331000000,42.517,3.135,82,0,11.3,16.3,12.7,50,99,79,9.4,-999,0.4,-999,-999
66148001,20160401000000,42.517,3.135,82,0,9.6,13.1,10.7,56,85,67,18.4,-999,9.8,-999,-999
66148001,20160402000000,42.517,3.135,82,0,7.8,14.3,10.6,72,98,89,6.9,-999,0.4,-999,-999
66148001,20160403000000,42.517,3.135,82,0,11.4,18.8,14.7,46,82,64,11.8,-999,0,-999,-999
66148001,20160404000000,42.517,3.135,82,0,12,15.6,13.3,65,98,82,11,-999,7.1,-999,-999
66148001,20160405000000,42.517,3.135,82,0,10.6,14.1,12.5,67,98,82,11.4,-999,12.7,-999,-999
66148001,20160406000000,42.517,3.135,82,0,12.4,16.1,14,50,72,61,17.6,-999,0,-999,-999
66148001,20160407000000,42.517,3.135,82,0,11.8,14.8,12.7,53,77,64,18.6,-999,0,-999,-999
66148001,20160408000000,42.517,3.135,82,0,8.2,12.1,10,46,79,61,19.1,-999,0,-999,-999
66148001,20160409000000,42.517,3.135,82,0,7.9,16.2,12.3,48,73,63,12.7,-999,0,-999,-999
66148001,20160410000000,42.517,3.135,82,0,11.5,21.8,16.4,27,75,52,9.6,-999,0,-999,-999
66148001,20160411000000,42.517,3.135,82,0,12.6,17.1,14.3,47,90,78,10.4,-999,0,-999,-999
66148001,20160412000000,42.517,3.135,82,0,10.7,18.8,14.7,48,96,77,8,-999,0,-999,-999
66148001,20160413000000,42.517,3.135,82,0,10.7,16.2,14,48,93,80,4.3,-999,5.3,-999,-999
66148001,20160414000000,42.517,3.135,82,0,11.5,19.6,15.1,48,92,72,7.4,-999,0,-999,-999
66148001,20160415000000,42.517,3.135,82,0,11.4,18.8,15.3,50,94,75,9.8,-999,0,-999,-999
66148001,20160416000000,42.517,3.135,82,0,12.9,21.3,15.8,43,92,79,-999,-999,0,-999,-999
66148001,20160417000000,42.517,3.135,82,0,13.8,19,15.2,62,91,76,5.2,-999,0,-999,-999
66148001,20160418000000,42.517,3.135,82,0,11.7,16.9,14.1,46,74,59,-999,-999,0,-999,-999
66148001,20160419000000,42.517,3.135,82,0,10.2,17.8,14.1,28,76,49,-999,-999,0,-999,-999
66148001,20160420000000,42.517,3.135,82,0,12.9,17.5,15.3,40,87,73,-999,-999,1.8,-999,-999
66148001,20160421000000,42.517,3.135,82,0,12.9,15,13.9,52,96,85,4.8,-999,7.2,-999,-999
66148001,20160422000000,42.517,3.135,82,0,11.1,16.6,14.5,65,90,78,4.1,-999,0,-999,-999
66148001,20160423000000,42.517,3.135,82,0,13.7,18.3,15.4,51,74,65,12.4,-999,0,-999,-999
66148001,20160424000000,42.517,3.135,82,0,12.1,14.2,12.9,43,75,58,-999,-999,0,-999,-999
66148001,20160425000000,42.517,3.135,82,0,9.8,17.2,13.5,46,69,57,11.8,-999,0,-999,-999
66148001,20160426000000,42.517,3.135,82,0,11.4,16.9,13.6,47,69,58,6.4,-999,0,-999,-999
66148001,20160427000000,42.517,3.135,82,0,11.9,14.1,13,53,69,59,5.4,-999,0,-999,-999
66148001,20160428000000,42.517,3.135,82,0,11.1,16.7,13.5,41,76,55,9.9,-999,0,-999,-999
66148001,20160429000000,42.517,3.135,82,0,10.9,17.4,13.6,40,74,53,6.2,-999,0,-999,-999
66148001,20160430000000,42.517,3.135,82,0,11,16.2,12.4,39,84,62,14.9,-999,0,-999,-999
66148001,20160501000000,42.517,3.135,82,0,9,13.8,11.8,34,70,50,27,-999,0,-999,-999
66148001,20160502000000,42.517,3.135,82,0,12,18.4,15.4,36,54,45,22.1,-999,0,-999,-999
66148001,20160503000000,42.517,3.135,82,0,13.8,18.2,16.2,42,62,52,16.8,-999,0,-999,-999
66148001,20160504000000,42.517,3.135,82,0,13.6,20.2,16.5,21,74,48,4.7,-999,0,-999,-999
66148001,20160505000000,42.517,3.135,82,0,11.8,18.7,15.2,35,90,65,5.8,-999,0,-999,-999
66148001,20160506000000,42.517,3.135,82,0,12.8,17.3,14.5,73,92,85,8.7,-999,0,-999,-999
66148001,20160507000000,42.517,3.135,82,0,13,16.9,15.1,68,94,83,6.9,-999,0.4,-999,-999
66148001,20160508000000,42.517,3.135,82,0,13.1,14.8,14.1,82,100,97,9.9,-999,6.2,-999,-999
66148001,20160509000000,42.517,3.135,82,0,14.1,15.6,14.4,96,100,98,11,-999,5,-999,-999
66148001,20160510000000,42.517,3.135,82,0,12.7,17.7,14.8,67,99,87,7.1,-999,2.4,-999,-999
66148001,20160511000000,42.517,3.135,82,0,12,17.6,14.5,64,93,79,5.1,-999,3,-999,-999
66148001,20160512000000,42.517,3.135,82,0,11,17.9,15.2,56,92,75,5.2,-999,0,-999,-999
66148001,20160513000000,42.517,3.135,82,0,14.2,19.5,16.4,49,81,64,12.6,-999,0.2,-999,-999
66148001,20160514000000,42.517,3.135,82,0,14.2,19.4,17.1,56,81,66,18.8,-999,0,-999,-999
66148001,20160515000000,42.517,3.135,82,0,15.4,19.8,17.3,46,75,62,15.9,-999,0,-999,-999
66148001,20160516000000,42.517,3.135,82,0,14,21.4,17.3,45,66,57,9.7,-999,0,-999,-999
66148001,20160517000000,42.517,3.135,82,0,15.6,19.9,17.3,44,74,62,6.6,-999,0,-999,-999
66148001,20160518000000,42.517,3.135,82,0,13.9,19.6,16.5,62,97,78,4.4,-999,2.2,-999,-999
66148001,20160519000000,42.517,3.135,82,0,15.6,18.8,16.8,48,70,60,15.4,-999,0,-999,-999
66148001,20160520000000,42.517,3.135,82,0,14.2,22,18.5,48,75,60,6.1,-999,0,-999,-999
66148001,20160521000000,42.517,3.135,82,0,15.3,25.2,19.6,41,83,64,7.1,-999,0,-999,-999
66148001,20160522000000,42.517,3.135,82,0,11.1,21.7,16.6,-999,-999,64,14.1,-999,5.6,-999,-999
66148001,20160523000000,42.517,3.135,82,0,13.6,19.6,16.1,-999,-999,52,12.9,-999,0,-999,-999
66148001,20160524000000,42.517,3.135,82,0,15,18.8,16.2,-999,-999,72,5.5,-999,0,-999,-999
66148001,20160525000000,42.517,3.135,82,0,14.5,18,16.1,83,-999,91,4.3,-999,0,-999,-999
66148001,20160526000000,42.517,3.135,82,0,15.1,18.4,16.6,-999,-999,88,5.8,-999,0,-999,-999
66148001,20160527000000,42.517,3.135,82,0,15.1,-999,17.1,-999,-999,85,5.3,-999,0,-999,-999
66148001,20160528000000,42.517,3.135,82,0,15,19,16.9,-999,-999,91,6.2,-999,3.2,-999,-999
66148001,20160529000000,42.517,3.135,82,0,15.8,20.8,17.5,-999,-999,71,7.1,-999,2.2,-999,-999
66148001,20160530000000,42.517,3.135,82,0,14.8,19.4,16.8,-999,-999,67,6.3,-999,3.8,-999,-999
66148001,20160531000000,42.517,3.135,82,0,14.3,20.5,17,-999,-999,69,5.1,-999,0.6,-999,-999
66148001,20160601000000,42.517,3.135,82,0,15,19,17.1,-999,-999,65,4.5,-999,0,-999,-999
66148001,20160602000000,42.517,3.135,82,0,16.4,21.4,19.3,-999,-999,66,4.9,-999,0,-999,-999
66148001,20160603000000,42.517,3.135,82,0,18.2,22.3,19.9,-999,-999,71,5.4,-999,0,-999,-999
66148001,20160604000000,42.517,3.135,82,0,16.8,21.6,19.3,-999,-999,78,6.3,-999,0,-999,-999
66148001,20160605000000,42.517,3.135,82,0,18.9,22.9,21.1,-999,-999,66,5.7,-999,0,-999,-999
66148001,20160606000000,42.517,3.135,82,0,17.1,23.4,20.2,58,95,75,3.8,-999,2,-999,-999
66148001,20160607000000,42.517,3.135,82,0,17.7,26.6,22.5,46,82,63,5.9,-999,0,-999,-999
66148001,20160608000000,42.517,3.135,82,0,21,29.8,24.5,35,68,55,7.4,-999,0,-999,-999
66148001,20160609000000,42.517,3.135,82,0,23,28.1,25.1,28,56,45,11.3,-999,0,-999,-999
66148001,20160610000000,42.517,3.135,82,0,20.6,24.1,21.6,44,87,63,5.1,-999,0,-999,-999
66148001,20160611000000,42.517,3.135,82,0,19.2,24.7,21.1,47,72,61,9.7,-999,0,-999,-999
66148001,20160612000000,42.517,3.135,82,0,18.2,25.9,21.2,35,75,58,7.2,-999,0,-999,-999
66148001,20160613000000,42.517,3.135,82,0,19.5,25.9,21.9,42,78,62,9.5,-999,0,-999,-999
66148001,20160614000000,42.517,3.135,82,0,18.7,22.9,20.3,41,68,54,8.9,-999,0,-999,-999
66148001,20160615000000,42.517,3.135,82,0,17.1,22.6,18.9,48,94,71,5.1,-999,0.4,-999,-999
66148001,20160616000000,42.517,3.135,82,0,14.9,22.2,17.2,51,85,66,6.9,-999,11.3,-999,-999
66148001,20160617000000,42.517,3.135,82,0,14.6,20.9,17.2,52,89,68,6.5,-999,16.3,-999,-999
66148001,20160618000000,42.517,3.135,82,0,13.3,20.7,17.1,43,87,64,13.5,-999,0.4,-999,-999
66148001,20160619000000,42.517,3.135,82,0,16,21,18.8,45,68,58,20.6,-999,0,-999,-999
66148001,20160620000000,42.517,3.135,82,0,17,24.1,21.1,44,70,56,10.2,-999,0,-999,-999
66148001,20160621000000,42.517,3.135,82,0,20.3,25.5,22.3,44,86,64,3.9,-999,0,-999,-999
66148001,20160622000000,42.517,3.135,82,0,18,24.8,20.8,44,99,81,7.9,-999,0,-999,-999
66148001,20160623000000,42.517,3.135,82,0,18.8,30.6,23.1,34,86,65,7.5,-999,0,-999,-999
66148001,20160624000000,42.517,3.135,82,0,19.4,27.1,23.2,48,86,67,7,-999,0,-999,-999
66148001,20160625000000,42.517,3.135,82,0,21.1,25.9,23.1,48,72,58,12.1,-999,0,-999,-999
66148001,20160626000000,42.517,3.135,82,0,18.9,25.2,21.5,40,65,53,12,-999,0,-999,-999
66148001,20160627000000,42.517,3.135,82,0,19.2,26.3,22.5,44,70,55,10.6,-999,0,-999,-999
66148001,20160628000000,42.517,3.135,82,0,20.2,26,22.9,47,88,66,6.7,-999,0,-999,-999
66148001,20160629000000,42.517,3.135,82,0,21.4,25.1,23.5,50,89,68,6.3,-999,0,-999,-999
66148001,20160630000000,42.517,3.135,82,0,20.4,25.6,23.4,55,81,66,5.8,-999,0,-999,-999
66148001,20160701000000,42.517,3.135,82,0,21.9,27.2,24.1,48,83,66,5.9,-999,0,-999,-999
66148001,20160702000000,42.517,3.135,82,0,21.9,24.5,22.7,55,72,63,10.8,-999,0,-999,-999
66148001,20160703000000,42.517,3.135,82,0,18.7,27.3,22.9,36,68,57,10,-999,0,-999,-999
66148001,20160704000000,42.517,3.135,82,0,20.5,26.9,23.8,43,85,60,7,-999,0,-999,-999
66148001,20160705000000,42.517,3.135,82,0,20.8,28.8,25.7,47,84,59,10.5,-999,0,-999,-999
66148001,20160706000000,42.517,3.135,82,0,23.5,31.9,26.6,31,64,54,7.3,-999,0,-999,-999
66148001,20160707000000,42.517,3.135,82,0,23.4,29.3,25.9,46,78,58,5.9,-999,0.6,-999,-999
66148001,20160708000000,42.517,3.135,82,0,22.1,28.6,25.2,52,87,69,5.9,-999,0,-999,-999
66148001,20160709000000,42.517,3.135,82,0,23.1,30.6,26.9,35,72,54,6.6,-999,0,-999,-999
66148001,20160710000000,42.517,3.135,82,0,22.2,27.7,25.1,48,94,69,4.9,-999,0,-999,-999
66148001,20160711000000,42.517,3.135,82,0,21.9,28.4,24.4,56,92,74,6.4,-999,0,-999,-999
66148001,20160712000000,42.517,3.135,82,0,21.1,25.9,22.6,54,75,62,12.2,-999,0,-999,-999
66148001,20160713000000,42.517,3.135,82,0,18.4,23,20.5,40,65,54,16.3,-999,0,-999,-999
66148001,20160714000000,42.517,3.135,82,0,17.2,22.5,19.8,34,65,52,18.2,-999,0,-999,-999
66148001,20160715000000,42.517,3.135,82,0,17,24.8,21.4,32,55,44,17,-999,0,-999,-999
66148001,20160716000000,42.517,3.135,82,0,20,26.5,23.4,26,57,39,5.6,-999,0,-999,-999
66148001,20160717000000,42.517,3.135,82,0,19.2,26.8,22.6,32,92,62,4.6,-999,0,-999,-999
66148001,20160718000000,42.517,3.135,82,0,18.4,27.7,22,41,98,80,7.8,-999,0,-999,-999
66148001,20160719000000,42.517,3.135,82,0,18.8,26.9,22.3,63,96,83,3.6,-999,0,-999,-999
66148001,20160720000000,42.517,3.135,82,0,20.2,25.4,22.3,68,92,82,5,-999,0,-999,-999
66148001,20160721000000,42.517,3.135,82,0,21.2,28.3,24.7,52,81,67,6.8,-999,0.4,-999,-999
66148001,20160722000000,42.517,3.135,82,0,20.9,24.9,22.9,58,91,71,11.5,-999,0.8,-999,-999
66148001,20160723000000,42.517,3.135,82,0,20.7,26.9,23.8,43,71,56,17.9,-999,0,-999,-999
66148001,20160724000000,42.517,3.135,82,0,22.2,27.5,25.1,42,68,54,14.2,-999,0,-999,-999
66148001,20160725000000,42.517,3.135,82,0,24.1,29.5,26.6,37,59,49,10.5,-999,0,-999,-999
66148001,20160726000000,42.517,3.135,82,0,24.5,29.5,26.7,45,62,54,10.3,-999,0,-999,-999
66148001,20160727000000,42.517,3.135,82,0,24.5,29.4,26.1,39,62,52,11,-999,0,-999,-999
66148001,20160728000000,42.517,3.135,82,0,22,28.3,24.7,45,65,57,9.3,-999,0,-999,-999
66148001,20160729000000,42.517,3.135,82,0,22.7,28.2,24.6,46,88,69,6.4,-999,0,-999,-999
66148001,20160730000000,42.517,3.135,82,0,20.8,24.4,22.9,69,100,89,6.5,-999,0,-999,-999
66148001,20160731000000,42.517,3.135,82,0,20.7,27.2,23.3,53,94,73,11.5,-999,1.6,-999,-999
66148001,20160801000000,42.517,3.135,82,0,19.7,26,23.2,45,79,57,11.1,-999,0,-999,-999
66148001,20160802000000,42.517,3.135,82,0,21.8,28.8,24.5,42,66,51,6.9,-999,0,-999,-999
66148001,20160803000000,42.517,3.135,82,0,23,30,25.8,12,91,59,5.8,-999,0.4,-999,-999
66148001,20160804000000,42.517,3.135,82,0,22.2,27,24.2,37,91,72,5.6,-999,1.2,-999,-999
66148001,20160805000000,42.517,3.135,82,0,19.3,24.6,22,46,96,62,19.5,-999,0,-999,-999
66148001,20160806000000,42.517,3.135,82,0,20.3,26.5,23.5,36,66,52,18.6,-999,0,-999,-999
66148001,20160807000000,42.517,3.135,82,0,21.5,27.3,24.5,31,66,49,9.5,-999,0,-999,-999
66148001,20160808000000,42.517,3.135,82,0,21.8,30.8,26.3,36,70,52,8.3,-999,0,-999,-999
66148001,20160809000000,42.517,3.135,82,0,19.6,27.4,23.2,37,73,62,13,-999,0,-999,-999
66148001,20160810000000,42.517,3.135,82,0,19.1,25.5,22.2,30,75,50,19.1,-999,0,-999,-999
66148001,20160811000000,42.517,3.135,82,0,18.6,24.7,21.9,35,62,46,15.4,-999,0,-999,-999
66148001,20160812000000,42.517,3.135,82,0,20.4,25.3,22.9,34,63,45,5.9,-999,0,-999,-999
66148001,20160813000000,42.517,3.135,82,0,18.7,24.3,21.9,45,86,70,7,-999,0,-999,-999
66148001,20160814000000,42.517,3.135,82,0,18.4,24.2,21.4,77,98,89,6.5,-999,0,-999,-999
66148001,20160815000000,42.517,3.135,82,0,19.9,25.8,22.7,61,98,85,4.9,-999,0,-999,-999
66148001,20160816000000,42.517,3.135,82,0,20.7,24.9,22.1,73,100,92,4.4,-999,0,-999,-999
66148001,20160817000000,42.517,3.135,82,0,19.9,26.9,22.9,55,100,84,6.9,-999,1,-999,-999
66148001,20160818000000,42.517,3.135,82,0,22.4,27.4,25,56,74,65,7.1,-999,0,-999,-999
66148001,20160819000000,42.517,3.135,82,0,20.9,27.1,23.5,64,100,84,4.5,-999,0,-999,-999
66148001,20160820000000,42.517,3.135,82,0,21,24.5,22.3,55,100,75,9.8,-999,0,-999,-999
66148001,20160821000000,42.517,3.135,82,0,19.9,24.9,22.5,42,71,57,14.5,-999,0,-999,-999
66148001,20160822000000,42.517,3.135,82,0,20.7,27.9,24,26,63,43,6.8,-999,0,-999,-999
66148001,20160823000000,42.517,3.135,82,0,22.4,25.9,23.3,31,87,64,6.7,-999,0,-999,-999
66148001,20160824000000,42.517,3.135,82,0,18.8,27.7,22.8,34,99,79,7.1,-999,0,-999,-999
66148001,20160825000000,42.517,3.135,82,0,20.1,26.4,23.3,41,88,73,5.3,-999,0,-999,-999
66148001,20160826000000,42.517,3.135,82,0,20.2,25.9,22.7,45,89,78,4.6,-999,0,-999,-999
66148001,20160827000000,42.517,3.135,82,0,19.1,24.7,22.4,74,96,89,6.7,-999,0,-999,-999
66148001,20160828000000,42.517,3.135,82,0,22.2,26.5,23.9,61,96,84,5.8,-999,0,-999,-999
66148001,20160829000000,42.517,3.135,82,0,21,26.4,23.3,52,78,64,11.5,-999,0.6,-999,-999
66148001,20160830000000,42.517,3.135,82,0,20,28.5,23.7,31,71,55,8.4,-999,0,-999,-999
66148001,20160831000000,42.517,3.135,82,0,19.3,26.4,23.2,45,90,70,5.2,-999,0,-999,-999
66148001,20160901000000,42.517,3.135,82,0,22.9,30.7,27.3,36,59,45,6.5,-999,0,-999,-999
66148001,20160902000000,42.517,3.135,82,0,23.2,30,27.2,29,78,48,6.6,-999,0,-999,-999
66148001,20160903000000,42.517,3.135,82,0,22.2,30.6,27.4,29,75,48,5.5,-999,0,-999,-999
66148001,20160904000000,42.517,3.135,82,0,22.9,31,27.5,29,69,47,4.9,-999,0,-999,-999
66148001,20160905000000,42.517,3.135,82,0,24.4,30.1,27.2,32,66,49,13.6,-999,0,-999,-999
66148001,20160906000000,42.517,3.135,82,0,23,28.7,25.8,36,74,57,9.4,-999,0,-999,-999
66148001,20160907000000,42.517,3.135,82,0,21.9,25.8,23.5,45,80,67,10.1,-999,0,-999,-999
66148001,20160908000000,42.517,3.135,82,0,19.9,27,24,50,85,67,7.6,-999,0,-999,-999
66148001,20160909000000,42.517,3.135,82,0,23.6,28,25.6,41,68,55,8,-999,0,-999,-999
66148001,20160910000000,42.517,3.135,82,0,22.9,27.7,25.2,42,73,54,6.7,-999,0,-999,-999
66148001,20160911000000,42.517,3.135,82,0,23.9,28.9,25.9,39,76,54,6.7,-999,0,-999,-999
66148001,20160912000000,42.517,3.135,82,0,21.1,26.7,24.3,58,96,74,8.8,-999,0,-999,-999
66148001,20160913000000,42.517,3.135,82,0,22.3,26,23.7,65,94,79,13.5,-999,13,-999,-999
66148001,20160914000000,42.517,3.135,82,0,16.6,20.2,17.7,71,97,86,8,-999,9.9,-999,-999
66148001,20160915000000,42.517,3.135,82,0,14.7,24,19.7,29,85,54,7.6,-999,0,-999,-999
66148001,20160916000000,42.517,3.135,82,0,17.1,23.8,20.8,42,73,55,9.4,-999,0,-999,-999
66148001,20160917000000,42.517,3.135,82,0,17.2,20.2,18.4,45,76,62,16.7,-999,0,-999,-999
66148001,20160918000000,42.517,3.135,82,0,16.4,21.1,19.1,42,69,57,18,-999,0,-999,-999
66148001,20160919000000,42.517,3.135,82,0,18.6,23.2,20.8,46,67,58,16.5,-999,0,-999,-999
66148001,20160920000000,42.517,3.135,82,0,18.8,23.8,21.2,48,70,58,10.2,-999,0,-999,-999
66148001,20160921000000,42.517,3.135,82,0,19.7,24.6,21.5,44,72,59,6.3,-999,0,-999,-999
66148001,20160922000000,42.517,3.135,82,0,16.2,23,19.9,45,84,68,5.3,-999,0,-999,-999
66148001,20160923000000,42.517,3.135,82,0,18,23,20.2,49,91,79,4.3,-999,0,-999,-999
66148001,20160924000000,42.517,3.135,82,0,17.4,24.3,20.5,63,97,81,6.9,-999,0,-999,-999
66148001,20160925000000,42.517,3.135,82,0,17.8,23.3,19.9,65,96,82,7.2,-999,7.7,-999,-999
66148001,20160926000000,42.517,3.135,82,0,18.1,24.3,20.5,51,78,64,6.8,-999,0,-999,-999
66148001,20160927000000,42.517,3.135,82,0,18.9,24.7,21.3,45,71,57,10.8,-999,0,-999,-999
66148001,20160928000000,42.517,3.135,82,0,18.9,24.4,20.5,49,76,61,5.1,-999,0,-999,-999
66148001,20160929000000,42.517,3.135,82,0,16.5,25.2,20.6,54,85,73,6.8,-999,0,-999,-999
66148001,20160930000000,42.517,3.135,82,0,17,23.6,20.4,67,95,82,7.8,-999,0,-999,-999
66148001,20161001000000,42.517,3.135,82,0,17.8,24.7,20.7,62,94,76,4.9,-999,0,-999,-999
66148001,20161002000000,42.517,3.135,82,0,17.9,20.6,19.5,67,85,77,3.1,-999,0,-999,-999
66148001,20161003000000,42.517,3.135,82,0,17.6,21.3,18.5,56,83,69,4.2,-999,0,-999,-999
66148001,20161004000000,42.517,3.135,82,0,16.1,21.5,18.2,39,81,61,3.1,-999,0,-999,-999
66148001,20161005000000,42.517,3.135,82,0,16.1,22.4,20,43,76,59,4.5,-999,0,-999,-999
66148001,20161006000000,42.517,3.135,82,0,15.5,18.8,17.5,52,96,81,3.1,-999,15.7,-999,-999
66148001,20161007000000,42.517,3.135,82,0,13.8,20.5,17.5,59,93,79,3.4,-999,0,-999,-999
66148001,20161008000000,42.517,3.135,82,0,15.7,19.5,17.2,47,72,60,11.4,-999,0,-999,-999
66148001,20161009000000,42.517,3.135,82,0,14,19.5,16.7,43,67,54,11.5,-999,0,-999,-999
66148001,20161010000000,42.517,3.135,82,0,13.9,19.6,16.1,33,66,46,11,-999,0,-999,-999
66148001,20161011000000,42.517,3.135,82,0,12.9,18.4,15.2,36,61,47,8.8,-999,0,-999,-999
66148001,20161012000000,42.517,3.135,82,0,13.6,18.5,15.9,49,100,74,6.2,-999,25.9,-999,-999
66148001,20161013000000,42.517,3.135,82,0,14.4,19.2,17.1,89,100,99,10.6,-999,167.8,-999,-999
66148001,20161014000000,42.517,3.135,82,0,14.3,18.2,16.3,66,100,83,7.3,-999,4.6,-999,-999
66148001,20161015000000,42.517,3.135,82,0,14.9,20.5,17.3,63,98,82,5.6,-999,0,-999,-999
66148001,20161016000000,42.517,3.135,82,0,16.2,23.1,19.4,42,93,68,6,-999,0,-999,-999
66148001,20161017000000,42.517,3.135,82,0,16.5,20.3,18,76,100,88,3.8,-999,0,-999,-999
66148001,20161018000000,42.517,3.135,82,0,15.9,20.7,18.5,59,100,72,10.1,-999,0,-999,-999
66148001,20161019000000,42.517,3.135,82,0,15.6,19.3,16.8,55,69,61,10,-999,0,-999,-999
66148001,20161020000000,42.517,3.135,82,0,14.1,16.7,14.6,50,73,60,11.6,-999,0,-999,-999
66148001,20161021000000,42.517,3.135,82,0,11.4,17.8,14.2,44,73,53,7.9,-999,0,-999,-999
66148001,20161022000000,42.517,3.135,82,0,10.2,16.3,12.9,70,100,90,2.4,-999,0.4,-999,-999
66148001,20161023000000,42.517,3.135,82,0,13.3,21.4,18.2,76,99,90,11.2,-999,0,-999,-999
66148001,20161024000000,42.517,3.135,82,0,18.1,18.9,18.3,97,100,100,10.5,-999,1.8,-999,-999
66148001,20161025000000,42.517,3.135,82,0,17.5,19.2,18.1,97,100,100,3,-999,0,-999,-999
66148001,20161026000000,42.517,3.135,82,0,16.8,21.1,19.2,68,100,84,0.7,-999,0,-999,-999
66148001,20161027000000,42.517,3.135,82,0,17.1,21.2,18.3,48,86,72,0.6,-999,0,-999,-999
66148001,20161028000000,42.517,3.135,82,0,11.2,18.4,15.7,57,89,68,0.2,-999,0,-999,-999
66148001,20161029000000,42.517,3.135,82,0,12.8,18.2,15.1,59,94,80,0,-999,0,-999,-999
66148001,20161030000000,42.517,3.135,82,0,11.4,17.5,14.3,72,99,87,-999,-999,0,-999,-999
66148001,20161031000000,42.517,3.135,82,0,-999,17.8,15.2,-999,-999,84,0.3,-999,0,-999,-999
66148001,20161101000000,42.517,3.135,82,0,14.2,16.7,15.8,76,96,86,0.5,-999,0,-999,-999
66148001,20161102000000,42.517,3.135,82,0,13.7,19.8,16.7,52,90,77,-999,-999,0,-999,-999
66148001,20161103000000,42.517,3.135,82,0,13.6,18.5,16.1,56,90,75,-999,-999,0,-999,-999
66148001,20161104000000,42.517,3.135,82,0,13.5,17,15.1,75,94,87,3.9,-999,0,-999,-999
66148001,20161105000000,42.517,3.135,82,0,11.8,17.1,14,67,97,85,7.8,-999,6.8,-999,-999
66148001,20161106000000,42.517,3.135,82,0,9.5,14,11.5,52,87,66,10.8,-999,0,-999,-999
66148001,20161107000000,42.517,3.135,82,0,8.5,11.7,9.7,59,80,69,11.5,-999,0,-999,-999
66148001,20161108000000,42.517,3.135,82,0,8.4,12.5,10.6,38,78,61,17.8,-999,0,-999,-999
66148001,20161109000000,42.517,3.135,82,0,9.1,15.3,12.8,51,84,65,14.3,-999,0,-999,-999
66148001,20161110000000,42.517,3.135,82,0,11.8,16.2,14,54,71,62,5.7,-999,0,-999,-999
66148001,20161111000000,42.517,3.135,82,0,12,15.9,13.3,53,89,70,9.5,-999,0,-999,-999
66148001,20161112000000,42.517,3.135,82,0,10.4,16,12.5,61,81,73,5.4,-999,0.4,-999,-999
