6088001,20140101000000,43.649,7.209,2,0,4.5,10.8,7.4,46,87,68,4.4,-999,6,126,346
6088001,20140102000000,43.649,7.209,2,0,7.6,10.5,9,76,92,84,3.5,-999,7.1,0,84
6088001,20140103000000,43.649,7.209,2,0,7.6,11.9,9.6,72,92,77,4.2,-999,6.2,0,143
6088001,20140104000000,43.649,7.209,2,0,9.5,14.8,12.3,79,97,91,5.6,-999,52.5,0,13
6088001,20140105000000,43.649,7.209,2,0,9,14.2,10.8,55,91,74,3.6,-999,1.8,309,592
6088001,20140106000000,43.649,7.209,2,0,6.6,14.7,9.7,43,80,63,4.6,-999,0,423,641
6088001,20140107000000,43.649,7.209,2,0,7.1,13.5,10,54,79,66,4,-999,0,29,277
6088001,20140108000000,43.649,7.209,2,0,8.7,15.1,10.9,57,90,72,4.4,-999,0,115,389
6088001,20140109000000,43.649,7.209,2,0,7.4,14.9,10.5,56,89,75,4.5,-999,0,408,692
6088001,20140110000000,43.649,7.209,2,0,6.2,13.7,9.8,56,83,72,3.2,-999,0,502,741
6088001,20140111000000,43.649,7.209,2,0,9.5,16.5,11.9,57,77,71,3.8,-999,0,243,596
6088001,20140112000000,43.649,7.209,2,0,9.5,14.6,10.9,56,88,73,3.9,-999,0,56,409
6088001,20140113000000,43.649,7.209,2,0,8.3,12.4,10.2,59,93,73,4,-999,20.4,10,377
6088001,20140114000000,43.649,7.209,2,0,8.6,13.5,9.8,53,89,76,3.1,-999,0,362,708
6088001,20140115000000,43.649,7.209,2,0,5.5,14.2,9,34,79,62,3.9,-999,0,509,832
6088001,20140116000000,43.649,7.209,2,0,7,13.1,8,60,95,78,5.4,-999,65.8,0,78
6088001,20140117000000,43.649,7.209,2,0,7.9,12.2,10,83,97,90,4.8,-999,12.1,0,96
6088001,20140118000000,43.649,7.209,2,0,8,13,9.7,78,92,87,4.5,-999,32.3,0,66
6088001,20140119000000,43.649,7.209,2,0,9.1,12,9.7,83,94,88,3.4,-999,36,0,67
6088001,20140120000000,43.649,7.209,2,0,8.7,13.9,10.5,67,91,82,2.7,-999,0,235,674
6088001,20140121000000,43.649,7.209,2,0,7.5,14.7,10.3,53,87,72,3.7,-999,0,510,839
6088001,20140122000000,43.649,7.209,2,0,7.2,12.8,9.5,57,81,71,2.9,-999,0,495,867
6088001,20140123000000,43.649,7.209,2,0,7.6,12.4,9.8,59,84,73,3.3,-999,0,39,357
6088001,20140124000000,43.649,7.209,2,0,5.5,13.4,8.7,44,79,62,4.1,-999,0,529,963
6088001,20140125000000,43.649,7.209,2,0,4.4,13.4,8.7,21,60,39,4.2,-999,0,556,913
6088001,20140126000000,43.649,7.209,2,0,4,18.5,11.1,18,76,56,4.4,-999,0,525,955
6088001,20140127000000,43.649,7.209,2,0,7.1,15.1,9.8,39,79,61,3.4,-999,0,481,912
6088001,20140128000000,43.649,7.209,2,0,5.3,12.2,8.1,31,84,55,3.9,-999,2.2,512,959
6088001,20140129000000,43.649,7.209,2,0,4.5,8.8,6.2,64,88,77,5.1,-999,16.9,0,57
6088001,20140130000000,43.649,7.209,2,0,5.9,11.5,6.9,73,88,81,5.2,-999,26.6,8,117
6088001,20140131000000,43.649,7.209,2,0,6.5,11.9,9.3,68,86,76,4.7,-999,2.6,316,801
6088001,20140201000000,43.649,7.209,2,0,5.8,9.7,7.7,50,80,67,5.1,-999,2.8,2,334
6088001,20140202000000,43.649,7.209,2,0,6.7,8.7,7.6,77,88,82,4.7,-999,5.7,0,241
6088001,20140203000000,43.649,7.209,2,0,7,12.3,9.5,59,85,75,4,-999,2.8,2,465
6088001,20140204000000,43.649,7.209,2,0,6.3,9,7.2,72,87,82,4.5,-999,8.9,23,215
6088001,20140205000000,43.649,7.209,2,0,5.9,8.8,6.8,58,91,81,4.8,-999,24.4,0,93
6088001,20140206000000,43.649,7.209,2,0,4.7,13,9,43,79,65,3.8,-999,1.8,488,1059
6088001,20140207000000,43.649,7.209,2,0,7.6,12.3,8.7,63,91,81,3.9,-999,3.6,156,268
6088001,20140208000000,43.649,7.209,2,0,5.5,11.6,6.9,63,90,80,4.5,-999,26.4,32,191
6088001,20140209000000,43.649,7.209,2,0,6.9,15.1,10.5,24,81,56,5.7,-999,17.5,459,1147
6088001,20140210000000,43.649,7.209,2,0,5.7,10.6,7.7,74,93,84,4.8,-999,13.7,0,218
6088001,20140211000000,43.649,7.209,2,0,6.2,14.4,9.6,58,87,73,4.7,-999,0,560,1200
6088001,20140212000000,43.649,7.209,2,0,6.2,15.9,10,39,75,60,4.1,-999,0,586,1243
6088001,20140213000000,43.649,7.209,2,0,5.8,14.9,10.6,34,82,58,5.8,-999,0,282,877
6088001,20140214000000,43.649,7.209,2,0,6.3,14.6,11.3,22,80,59,3.2,-999,0,547,1146
6088001,20140215000000,43.649,7.209,2,0,9.7,12.6,11.5,64,93,85,3.5,-999,1.4,0,169
6088001,20140216000000,43.649,7.209,2,0,9.3,15.1,12.5,69,92,84,2.4,-999,2.4,299,937
6088001,20140217000000,43.649,7.209,2,0,8.3,16,11.8,51,92,75,4.4,-999,0,597,1320
6088001,20140218000000,43.649,7.209,2,0,8.6,17.7,12.9,44,74,59,5.3,-999,0,136,709
6088001,20140219000000,43.649,7.209,2,0,12,14.8,13.2,47,89,72,3.7,-999,0,80,603
6088001,20140220000000,43.649,7.209,2,0,9.9,15.5,12,57,90,72,3.7,-999,0,546,1312
6088001,20140221000000,43.649,7.209,2,0,8.6,15,11.7,54,82,69,2.8,-999,0,295,912
6088001,20140222000000,43.649,7.209,2,0,7.1,15.4,10.8,31,73,53,3.7,-999,0,632,1462
6088001,20140223000000,43.649,7.209,2,0,6.7,15,10.6,36,73,58,4.2,-999,0,634,1454
6088001,20140224000000,43.649,7.209,2,0,6.2,14.3,10,44,71,60,3.6,-999,0,585,1430
6088001,20140225000000,43.649,7.209,2,0,6.3,13.6,10,43,90,69,3.7,-999,14.5,332,1012
6088001,20140226000000,43.649,7.209,2,0,8,12.4,9,61,91,79,4.5,-999,0.4,180,716
6088001,20140227000000,43.649,7.209,2,0,4.9,12.8,9,48,81,66,4.5,-999,0,453,1361
6088001,20140228000000,43.649,7.209,2,0,6.1,12.7,8.1,44,88,68,3.4,-999,20.3,124,462
6088001,20140301000000,43.649,7.209,2,0,4.3,12.7,9,49,86,72,3.9,-999,0.8,506,1503
6088001,20140302000000,43.649,7.209,2,0,6.1,13.5,10.1,59,81,71,4.3,-999,0,600,1542
6088001,20140303000000,43.649,7.209,2,0,5.6,9.1,7.3,69,90,81,4.1,-999,28.2,32,118
6088001,20140304000000,43.649,7.209,2,0,5.7,15.4,10.2,39,81,64,3.5,-999,0,225,992
6088001,20140305000000,43.649,7.209,2,0,7.4,17.3,11.7,28,72,56,4.4,-999,0,512,1464
6088001,20140306000000,43.649,7.209,2,0,8.9,18.3,12.8,26,64,49,4.1,-999,0,587,1602
6088001,20140307000000,43.649,7.209,2,0,9,19.2,12.8,24,68,49,4,-999,0,666,1709
6088001,20140308000000,43.649,7.209,2,0,10.1,17.8,13.1,30,70,54,4.2,-999,0,657,1708
6088001,20140309000000,43.649,7.209,2,0,8,16.3,12.2,33,68,56,4.2,-999,0,648,1684
6088001,20140310000000,43.649,7.209,2,0,8.8,15.9,11.5,40,75,61,4.2,-999,0,366,1133
6088001,20140311000000,43.649,7.209,2,0,8.7,16.2,11.8,38,75,62,3.6,-999,0,318,1263
6088001,20140312000000,43.649,7.209,2,0,8.1,16.1,11.8,30,74,56,3.6,-999,0,651,1663
6088001,20140313000000,43.649,7.209,2,0,9.3,16.4,12.9,41,71,52,2.8,-999,0,644,1717
6088001,20140314000000,43.649,7.209,2,0,9.8,18.1,13.4,28,76,51,3.1,-999,0,654,1764
6088001,20140315000000,43.649,7.209,2,0,10.3,15.7,13.4,41,84,66,3.7,-999,0,457,1546
6088001,20140316000000,43.649,7.209,2,0,8.9,16.8,13.3,60,91,80,3.7,-999,0,652,1748
6088001,20140317000000,43.649,7.209,2,0,9.6,16,13.6,67,93,80,2.4,-999,0,500,1700
6088001,20140318000000,43.649,7.209,2,0,12.4,16,14.2,66,81,75,2.3,-999,0,160,1221
6088001,20140319000000,43.649,7.209,2,0,13.6,16.3,14.7,71,85,79,3,-999,0,281,1373
6088001,20140320000000,43.649,7.209,2,0,10.7,17,14.1,52,86,75,3.2,-999,0,395,1446
6088001,20140321000000,43.649,7.209,2,0,10.5,15.7,13.4,59,88,78,2.5,-999,0,222,1318
6088001,20140322000000,43.649,7.209,2,0,11.4,14.3,12.3,79,94,88,3.5,-999,34.3,0,121
6088001,20140323000000,43.649,7.209,2,0,8.6,17.8,12.1,24,92,59,4.2,-999,0,634,2101
6088001,20140324000000,43.649,7.209,2,0,9.3,15.8,12.5,21,60,36,3.9,-999,0,632,2055
6088001,20140325000000,43.649,7.209,2,0,9,14.3,10.9,33,76,56,5.3,-999,1.4,152,1087
6088001,20140326000000,43.649,7.209,2,0,6.4,14.3,11.2,35,87,60,7.7,-999,0,615,1818
6088001,20140327000000,43.649,7.209,2,0,9,15.6,11.9,42,74,55,4.2,-999,0,190,1071
6088001,20140328000000,43.649,7.209,2,0,8.3,17,12.8,33,76,57,3.8,-999,0,705,2121
6088001,20140329000000,43.649,7.209,2,0,10.1,18.2,14.9,39,76,56,6.7,-999,0,577,1802
6088001,20140330000000,43.649,7.209,2,0,12.6,18.4,15,39,77,57,4.2,-999,0,592,1702
6088001,20140331000000,43.649,7.209,2,0,10.4,16.5,13.6,49,84,68,2.9,-999,0,660,2085
6088001,20140401000000,43.649,7.209,2,0,9.8,15.8,13.3,62,87,77,2.9,-999,0,466,1686
6088001,20140402000000,43.649,7.209,2,0,11.1,16.2,14.2,69,90,79,3.9,-999,0,431,1810
6088001,20140403000000,43.649,7.209,2,0,12.9,19.8,16.2,32,77,59,11.2,-999,0,1,478
6088001,20140404000000,43.649,7.209,2,0,15.1,18.6,15.9,33,83,62,3.8,-999,1.8,13,681
6088001,20140405000000,43.649,7.209,2,0,12.3,19.7,15.9,40,83,63,3.7,-999,0,561,2029
6088001,20140406000000,43.649,7.209,2,0,14.4,20.1,17.1,49,74,59,3.1,-999,0,573,2082
6088001,20140407000000,43.649,7.209,2,0,14.5,18.8,16.4,49,86,71,2.2,-999,0,695,2135
6088001,20140408000000,43.649,7.209,2,0,12,16.4,14.7,67,87,81,3,-999,0.2,268,1250
6088001,20140409000000,43.649,7.209,2,0,10.7,18.1,15.2,49,87,68,3,-999,0,718,2219
6088001,20140410000000,43.649,7.209,2,0,11.7,17.4,14.9,46,85,73,2.2,-999,0,716,2321
6088001,20140411000000,43.649,7.209,2,0,13,16.8,14.8,64,83,73,1.9,-999,0,226,1354
6088001,20140412000000,43.649,7.209,2,0,12.6,17.5,15.5,64,81,73,2.1,-999,0,633,2219
6088001,20140413000000,43.649,7.209,2,0,14.5,17.9,16.2,70,86,77,2,-999,0,305,1604
6088001,20140414000000,43.649,7.209,2,0,12.8,18.3,15.7,66,85,78,3.1,-999,0,676,2279
6088001,20140415000000,43.649,7.209,2,0,13.3,19.8,16,46,85,68,3.2,-999,0,608,2215
6088001,20140416000000,43.649,7.209,2,0,11.9,15.7,13.6,38,76,57,4.7,-999,0,2,695
6088001,20140417000000,43.649,7.209,2,0,9.6,18.2,14.1,43,74,60,3.1,-999,0,691,2477
6088001,20140418000000,43.649,7.209,2,0,11.5,16.9,14.6,46,87,68,3.6,-999,0,317,1724
6088001,20140419000000,43.649,7.209,2,0,11.9,16.4,13.2,59,89,75,4.6,-999,0.8,102,932
6088001,20140420000000,43.649,7.209,2,0,9.5,16.6,13.6,51,83,70,3.1,-999,0.2,197,1036
6088001,20140421000000,43.649,7.209,2,0,12.6,16.2,14.7,65,82,75,4.3,-999,0,69,966
6088001,20140422000000,43.649,7.209,2,0,13.1,17.9,15.4,69,86,78,2.3,-999,0,494,2257
6088001,20140423000000,43.649,7.209,2,0,12.7,20.9,16.7,41,79,67,3.8,-999,0,588,2270
6088001,20140424000000,43.649,7.209,2,0,14.8,20.1,17.2,43,88,70,2.5,-999,0,709,2455
6088001,20140425000000,43.649,7.209,2,0,12.8,18.1,15.9,68,87,77,3.1,-999,0,296,1632
6088001,20140426000000,43.649,7.209,2,0,13.4,19.9,17.1,42,85,73,3,-999,4,751,2494
6088001,20140427000000,43.649,7.209,2,0,13.3,16.4,14.7,58,89,78,4,-999,0.8,33,868
6088001,20140428000000,43.649,7.209,2,0,10.7,18.3,14.4,37,84,66,3.7,-999,0,544,2228
6088001,20140429000000,43.649,7.209,2,0,10.4,18.4,14.9,47,77,65,3.2,-999,0,638,2457
6088001,20140430000000,43.649,7.209,2,0,11.5,24.6,16.2,21,77,60,5.6,-999,0.2,717,2619
6088001,20140501000000,43.649,7.209,2,0,11.4,18.2,15.3,48,81,67,3.8,-999,0,699,2524
6088001,20140502000000,43.649,7.209,2,0,11.8,16.8,14.2,62,84,72,3.4,-999,3.4,260,1035
6088001,20140503000000,43.649,7.209,2,0,12.9,20.6,16.9,47,83,65,3.9,-999,2,419,2246
6088001,20140504000000,43.649,7.209,2,0,13.3,19.7,16.7,48,76,62,3.6,-999,0,626,2572
6088001,20140505000000,43.649,7.209,2,0,13.6,19.2,16.8,48,83,68,2.7,-999,0,812,2755
6088001,20140506000000,43.649,7.209,2,0,13.3,20.2,16.9,56,77,68,3.4,-999,0,646,2267
6088001,20140507000000,43.649,7.209,2,0,14.6,26,18.2,29,83,66,6.7,-999,0,541,2272
6088001,20140508000000,43.649,7.209,2,0,13.5,19.3,16.8,48,88,75,2.3,-999,0,537,2087
6088001,20140509000000,43.649,7.209,2,0,13.7,19.5,17.1,69,86,79,2.7,-999,0,775,2709
6088001,20140510000000,43.649,7.209,2,0,15.2,19.5,17.2,68,88,76,2.2,-999,0,227,1516
6088001,20140511000000,43.649,7.209,2,0,13.8,27.4,20.2,13,89,50,5.7,-999,0,686,2308
6088001,20140512000000,43.649,7.209,2,0,14.8,21.5,18.6,24,60,43,4.1,-999,0,663,2381
6088001,20140513000000,43.649,7.209,2,0,12.4,20.9,16.1,30,70,52,5,-999,0,564,2390
6088001,20140514000000,43.649,7.209,2,0,12,20.2,16.6,20,67,47,3.8,-999,0,732,2770
6088001,20140515000000,43.649,7.209,2,0,13.1,20.2,17,30,62,46,4.8,-999,0,825,2877
6088001,20140516000000,43.649,7.209,2,0,13.3,19.9,17.1,28,75,53,4,-999,0,600,2462
6088001,20140517000000,43.649,7.209,2,0,13,19.4,16.8,45,74,63,2.3,-999,0,562,2497
6088001,20140518000000,43.649,7.209,2,0,13.2,20.3,17.5,58,73,66,5.9,-999,0.6,816,2900
6088001,20140519000000,43.649,7.209,2,0,14.2,19.6,17,57,80,68,9.2,-999,0,2,689
6088001,20140520000000,43.649,7.209,2,0,16.2,21.1,18.8,56,77,65,4.9,-999,0,567,2454
6088001,20140521000000,43.649,7.209,2,0,17,22.7,20.3,44,73,62,8.6,-999,0,579,2473
6088001,20140522000000,43.649,7.209,2,0,17.5,20.6,18.9,68,92,78,5.4,-999,11.6,0,629
6088001,20140523000000,43.649,7.209,2,0,15,19.8,17.6,70,95,83,3.3,-999,0.2,736,2934
6088001,20140524000000,43.649,7.209,2,0,13.3,19.7,16.9,41,88,67,3.1,-999,0,864,3048
6088001,20140525000000,43.649,7.209,2,0,13.4,20.8,17.8,42,70,59,2.9,-999,0,305,1809
6088001,20140526000000,43.649,7.209,2,0,17,21.2,19,43,69,59,3.6,-999,0,637,2778
6088001,20140527000000,43.649,7.209,2,0,12.7,21.3,17.3,53,80,68,4,-999,0,750,2892
6088001,20140528000000,43.649,7.209,2,0,14.7,20.8,18,55,78,67,3.4,-999,0,592,2732
6088001,20140529000000,43.649,7.209,2,0,14.6,20.4,18,58,81,69,2.9,-999,0,432,2316
6088001,20140530000000,43.649,7.209,2,0,15.6,21,18.7,59,86,72,3.3,-999,0,556,2633
6088001,20140531000000,43.649,7.209,2,0,15.3,21.2,18.1,53,84,71,2.9,-999,1,412,2044
6088001,20140601000000,43.649,7.209,2,0,15.2,21.6,18.7,55,88,72,2.8,-999,2.2,660,2723
6088001,20140602000000,43.649,7.209,2,0,15.4,21.4,18.8,63,86,73,2.7,-999,0,665,2846
6088001,20140603000000,43.649,7.209,2,0,16,22.1,19.5,52,78,66,3.5,-999,0,649,2672
6088001,20140604000000,43.649,7.209,2,0,16.3,22,19.3,59,82,74,3.9,-999,0,311,1704
6088001,20140605000000,43.649,7.209,2,0,13.6,22.6,19.7,48,81,66,3.2,-999,0,840,2981
6088001,20140606000000,43.649,7.209,2,0,16.2,22.5,20.1,46,77,67,3,-999,0,731,2617
6088001,20140607000000,43.649,7.209,2,0,19.1,24.4,22.1,50,71,58,2.1,-999,0,808,2805
6088001,20140608000000,43.649,7.209,2,0,19.8,27.4,24.1,41,73,60,2.6,-999,0,804,2812
6088001,20140609000000,43.649,7.209,2,0,22,29.7,26.2,36,72,54,2.2,-999,0,832,2920
6088001,20140610000000,43.649,7.209,2,0,23.8,30.5,26.8,32,74,48,2.8,-999,0,792,2862
6088001,20140611000000,43.649,7.209,2,0,23.1,30,25.6,33,79,60,2.9,-999,0,837,2894
6088001,20140612000000,43.649,7.209,2,0,23,32.3,26.8,29,81,57,3,-999,0,785,2780
6088001,20140613000000,43.649,7.209,2,0,21.9,28.2,25.8,42,89,60,3.3,-999,0,573,2365
6088001,20140614000000,43.649,7.209,2,0,19.9,26.1,22.8,47,89,70,4.2,-999,1.8,506,1799
6088001,20140615000000,43.649,7.209,2,0,18.4,25.3,20.9,38,84,66,4.8,-999,0.2,171,1515
6088001,20140616000000,43.649,7.209,2,0,17.4,25.3,21.2,45,77,60,4.5,-999,0,501,2411
6088001,20140617000000,43.649,7.209,2,0,18.5,24.8,21.4,36,63,53,4,-999,0,358,2308
6088001,20140618000000,43.649,7.209,2,0,17.9,24.6,21.7,38,71,55,4,-999,0,651,2570
6088001,20140619000000,43.649,7.209,2,0,18.2,25.4,21.9,35,79,58,4.2,-999,0,625,2760
6088001,20140620000000,43.649,7.209,2,0,19.2,24.2,22.1,46,82,69,3.8,-999,0,867,2981
6088001,20140621000000,43.649,7.209,2,0,18.7,24.7,22,62,86,75,2.3,-999,0,552,2580
6088001,20140622000000,43.649,7.209,2,0,19.2,25,22.6,68,84,76,2.1,-999,0,795,2826
6088001,20140623000000,43.649,7.209,2,0,20.6,25.5,23.2,60,86,77,3.4,-999,0,641,2485
6088001,20140624000000,43.649,7.209,2,0,20.2,25.6,23.3,54,82,73,4,-999,6,580,2455
6088001,20140625000000,43.649,7.209,2,0,18.2,24.8,22.3,58,89,75,6.2,-999,0.2,387,2075
6088001,20140626000000,43.649,7.209,2,0,20.2,24.3,22.3,73,89,81,4.4,-999,4.9,396,2229
6088001,20140627000000,43.649,7.209,2,0,19.8,24.6,22.4,70,85,77,2.6,-999,0,739,2922
6088001,20140628000000,43.649,7.209,2,0,19,24.9,22.5,59,84,74,2.7,-999,0,731,2773
6088001,20140629000000,43.649,7.209,2,0,20,24.4,22,40,85,72,2.8,-999,1,373,1627
6088001,20140630000000,43.649,7.209,2,0,16.6,26.6,22.5,26,66,50,2.6,-999,0,873,3072
6088001,20140701000000,43.649,7.209,2,0,18.6,24.9,22.4,43,79,61,3.3,-999,0,817,2931
6088001,20140702000000,43.649,7.209,2,0,20,24.8,22.4,59,79,70,2.5,-999,0,599,2702
6088001,20140703000000,43.649,7.209,2,0,19.5,28.7,23.9,54,79,66,4.8,-999,0,786,2812
6088001,20140704000000,43.649,7.209,2,0,21.7,28.8,24.9,35,80,62,5.6,-999,8,103,792
6088001,20140705000000,43.649,7.209,2,0,19.4,24.6,22.5,67,85,76,3.8,-999,0,733,2672
6088001,20140706000000,43.649,7.209,2,0,20,25.1,22.8,69,83,76,2.3,-999,0,642,2662
6088001,20140707000000,43.649,7.209,2,0,19.7,25.7,22.7,69,86,77,4.1,-999,3.8,493,2232
6088001,20140708000000,43.649,7.209,2,0,17.7,26.6,22.1,41,88,67,4.6,-999,0,875,3019
6088001,20140709000000,43.649,7.209,2,0,18,25.5,20.8,33,74,56,5.1,-999,0,651,2620
6088001,20140710000000,43.649,7.209,2,0,17.3,24.6,21.7,36,65,54,3.9,-999,0,816,2957
6088001,20140711000000,43.649,7.209,2,0,18.5,24.5,22.2,46,75,61,2.7,-999,0,863,2866
6088001,20140712000000,43.649,7.209,2,0,19.5,24.3,21.7,64,80,72,3.2,-999,0,350,2122
6088001,20140713000000,43.649,7.209,2,0,18.1,24.3,21.9,52,76,66,3.2,-999,0,759,2693
6088001,20140714000000,43.649,7.209,2,0,20.1,25,22.5,61,81,72,3.2,-999,0.4,315,1921
6088001,20140715000000,43.649,7.209,2,0,19.4,26.6,24,60,84,72,2.6,-999,0,756,2848
6088001,20140716000000,43.649,7.209,2,0,23.6,27.4,25.1,47,73,61,3.4,-999,0,437,2035
6088001,20140717000000,43.649,7.209,2,0,21.8,28.3,25.2,37,82,62,3,-999,0,832,2864
6088001,20140718000000,43.649,7.209,2,0,22.6,26.9,24.9,52,85,73,2.7,-999,0,840,2815
6088001,20140719000000,43.649,7.209,2,0,21,26.6,24.6,60,86,73,2,-999,0.8,585,2275
6088001,20140720000000,43.649,7.209,2,0,22,27.9,25.1,38,82,59,5.5,-999,0,120,1469
6088001,20140721000000,43.649,7.209,2,0,18.9,26.9,22.1,45,87,65,4.7,-999,13,532,2083
6088001,20140722000000,43.649,7.209,2,0,19,25,22.4,56,77,68,2.7,-999,0,463,2149
6088001,20140723000000,43.649,7.209,2,0,20.4,25.9,23.7,60,85,73,2.1,-999,0,616,2674
6088001,20140724000000,43.649,7.209,2,0,22.5,25.3,23.6,69,84,75,2,-999,0,483,2409
6088001,20140725000000,43.649,7.209,2,0,20.4,25.7,22.8,64,88,77,2.7,-999,2.4,435,1834
6088001,20140726000000,43.649,7.209,2,0,19.2,25.5,22.8,61,87,74,3.3,-999,0,803,2722
6088001,20140727000000,43.649,7.209,2,0,20.7,27,24.1,46,76,66,3.2,-999,0,797,2750
6088001,20140728000000,43.649,7.209,2,0,21.9,26.1,24,51,81,70,3.2,-999,0,606,2321
6088001,20140729000000,43.649,7.209,2,0,20,25.2,22.3,48,74,63,4.7,-999,0,527,2248
6088001,20140730000000,43.649,7.209,2,0,17.3,25.7,22.2,43,68,58,4.1,-999,0,758,2789
6088001,20140731000000,43.649,7.209,2,0,20.9,25.8,23.8,55,82,70,3,-999,0,838,2776
6088001,20140801000000,43.649,7.209,2,0,20.9,25.8,23.5,61,79,72,2.7,-999,0,506,2310
6088001,20140802000000,43.649,7.209,2,0,21.9,25.7,23.9,69,81,75,2.6,-999,0,643,2579
6088001,20140803000000,43.649,7.209,2,0,20.9,26.4,24.1,50,83,70,3.1,-999,0,590,2446
6088001,20140804000000,43.649,7.209,2,0,21.3,26.3,24.2,61,81,74,3.5,-999,0,734,2633
6088001,20140805000000,43.649,7.209,2,0,20.9,26.3,24.1,55,83,72,2.6,-999,0,740,2586
6088001,20140806000000,43.649,7.209,2,0,22.3,27.7,24.9,40,79,63,2.9,-999,0,700,2436
6088001,20140807000000,43.649,7.209,2,0,21.7,26.7,24.5,63,76,70,3,-999,0,740,2594
6088001,20140808000000,43.649,7.209,2,0,20.9,26.5,24.1,60,78,72,2.3,-999,0,801,2501
6088001,20140809000000,43.649,7.209,2,0,22.2,27.8,24.8,60,81,73,2.9,-999,0,426,2062
6088001,20140810000000,43.649,7.209,2,0,22.2,27.7,25.2,54,84,75,4.7,-999,0,702,2410
6088001,20140811000000,43.649,7.209,2,0,21.5,27.3,25,57,84,76,2.8,-999,0,762,2430
6088001,20140812000000,43.649,7.209,2,0,21.8,27.8,24.9,56,82,71,4,-999,0,794,2597
6088001,20140813000000,43.649,7.209,2,0,18.5,28.5,23.1,37,90,65,4,-999,20.2,446,1666
6088001,20140814000000,43.649,7.209,2,0,19.1,26.3,23,34,66,53,4.6,-999,0,737,2617
6088001,20140815000000,43.649,7.209,2,0,18.8,26.2,22.9,34,72,51,5.1,-999,0,804,2635
6088001,20140816000000,43.649,7.209,2,0,18.5,25.1,21.3,36,79,59,4.3,-999,1.2,547,2207
6088001,20140817000000,43.649,7.209,2,0,18.2,25.3,22,42,71,62,3.7,-999,0,796,2555
6088001,20140818000000,43.649,7.209,2,0,17.6,26.7,22.9,45,82,68,4.3,-999,1.6,761,2523
6088001,20140819000000,43.649,7.209,2,0,20.1,26.2,23.5,61,85,75,5.1,-999,0,604,2319
6088001,20140820000000,43.649,7.209,2,0,20.1,27,23.4,52,85,71,3,-999,0,552,2111
6088001,20140821000000,43.649,7.209,2,0,18.8,25.9,22.5,45,78,63,3.8,-999,0,770,2455
6088001,20140822000000,43.649,7.209,2,0,18.1,26.6,22.6,41,76,63,3.9,-999,0,547,2080
6088001,20140823000000,43.649,7.209,2,0,20.9,31.7,24.6,27,80,65,5,-999,0,690,2422
6088001,20140824000000,43.649,7.209,2,0,19.7,24.8,22.1,39,72,59,3,-999,0,379,1786
6088001,20140825000000,43.649,7.209,2,0,18.4,24.6,21.7,46,72,65,3.1,-999,0,631,2124
6088001,20140826000000,43.649,7.209,2,0,18.3,26,22.9,53,86,74,5.5,-999,0,382,1958
6088001,20140827000000,43.649,7.209,2,0,22.8,26.4,24.8,52,86,70,5.9,-999,0,731,2373
6088001,20140828000000,43.649,7.209,2,0,20.5,26.6,23.5,51,81,68,2.7,-999,0,706,2236
6088001,20140829000000,43.649,7.209,2,0,21.4,26.3,23.4,52,83,72,2.7,-999,0,576,1993
6088001,20140830000000,43.649,7.209,2,0,20.4,25.6,23.1,59,86,76,2.1,-999,0,560,2004
6088001,20140831000000,43.649,7.209,2,0,20.4,25.4,23,62,84,75,2.2,-999,0,663,2115
6088001,20140901000000,43.649,7.209,2,0,19.2,26.7,22.9,46,85,60,3.9,-999,0,752,2261
6088001,20140902000000,43.649,7.209,2,0,18.8,26.1,22.5,35,71,52,3.5,-999,0,762,2262
6088001,20140903000000,43.649,7.209,2,0,18.8,25.2,22.3,33,70,55,3.8,-999,0,704,2239
6088001,20140904000000,43.649,7.209,2,0,19.2,26.7,23.3,41,67,57,3.9,-999,0,721,2159
6088001,20140905000000,43.649,7.209,2,0,21.3,27.3,23.4,39,74,59,3.1,-999,0,394,1479
6088001,20140906000000,43.649,7.209,2,0,20.3,25.7,22.9,45,83,66,2.4,-999,0,720,2137
6088001,20140907000000,43.649,7.209,2,0,19.8,25.3,23,57,85,71,2.3,-999,0,671,2072
6088001,20140908000000,43.649,7.209,2,0,21.3,25.6,23.5,59,84,72,2.9,-999,0,441,1751
6088001,20140909000000,43.649,7.209,2,0,20.9,25.5,23.5,56,86,73,3.5,-999,0,476,1860
6088001,20140910000000,43.649,7.209,2,0,20.4,26.1,22.9,60,82,74,3.5,-999,0,366,1518
6088001,20140911000000,43.649,7.209,2,0,20.2,24.9,22.7,68,82,74,2.4,-999,0,531,1938
6088001,20140912000000,43.649,7.209,2,0,20.2,25.4,22.1,43,76,64,3.6,-999,0,488,1703
6088001,20140913000000,43.649,7.209,2,0,18.3,24.6,21.7,49,77,66,2.8,-999,0,721,2068
6088001,20140914000000,43.649,7.209,2,0,18.2,24.5,21.7,53,81,69,2.5,-999,0,693,2018
6088001,20140915000000,43.649,7.209,2,0,19.6,24.4,21.1,62,88,77,2.6,-999,1,99,889
6088001,20140916000000,43.649,7.209,2,0,18.4,24.9,21.8,51,85,70,2.8,-999,0,661,1918
6088001,20140917000000,43.649,7.209,2,0,19.6,25.5,22.3,56,81,69,5.2,-999,0,215,1183
6088001,20140918000000,43.649,7.209,2,0,20.2,25.6,23.3,58,77,67,6,-999,0,380,1440
6088001,20140919000000,43.649,7.209,2,0,21.3,26.1,23.2,56,77,69,4.7,-999,0,194,725
6088001,20140920000000,43.649,7.209,2,0,21.2,26.3,23.2,55,89,77,2.8,-999,0,457,1640
6088001,20140921000000,43.649,7.209,2,0,19.5,24.7,22.2,58,85,74,3.2,-999,0,395,1306
6088001,20140922000000,43.649,7.209,2,0,18.3,25.4,21.5,44,82,68,2.8,-999,0,431,1510
6088001,20140923000000,43.649,7.209,2,0,18.2,25.7,21,32,72,58,5.4,-999,0,530,1557
6088001,20140924000000,43.649,7.209,2,0,18.2,23.6,20.1,43,68,54,3.4,-999,0,12,663
6088001,20140925000000,43.649,7.209,2,0,15.5,23.8,19.7,46,72,61,3.5,-999,0,624,1755
6088001,20140926000000,43.649,7.209,2,0,16.7,24.3,20.3,41,69,60,3.3,-999,0,630,1740
6088001,20140927000000,43.649,7.209,2,0,17,24,20.4,48,70,64,3,-999,0,675,1773
6088001,20140928000000,43.649,7.209,2,0,17.3,25.2,21.3,40,70,61,2.9,-999,0,649,1688
6088001,20140929000000,43.649,7.209,2,0,18.2,25,21.9,40,76,65,4.4,-999,0.4,517,1519
6088001,20140930000000,43.649,7.209,2,0,18.5,23.4,20.4,63,90,78,3.6,-999,7.1,0,387
6088001,20141001000000,43.649,7.209,2,0,18,23.5,21,63,83,75,2.6,-999,0,390,1483
6088001,20141002000000,43.649,7.209,2,0,18.3,25.1,21.8,52,83,67,2.8,-999,0,628,1661
6088001,20141003000000,43.649,7.209,2,0,18.1,24.7,21.6,48,71,63,2.6,-999,0,543,1557
6088001,20141004000000,43.649,7.209,2,0,17.7,24,21,49,74,63,2.9,-999,0,490,1401
6088001,20141005000000,43.649,7.209,2,0,16.5,23.3,19.1,58,86,72,3.5,-999,8.2,231,1001
6088001,20141006000000,43.649,7.209,2,0,15.4,22.8,18.7,53,79,68,3.2,-999,0,461,1441
6088001,20141007000000,43.649,7.209,2,0,17.1,22,19.6,65,89,78,4.6,-999,2.8,115,760
6088001,20141008000000,43.649,7.209,2,0,18.3,23.8,20.8,71,89,81,3.7,-999,0,305,1156
6088001,20141009000000,43.649,7.209,2,0,18.9,25.1,21.8,46,80,69,5,-999,0,597,1463
6088001,20141010000000,43.649,7.209,2,0,18.9,24.9,21.8,50,84,71,3.9,-999,0,433,1316
6088001,20141011000000,43.649,7.209,2,0,18.8,24.2,20.7,57,84,72,3.2,-999,0.4,359,986
6088001,20141012000000,43.649,7.209,2,0,17.8,24.1,20.7,54,82,70,5.1,-999,3,68,670
6088001,20141013000000,43.649,7.209,2,0,18,21,18.7,63,91,81,4,-999,31,72,371
6088001,20141014000000,43.649,7.209,2,0,15.4,22.2,18.1,58,82,72,5.2,-999,0.8,21,531
6088001,20141015000000,43.649,7.209,2,0,16.4,24.1,19.8,48,84,70,4.3,-999,0,477,1237
6088001,20141016000000,43.649,7.209,2,0,15.5,23.8,19.7,58,88,75,3.9,-999,0,570,1312
6088001,20141017000000,43.649,7.209,2,0,18.1,23.9,21.2,67,87,81,3.9,-999,0,616,1320
6088001,20141018000000,43.649,7.209,2,0,17.9,23.6,20.4,61,85,77,3.2,-999,0,446,1237
6088001,20141019000000,43.649,7.209,2,0,16.9,24.8,20.8,52,85,75,3.4,-999,0,603,1283
6088001,20141020000000,43.649,7.209,2,0,18.4,23.9,21,59,83,74,3.1,-999,0,402,1108
6088001,20141021000000,43.649,7.209,2,0,17.2,23.9,20.4,28,85,72,3,-999,0,577,1171
6088001,20141022000000,43.649,7.209,2,0,15.4,23,18.6,14,58,39,4.5,-999,0,591,1324
6088001,20141023000000,43.649,7.209,2,0,11.9,22,16.4,22,58,34,4,-999,0,624,1323
6088001,20141024000000,43.649,7.209,2,0,13.1,23.1,17.5,18,64,45,5.2,-999,0,620,1323
6088001,20141025000000,43.649,7.209,2,0,12.9,22.6,17.1,38,65,51,4.5,-999,0,550,1160
6088001,20141026000000,43.649,7.209,2,0,15.2,21.3,17.7,52,75,61,3.6,-999,0,234,848
6088001,20141027000000,43.649,7.209,2,0,12.9,20.4,16.6,50,83,65,3.4,-999,0,288,948
6088001,20141028000000,43.649,7.209,2,0,12.7,19,16,45,74,61,4.5,-999,0,417,1033
6088001,20141029000000,43.649,7.209,2,0,11.5,19.3,15.1,43,69,59,3.8,-999,0,577,1157
6088001,20141030000000,43.649,7.209,2,0,11.5,19.9,15.3,46,78,65,3.7,-999,0,503,1078
6088001,20141031000000,43.649,7.209,2,0,11.6,20,15.4,46,80,68,4.1,-999,0,552,1094
6088001,20141101000000,43.649,7.209,2,0,12.7,20.7,16.1,42,72,61,4,-999,0,568,1104
6088001,20141102000000,43.649,7.209,2,0,12.5,21,16.1,45,83,67,3.7,-999,0,499,1042
6088001,20141103000000,43.649,7.209,2,0,13.3,20,15.5,51,89,70,3.7,-999,17.8,275,713
6088001,20141104000000,43.649,7.209,2,0,13.4,20.6,16.5,74,95,86,6.9,-999,159.7,27,133
6088001,20141105000000,43.649,7.209,2,0,14.1,16.4,14.9,74,92,85,2.5,-999,1.4,0,226
6088001,20141106000000,43.649,7.209,2,0,11.2,18.7,14,55,80,69,5.4,-999,0,104,603
6088001,20141107000000,43.649,7.209,2,0,10.8,20.5,14.3,39,73,61,4.4,-999,0,550,1048
6088001,20141108000000,43.649,7.209,2,0,10.6,19.9,14.7,41,79,63,4.4,-999,0,532,1052
6088001,20141109000000,43.649,7.209,2,0,12,17.9,13.7,65,92,76,5.6,-999,53.1,0,124
6088001,20141110000000,43.649,7.209,2,0,13,17.3,14.8,79,94,87,4.7,-999,72,9,172
6088001,20141111000000,43.649,7.209,2,0,12.9,17.9,15.1,71,92,84,5,-999,37,33,356
6088001,20141112000000,43.649,7.209,2,0,12.4,16.4,13.3,71,92,88,3.3,-999,3.2,2,227
6088001,20141113000000,43.649,7.209,2,0,11.5,18.9,14.2,53,88,73,3.2,-999,0,560,972
6088001,20141114000000,43.649,7.209,2,0,11,17.7,13.9,58,93,77,4.3,-999,44,139,353
6088001,20141115000000,43.649,7.209,2,0,12.9,16.4,13.4,76,92,87,3.9,-999,28,10,192
6088001,20141116000000,43.649,7.209,2,0,8.7,17.9,12.5,48,89,67,4.8,-999,1.8,553,949
6088001,20141117000000,43.649,7.209,2,0,9.1,13.8,10.9,63,85,77,3.3,-999,2.8,70,353
6088001,20141118000000,43.649,7.209,2,0,7.6,17.6,12.1,47,85,61,5.4,-999,0,532,991
6088001,20141119000000,43.649,7.209,2,0,9,18.2,12.3,40,79,60,4,-999,0,552,900
6088001,20141120000000,43.649,7.209,2,0,8.9,18.3,12.7,47,81,67,4.1,-999,0,375,747
6088001,20141121000000,43.649,7.209,2,0,10.6,18.2,13.5,52,80,69,3.6,-999,0,510,865
6088001,20141122000000,43.649,7.209,2,0,12.2,17.9,14.9,55,76,67,3.6,-999,0,127,500
6088001,20141123000000,43.649,7.209,2,0,13.7,20,16.4,57,82,72,5.5,-999,0,376,714
6088001,20141124000000,43.649,7.209,2,0,14.2,18.8,16.1,66,80,74,3.6,-999,0.4,22,314
6088001,20141125000000,43.649,7.209,2,0,14,15.6,14.6,69,92,86,3.3,-999,64.3,0,59
6088001,20141126000000,43.649,7.209,2,0,13.1,17.3,14.9,77,90,85,4.2,-999,35.6,15,346
6088001,20141127000000,43.649,7.209,2,0,13.1,17.8,14.6,70,92,82,4.3,-999,4.8,44,355
6088001,20141128000000,43.649,7.209,2,0,13.1,19.8,17.4,57,86,69,10.2,-999,0.8,35,345
6088001,20141129000000,43.649,7.209,2,0,16.5,20.4,19.3,56,74,66,10.7,-999,0.4,23,337
6088001,20141130000000,43.649,7.209,2,0,14.5,19.3,16.5,55,90,72,4.9,-999,36.1,0,123
6088001,20141201000000,43.649,7.209,2,0,12.7,15.1,13.6,80,92,88,3.2,-999,10.5,0,134
6088001,20141202000000,43.649,7.209,2,0,11.8,18.9,14.2,57,83,75,3.1,-999,0,456,747
6088001,20141203000000,43.649,7.209,2,0,12.5,17.9,14.4,57,80,73,3.6,-999,12.5,310,620
6088001,20141204000000,43.649,7.209,2,0,11.5,13.6,12.4,79,91,87,3.2,-999,3.8,0,154
6088001,20141205000000,43.649,7.209,2,0,12,16.9,14.3,55,84,71,6.7,-999,0,0,241
6088001,20141206000000,43.649,7.209,2,0,11.1,15.1,12.7,66,86,76,6.1,-999,13.3,0,180
6088001,20141207000000,43.649,7.209,2,0,10,15.7,11.9,60,84,75,3.7,-999,0,398,659
6088001,20141208000000,43.649,7.209,2,0,8.8,15.9,11.2,47,77,66,4.1,-999,0,383,679
6088001,20141209000000,43.649,7.209,2,0,9.1,15.4,10.9,26,67,46,5.2,-999,0,249,460
6088001,20141210000000,43.649,7.209,2,0,6.1,12.7,8.9,33,54,46,4.5,-999,0,280,606
6088001,20141211000000,43.649,7.209,2,0,6.2,15.7,9.4,40,72,56,4.7,-999,0,518,753
6088001,20141212000000,43.649,7.209,2,0,6.3,15,9.9,37,71,56,5.4,-999,0,438,666
6088001,20141213000000,43.649,7.209,2,0,8.9,14.6,11.4,49,67,57,4.8,-999,2.4,103,414
6088001,20141214000000,43.649,7.209,2,0,9.7,12.3,11.3,63,88,79,4.6,-999,3.9,0,240
6088001,20141215000000,43.649,7.209,2,0,11,17.4,13.5,61,86,75,5.6,-999,1.8,218,476
6088001,20141216000000,43.649,7.209,2,0,10.1,12.7,11.2,74,84,79,3.9,-999,1,2,196
6088001,20141217000000,43.649,7.209,2,0,8.1,13.8,10.6,51,77,66,4.8,-999,0,182,478
6088001,20141218000000,43.649,7.209,2,0,8.4,16.5,11.4,46,73,64,4.5,-999,0,318,662
6088001,20141219000000,43.649,7.209,2,0,8.5,16.8,11.3,55,84,73,4.4,-999,0,486,697
6088001,20141220000000,43.649,7.209,2,0,7.5,15,10.2,57,80,70,5.1,-999,0,421,618
6088001,20141221000000,43.649,7.209,2,0,7.4,16.8,10.6,39,74,59,5.3,-999,0,439,685
6088001,20141222000000,43.649,7.209,2,0,7,16,9.8,44,67,60,5.2,-999,0,480,712
6088001,20141223000000,43.649,7.209,2,0,7,12.9,8.9,58,77,67,5,-999,0,0,259
6088001,20141224000000,43.649,7.209,2,0,5,15.4,8.8,54,78,69,4.9,-999,0,465,740
6088001,20141225000000,43.649,7.209,2,0,5.5,13.3,8.2,44,72,61,6,-999,0,380,598
6088001,20141226000000,43.649,7.209,2,0,6.1,14.2,8.8,42,71,59,5.2,-999,0,384,652
6088001,20141227000000,43.649,7.209,2,0,5.6,13,8.3,23,81,55,5.3,-999,0,0,186
6088001,20141228000000,43.649,7.209,2,0,3.3,14.3,7.7,18,55,36,3,-999,0,456,740
6088001,20141229000000,43.649,7.209,2,0,3,13.6,7.6,7,45,29,4.7,-999,0,521,794
6088001,20141230000000,43.649,7.209,2,0,2.4,11.5,5.8,31,63,45,4.3,-999,0,512,744
6088001,20141231000000,43.649,7.209,2,0,2.9,10.7,6.5,40,66,52,5.9,-999,0,72,355
6088001,20150101000000,43.649,7.209,2,0,4.3,12.7,7.5,43,69,60,3.9,-999,0,514,743
6088001,20150102000000,43.649,7.209,2,0,5.4,14.2,8.8,44,73,61,4,-999,0,492,710
6088001,20150103000000,43.649,7.209,2,0,6.4,14.8,9.5,54,83,71,3.8,-999,0,339,662
6088001,20150104000000,43.649,7.209,2,0,6.1,16.3,10,58,85,74,4,-999,0,508,761
6088001,20150105000000,43.649,7.209,2,0,6.9,16.5,10.2,38,66,57,5.6,-999,0,497,771
6088001,20150106000000,43.649,7.209,2,0,5.7,14.3,8.6,39,64,53,4.5,-999,0,523,797
6088001,20150107000000,43.649,7.209,2,0,5.6,15.8,8.8,41,71,56,5.1,-999,0,267,559
6088001,20150108000000,43.649,7.209,2,0,7.4,15.2,10.1,46,70,61,4.9,-999,0,467,742
6088001,20150109000000,43.649,7.209,2,0,6,14.4,9.1,47,80,67,4.5,-999,0,308,627
6088001,20150110000000,43.649,7.209,2,0,6.7,16.2,10.1,65,89,75,3.1,-999,0,258,571
6088001,20150111000000,43.649,7.209,2,0,7.7,22.3,11.6,27,85,72,4.6,-999,0,460,785
6088001,20150112000000,43.649,7.209,2,0,7.3,15.3,9.9,27,60,47,4.3,-999,0,525,886
6088001,20150113000000,43.649,7.209,2,0,4.7,14.5,8.2,38,73,56,5,-999,0,56,381
6088001,20150114000000,43.649,7.209,2,0,5.5,16.6,9.9,41,64,53,6.1,-999,0,484,770
6088001,20150115000000,43.649,7.209,2,0,6.2,15.6,10.2,37,81,59,4.1,-999,0,229,499
6088001,20150116000000,43.649,7.209,2,0,9.8,15.3,12.9,76,89,85,5.1,-999,3.4,2,249
6088001,20150117000000,43.649,7.209,2,0,8.1,14.2,10.3,43,91,67,5,-999,0,515,867
6088001,20150118000000,43.649,7.209,2,0,3.9,12.9,7.3,32,72,52,3.7,-999,0.6,537,855
6088001,20150119000000,43.649,7.209,2,0,4.8,10.1,7,53,75,64,4.1,-999,6.2,1,294
6088001,20150120000000,43.649,7.209,2,0,6.8,13.6,9.2,38,71,60,4.3,-999,0.4,462,845
6088001,20150121000000,43.649,7.209,2,0,6.1,12.1,8,59,89,76,5.2,-999,19.8,0,95
6088001,20150122000000,43.649,7.209,2,0,5,13.9,8,45,88,71,4.1,-999,0,460,807
6088001,20150123000000,43.649,7.209,2,0,5.9,17.1,9.8,32,68,54,5.3,-999,0,531,911
6088001,20150124000000,43.649,7.209,2,0,6.7,14.9,10,33,69,54,4.8,-999,0,401,796
6088001,20150125000000,43.649,7.209,2,0,5.6,14.6,9,32,64,50,4.7,-999,0,535,938
6088001,20150126000000,43.649,7.209,2,0,4.5,12.6,7.9,23,56,40,3.8,-999,0,227,784
6088001,20150127000000,43.649,7.209,2,0,4.9,11.6,7.6,38,69,56,4,-999,0,193,631
6088001,20150128000000,43.649,7.209,2,0,3.9,12.7,7.6,33,62,52,4.9,-999,0,528,885
6088001,20150129000000,43.649,7.209,2,0,3.6,13.2,8,47,86,63,6.3,-999,8.1,200,560
6088001,20150130000000,43.649,7.209,2,0,5.1,12.2,8.6,18,85,47,7,-999,0,524,1026
6088001,20150131000000,43.649,7.209,2,0,4,12.8,7.5,29,71,50,3.7,-999,0,534,1020
6088001,20150201000000,43.649,7.209,2,0,3.4,13.9,8.1,18,60,38,3.6,-999,0,564,1092
6088001,20150202000000,43.649,7.209,2,0,3.8,12.4,7.5,24,56,38,3.1,-999,0,563,1103
6088001,20150203000000,43.649,7.209,2,0,3.7,10.8,7.8,35,66,46,6.6,-999,2.4,33,488
6088001,20150204000000,43.649,7.209,2,0,5.7,12.4,8.9,44,82,61,6.7,-999,1.4,0,199
6088001,20150205000000,43.649,7.209,2,0,6.2,11.8,8.4,34,81,60,5.8,-999,7.6,0,92
6088001,20150206000000,43.649,7.209,2,0,5.2,9.8,7.2,62,85,73,3.2,-999,2.2,4,301
6088001,20150207000000,43.649,7.209,2,0,5.3,13.7,8.7,45,84,63,5.5,-999,0,293,887
6088001,20150208000000,43.649,7.209,2,0,4.3,11.4,7.7,47,72,66,4.4,-999,0,503,1128
6088001,20150209000000,43.649,7.209,2,0,3.1,12.8,7.7,37,71,62,4.2,-999,0,583,1167
6088001,20150210000000,43.649,7.209,2,0,6.5,13.5,9.7,46,85,67,3.6,-999,0,589,1195
6088001,20150211000000,43.649,7.209,2,0,5.4,13.7,9.4,45,83,67,3.2,-999,0,560,1190
6088001,20150212000000,43.649,7.209,2,0,6.5,14.8,10.3,45,78,64,3.8,-999,0,569,1170
6088001,20150213000000,43.649,7.209,2,0,6.9,13.3,9.4,51,90,74,4,-999,28.7,16,415
6088001,20150214000000,43.649,7.209,2,0,7.1,9.4,8.1,77,92,87,3.5,-999,16.7,0,127
6088001,20150215000000,43.649,7.209,2,0,5.7,10.9,8.2,65,87,78,5,-999,13.7,1,395
6088001,20150216000000,43.649,7.209,2,0,7.7,16.2,12.3,37,75,54,7.3,-999,0,87,622
6088001,20150217000000,43.649,7.209,2,0,10.4,15.6,12.1,43,77,63,3.2,-999,0,203,826
6088001,20150218000000,43.649,7.209,2,0,7.8,16.6,11.2,39,71,60,4.6,-999,0,603,1339
6088001,20150219000000,43.649,7.209,2,0,5.4,13.5,9,32,78,58,3.8,-999,0,608,1369
6088001,20150220000000,43.649,7.209,2,0,6.5,12.7,9.5,53,79,67,3.2,-999,1.8,500,1299
6088001,20150221000000,43.649,7.209,2,0,6.1,9.9,7.4,73,90,83,4.1,-999,23,1,178
6088001,20150222000000,43.649,7.209,2,0,5.8,14.4,9.7,58,87,73,4.4,-999,0,460,1306
6088001,20150223000000,43.649,7.209,2,0,6.7,13.9,9.8,44,79,64,3.9,-999,0,453,1071
6088001,20150224000000,43.649,7.209,2,0,7.4,12.9,9.8,50,80,71,3,-999,0,7,504
6088001,20150225000000,43.649,7.209,2,0,5.9,14.5,10,37,81,60,3.3,-999,0,629,1524
6088001,20150226000000,43.649,7.209,2,0,5.3,14.3,9.6,29,61,47,5,-999,0,616,1537
6088001,20150227000000,43.649,7.209,2,0,7,13,9.4,44,80,61,4,-999,0,157,869
6088001,20150228000000,43.649,7.209,2,0,7.5,14.5,10.8,53,76,65,2.8,-999,0,318,1254
6088001,20150301000000,43.649,7.209,2,0,7.6,15.4,11.1,47,77,66,4.2,-999,0,515,1438
6088001,20150302000000,43.649,7.209,2,0,8.7,22.8,15.4,27,76,51,7.6,-999,0,593,1476
6088001,20150303000000,43.649,7.209,2,0,9.3,16.8,12.7,27,82,55,3.4,-999,0,589,1542
6088001,20150304000000,43.649,7.209,2,0,8.8,14.5,11.3,56,78,67,4.1,-999,0,66,775
6088001,20150305000000,43.649,7.209,2,0,5.1,16.2,10.7,11,71,44,3.4,-999,0,644,1703
6088001,20150306000000,43.649,7.209,2,0,5.1,15.1,9.9,22,63,44,4.5,-999,0,670,1695
6088001,20150307000000,43.649,7.209,2,0,6.3,15,10.5,35,71,56,4.5,-999,0,638,1534
6088001,20150308000000,43.649,7.209,2,0,7.6,15.8,11.4,35,72,58,5,-999,0,628,1704
6088001,20150309000000,43.649,7.209,2,0,6.9,14.8,10.7,42,69,58,3.6,-999,0,515,1506
6088001,20150310000000,43.649,7.209,2,0,7.1,14.5,11.1,50,84,69,3.5,-999,0,582,1649
6088001,20150311000000,43.649,7.209,2,0,9.1,14.8,12,57,88,71,3,-999,0,434,1421
6088001,20150312000000,43.649,7.209,2,0,9.3,15.7,11.8,42,84,63,3.4,-999,0,279,1329
6088001,20150313000000,43.649,7.209,2,0,8.9,15.2,12.5,49,78,67,3.5,-999,0,454,1533
6088001,20150314000000,43.649,7.209,2,0,10.4,13.5,11.6,49,80,71,5.2,-999,3.2,5,332
6088001,20150315000000,43.649,7.209,2,0,8.9,13.1,11.2,52,79,65,9.5,-999,2,0,162
6088001,20150316000000,43.649,7.209,2,0,7.4,14.1,11.1,50,78,67,6.4,-999,8.1,81,550
6088001,20150317000000,43.649,7.209,2,0,9.8,15.6,12.7,52,73,65,6.7,-999,0.6,0,563
6088001,20150318000000,43.649,7.209,2,0,8.6,16.2,12.3,44,68,62,3.5,-999,0,624,1802
6088001,20150319000000,43.649,7.209,2,0,9.4,15.7,12.7,51,82,69,3.2,-999,0,613,1800
6088001,20150320000000,43.649,7.209,2,0,10.6,15.9,13.2,54,73,65,6.3,-999,0,266,1097
6088001,20150321000000,43.649,7.209,2,0,10.2,14.5,12.7,56,87,71,6.3,-999,2,0,513
6088001,20150322000000,43.649,7.209,2,0,8.8,12.7,10.6,67,89,81,3.5,-999,2.6,0,427
6088001,20150323000000,43.649,7.209,2,0,8.3,16.4,12.8,47,80,64,3.1,-999,0,458,1674
6088001,20150324000000,43.649,7.209,2,0,11.6,15.6,13.8,59,75,65,6.5,-999,3,218,1079
6088001,20150325000000,43.649,7.209,2,0,11.8,16.2,13.2,42,89,70,4.3,-999,2.4,0,496
6088001,20150326000000,43.649,7.209,2,0,9.5,15.2,12.6,61,90,76,2.7,-999,0,619,2039
6088001,20150327000000,43.649,7.209,2,0,9.6,17.8,13.6,43,79,64,2.8,-999,0,700,2114
6088001,20150328000000,43.649,7.209,2,0,10.1,16.4,13.5,35,73,55,3.3,-999,0,570,1935
6088001,20150329000000,43.649,7.209,2,0,9.9,16.1,13.5,49,85,71,3.2,-999,0,531,1723
6088001,20150330000000,43.649,7.209,2,0,11.2,16.5,13.8,66,88,78,2.3,-999,0,547,1904
6088001,20150331000000,43.649,7.209,2,0,11.4,22.8,15.1,27,90,75,4.6,-999,0,724,2197
6088001,20150401000000,43.649,7.209,2,0,10.4,20.8,15.3,21,93,53,3.7,-999,0,735,2235
6088001,20150402000000,43.649,7.209,2,0,10.3,17,13.5,29,75,53,3.9,-999,0,735,2245
6088001,20150403000000,43.649,7.209,2,0,8.8,16.1,13,47,75,66,2.8,-999,0,513,1728
6088001,20150404000000,43.649,7.209,2,0,9.4,16.2,13,53,88,70,3.7,-999,9.7,448,1951
6088001,20150405000000,43.649,7.209,2,0,9.7,15.7,11.1,50,88,76,3.9,-999,21.6,143,1218
6088001,20150406000000,43.649,7.209,2,0,7,13.7,10.9,41,79,59,3.4,-999,0,539,2116
6088001,20150407000000,43.649,7.209,2,0,7.4,14.6,11.1,23,69,48,4.7,-999,0,749,2366
6088001,20150408000000,43.649,7.209,2,0,8,16.7,12.9,34,81,61,5.1,-999,0,752,2357
6088001,20150409000000,43.649,7.209,2,0,8.8,15.9,12.9,59,83,73,2.5,-999,0,747,2331
6088001,20150410000000,43.649,7.209,2,0,9.8,15.7,13.1,60,80,71,2.6,-999,0,735,2268
6088001,20150411000000,43.649,7.209,2,0,9,16.4,13.4,48,79,68,3.5,-999,0,685,2198
6088001,20150412000000,43.649,7.209,2,0,11.6,16.5,14.9,57,77,68,2.8,-999,0,715,2311
6088001,20150413000000,43.649,7.209,2,0,13.9,20.9,15.9,38,87,71,2.9,-999,0,748,2337
6088001,20150414000000,43.649,7.209,2,0,11.5,17.4,15.1,70,91,81,2,-999,0.2,595,2274
6088001,20150415000000,43.649,7.209,2,0,11.9,17.1,14.7,68,87,78,2.3,-999,0,627,2302
6088001,20150416000000,43.649,7.209,2,0,11.9,17,14.8,71,89,82,3.5,-999,1.6,78,1160
6088001,20150417000000,43.649,7.209,2,0,13.6,18.1,16,62,88,77,2.9,-999,0,376,1927
6088001,20150418000000,43.649,7.209,2,0,13.1,18.1,15.9,71,88,80,3,-999,0,170,1395
6088001,20150419000000,43.649,7.209,2,0,14.9,16.8,15.4,50,85,63,6.1,-999,0.2,8,628
6088001,20150420000000,43.649,7.209,2,0,11.3,17.2,14.7,51,74,64,4.1,-999,0,765,2463
6088001,20150421000000,43.649,7.209,2,0,13,18.9,16.2,50,84,69,2.3,-999,0,788,2577
6088001,20150422000000,43.649,7.209,2,0,11.8,17.5,15.5,63,88,78,2.3,-999,0,559,2080
6088001,20150423000000,43.649,7.209,2,0,13.9,17.9,15.8,60,89,78,2.6,-999,0,475,2107
6088001,20150424000000,43.649,7.209,2,0,11.6,17.9,15.3,63,82,75,2.8,-999,0,698,2534
6088001,20150425000000,43.649,7.209,2,0,13.3,18,15.7,70,87,79,2,-999,0.6,222,1575
6088001,20150426000000,43.649,7.209,2,0,14.6,18.2,16.5,72,88,84,5.1,-999,3,94,1431
6088001,20150427000000,43.649,7.209,2,0,14.2,16.5,15.3,73,92,83,4.3,-999,15.1,98,845
6088001,20150428000000,43.649,7.209,2,0,11.8,18,15.7,64,88,76,2.4,-999,0,635,2325
6088001,20150429000000,43.649,7.209,2,0,13.6,18.1,15.9,60,84,73,3.1,-999,0,706,2479
6088001,20150430000000,43.649,7.209,2,0,11.9,18,15.4,61,83,70,3.5,-999,0,726,2567
6088001,20150501000000,43.649,7.209,2,0,12.5,18.2,15.7,59,90,79,4.5,-999,0.4,90,1408
6088001,20150502000000,43.649,7.209,2,0,14,18.6,16.7,79,88,84,2.7,-999,0,327,1909
6088001,20150503000000,43.649,7.209,2,0,15,19,17.1,77,89,83,2.9,-999,0,359,2038
6088001,20150504000000,43.649,7.209,2,0,15.9,20.6,17.8,71,90,81,3.4,-999,0,297,1850
6088001,20150505000000,43.649,7.209,2,0,16.8,22.8,19.5,51,84,66,4.5,-999,0,120,1390
6088001,20150506000000,43.649,7.209,2,0,16.7,20.6,18.1,71,93,81,3.2,-999,0,579,2371
6088001,20150507000000,43.649,7.209,2,0,14.2,19.3,17.2,68,89,80,2.3,-999,0,796,2661
6088001,20150508000000,43.649,7.209,2,0,15,19.8,17.6,68,86,78,2.5,-999,0,435,2055
6088001,20150509000000,43.649,7.209,2,0,14.3,21.4,18.7,59,86,73,2.6,-999,0,759,2469
6088001,20150510000000,43.649,7.209,2,0,16.8,23,20.2,43,75,62,2.1,-999,0,825,2772
6088001,20150511000000,43.649,7.209,2,0,17.5,22.4,19.8,41,84,66,2.3,-999,0,752,2666
6088001,20150512000000,43.649,7.209,2,0,16.2,22,19.5,59,80,73,2.1,-999,0,816,2761
6088001,20150513000000,43.649,7.209,2,0,15.7,21.2,18.9,64,85,76,2.5,-999,0,684,2348
6088001,20150514000000,43.649,7.209,2,0,15.8,21.2,19,73,88,82,3.5,-999,0.4,361,2082
6088001,20150515000000,43.649,7.209,2,0,17.4,24.2,19.9,22,91,55,7.8,-999,0,604,2697
6088001,20150516000000,43.649,7.209,2,0,12,21.6,18,50,71,62,3.6,-999,0,807,2786
6088001,20150517000000,43.649,7.209,2,0,17.4,25.2,21.5,42,68,57,3.5,-999,0,803,2786
6088001,20150518000000,43.649,7.209,2,0,19.3,25.3,20.5,47,82,68,2.7,-999,0,824,2820
6088001,20150519000000,43.649,7.209,2,0,14.7,20.5,17.9,67,84,75,2.7,-999,0,556,2251
6088001,20150520000000,43.649,7.209,2,0,15.9,24.7,19.3,24,84,55,3.7,-999,6.7,688,2812
6088001,20150521000000,43.649,7.209,2,0,10.8,17.4,14.6,33,80,61,4.1,-999,0,460,2323
6088001,20150522000000,43.649,7.209,2,0,11.9,20.6,16.9,31,74,58,4.6,-999,0,748,2910
6088001,20150523000000,43.649,7.209,2,0,15.7,20.6,17.9,46,81,65,2.3,-999,0,205,1720
6088001,20150524000000,43.649,7.209,2,0,16.2,20,18.1,57,74,65,2.6,-999,0,194,1674
6088001,20150525000000,43.649,7.209,2,0,16.8,20.3,18.5,61,83,74,1.9,-999,0.8,416,2209
6088001,20150526000000,43.649,7.209,2,0,16.7,20.8,18.8,62,85,73,2.7,-999,0,399,2327
6088001,20150527000000,43.649,7.209,2,0,16.2,22.9,19.7,44,71,60,3.5,-999,0,800,2909
6088001,20150528000000,43.649,7.209,2,0,15.9,21.6,18.9,50,79,67,2.6,-999,0,843,2966
6088001,20150529000000,43.649,7.209,2,0,14.9,21.1,18.4,60,79,70,2.5,-999,0,756,2851
6088001,20150530000000,43.649,7.209,2,0,15.1,21.8,18.9,66,79,74,3.1,-999,0,460,2467
6088001,20150531000000,43.649,7.209,2,0,18.6,22.3,20,63,81,74,2.6,-999,0,600,2773
6088001,20150601000000,43.649,7.209,2,0,16.3,22.3,20,67,82,75,2.4,-999,0,768,2818
6088001,20150602000000,43.649,7.209,2,0,17.5,22.7,20.4,63,82,74,1.8,-999,0,450,2268
6088001,20150603000000,43.649,7.209,2,0,17.9,23.8,21,69,82,75,2.4,-999,0,573,2580
6088001,20150604000000,43.649,7.209,2,0,17.4,25.8,22.1,55,84,71,2,-999,0,840,2931
6088001,20150605000000,43.649,7.209,2,0,20.7,29.5,25.7,38,78,54,2.7,-999,0,856,2890
6088001,20150606000000,43.649,7.209,2,0,23.6,29.4,26.1,40,77,59,2.7,-999,0,766,2834
6088001,20150607000000,43.649,7.209,2,0,23.2,27.9,26,43,73,55,4,-999,0,587,2557
6088001,20150608000000,43.649,7.209,2,0,22.4,27.3,24.9,42,75,57,3.1,-999,0,338,2065
6088001,20150609000000,43.649,7.209,2,0,22,25.6,23.3,46,82,63,3.1,-999,0,560,2453
6088001,20150610000000,43.649,7.209,2,0,20.1,26.2,23.9,47,69,59,3,-999,0,803,2908
6088001,20150611000000,43.649,7.209,2,0,21.5,27.1,24.7,38,71,58,3.7,-999,0.2,738,2865
6088001,20150612000000,43.649,7.209,2,0,21.2,26.5,23.5,38,88,60,8,-999,9.5,64,944
6088001,20150613000000,43.649,7.209,2,0,17.3,25.2,22.8,58,83,70,5.9,-999,1,184,1653
6088001,20150614000000,43.649,7.209,2,0,15.1,24.6,21.4,60,95,78,4.2,-999,57.5,425,2214
6088001,20150615000000,43.649,7.209,2,0,18.3,24.8,21.1,59,83,75,4.6,-999,4,675,2730
6088001,20150616000000,43.649,7.209,2,0,17.4,24.1,21.3,50,81,70,3.4,-999,0,563,2425
6088001,20150617000000,43.649,7.209,2,0,17.1,24.7,22,53,73,65,3.4,-999,0,759,2843
6088001,20150618000000,43.649,7.209,2,0,20.1,25.2,22.8,55,83,71,2.6,-999,0,861,2983
6088001,20150619000000,43.649,7.209,2,0,19.2,24.8,22.5,66,84,75,2.4,-999,0,687,2584
6088001,20150620000000,43.649,7.209,2,0,20.8,25.6,23.1,61,81,69,2.9,-999,0.4,570,2260
6088001,20150621000000,43.649,7.209,2,0,20.3,25.7,23.1,49,80,64,2.5,-999,0,764,2837
6088001,20150622000000,43.649,7.209,2,0,20,25.6,22.9,60,80,71,2.8,-999,0,721,2681
6088001,20150623000000,43.649,7.209,2,0,18.9,31.6,23.9,31,84,67,7.1,-999,0,727,2935
6088001,20150624000000,43.649,7.209,2,0,19.9,26.6,23,43,83,58,3.4,-999,0,845,3017
6088001,20150625000000,43.649,7.209,2,0,19.3,25,22.6,42,63,53,2.6,-999,0,810,2938
6088001,20150626000000,43.649,7.209,2,0,20.3,27.2,23.7,36,77,54,2.3,-999,0,844,2913
6088001,20150627000000,43.649,7.209,2,0,20.3,25.1,23,57,83,69,2.1,-999,0,826,2864
6088001,20150628000000,43.649,7.209,2,0,19.4,26.3,23.7,55,82,69,2.5,-999,0,838,2936
6088001,20150629000000,43.649,7.209,2,0,22.4,26.5,24.5,54,84,71,2.1,-999,0,695,2605
6088001,20150630000000,43.649,7.209,2,0,22,27.4,25.2,50,77,64,2.3,-999,0,741,2707
6088001,20150701000000,43.649,7.209,2,0,22.8,28.5,26.1,54,80,66,1.9,-999,0,800,2789
6088001,20150702000000,43.649,7.209,2,0,24,28.7,26.4,54,84,68,2.5,-999,0,795,2780
6088001,20150703000000,43.649,7.209,2,0,23.9,29.2,26.5,60,85,73,2.1,-999,0,687,2671
6088001,20150704000000,43.649,7.209,2,0,25,30,27.8,47,85,69,2.8,-999,0,690,2638
6088001,20150705000000,43.649,7.209,2,0,24.4,30,27.4,51,81,67,2.4,-999,0,785,2737
6088001,20150706000000,43.649,7.209,2,0,24.2,29,27,55,80,72,2,-999,0,784,2652
6088001,20150707000000,43.649,7.209,2,0,24.3,29.5,27.1,64,79,73,2.6,-999,0,795,2756
6088001,20150708000000,43.649,7.209,2,0,23.6,28.9,26.6,54,80,71,3.8,-999,0,807,2759
6088001,20150709000000,43.649,7.209,2,0,22.9,29.5,26.8,35,74,58,3.1,-999,0,806,2837
6088001,20150710000000,43.649,7.209,2,0,25.5,30.1,27.5,41,63,51,3.1,-999,0,788,2761
6088001,20150711000000,43.649,7.209,2,0,23.3,28.4,26.3,46,80,63,2.7,-999,0,828,2821
6088001,20150712000000,43.649,7.209,2,0,23.2,28.6,26.1,55,81,71,3.5,-999,0,788,2779
6088001,20150713000000,43.649,7.209,2,0,23.4,28.7,26.3,65,81,74,2.8,-999,0,638,2556
6088001,20150714000000,43.649,7.209,2,0,25.6,28.3,26.9,61,80,71,2.7,-999,0,793,2808
6088001,20150715000000,43.649,7.209,2,0,24.1,29,26.6,61,83,72,1.9,-999,0,590,2457
6088001,20150716000000,43.649,7.209,2,0,23.8,29.6,27.1,66,80,73,2,-999,0,766,2682
6088001,20150717000000,43.649,7.209,2,0,24.1,30,27.3,51,80,69,2.7,-999,0,776,2790
6088001,20150718000000,43.649,7.209,2,0,23.7,29.9,27.5,41,72,60,3.2,-999,0,809,2753
6088001,20150719000000,43.649,7.209,2,0,24.2,31.1,27.4,44,81,63,4.2,-999,0,816,2765
6088001,20150720000000,43.649,7.209,2,0,23.9,29.9,27.5,52,78,68,2.8,-999,0,750,2647
6088001,20150721000000,43.649,7.209,2,0,25.9,30.1,28,51,79,67,2.9,-999,0,587,2376
6088001,20150722000000,43.649,7.209,2,0,24.6,30,27.8,45,80,68,3.1,-999,0,784,2749
6088001,20150723000000,43.649,7.209,2,0,25,30,27.5,46,79,63,3.3,-999,0,397,2053
6088001,20150724000000,43.649,7.209,2,0,24.5,29.9,27.4,43,76,63,3.3,-999,0,654,2495
6088001,20150725000000,43.649,7.209,2,0,24.4,37,29.1,13,78,48,5.5,-999,0,800,2744
6088001,20150726000000,43.649,7.209,2,0,22.8,28.8,25.8,29,69,54,3.2,-999,0,811,2727
6088001,20150727000000,43.649,7.209,2,0,22.2,35.9,28.9,17,83,45,7.4,-999,0,813,2861
6088001,20150728000000,43.649,7.209,2,0,22.7,28,25.4,35,82,60,2.8,-999,0,781,2717
6088001,20150729000000,43.649,7.209,2,0,21.3,35.6,27.6,24,77,55,6.1,-999,0,802,2719
6088001,20150730000000,43.649,7.209,2,0,23.4,27.8,25.9,53,81,70,3.3,-999,0,660,2717
6088001,20150731000000,43.649,7.209,2,0,22.4,28.4,26,37,82,56,3.3,-999,0,736,2658
6088001,20150801000000,43.649,7.209,2,0,24.1,28.2,25.2,45,76,63,3.2,-999,0,120,1353
6088001,20150802000000,43.649,7.209,2,0,22.1,26.1,24.4,53,75,68,3,-999,0,808,2717
6088001,20150803000000,43.649,7.209,2,0,22.9,29.5,26.1,38,71,60,3.2,-999,0,831,2721
6088001,20150804000000,43.649,7.209,2,0,24.6,29.1,26.6,42,83,65,2.9,-999,0,647,2357
6088001,20150805000000,43.649,7.209,2,0,22.9,28.1,26.2,53,83,69,2.6,-999,0,795,2607
6088001,20150806000000,43.649,7.209,2,0,24.7,31.3,28.8,40,73,57,2.6,-999,0,773,2579
6088001,20150807000000,43.649,7.209,2,0,28.1,32.5,30.2,37,66,51,2.7,-999,0,753,2481
6088001,20150808000000,43.649,7.209,2,0,27.9,33.6,29.6,34,81,58,2.8,-999,0,749,2529
6088001,20150809000000,43.649,7.209,2,0,26.4,28.8,27.3,47,80,65,3.1,-999,0,348,1603
6088001,20150810000000,43.649,7.209,2,0,23.2,25.9,24.3,55,78,67,3,-999,0.6,64,1072
6088001,20150811000000,43.649,7.209,2,0,21.6,30.2,26.5,41,76,58,3.7,-999,0,772,2494
6088001,20150812000000,43.649,7.209,2,0,24.6,33.2,28.2,26,67,48,3.6,-999,0,775,2479
6088001,20150813000000,43.649,7.209,2,0,25.7,30.8,27.8,35,78,54,2.5,-999,0.2,584,2214
6088001,20150814000000,43.649,7.209,2,0,23,28.9,25.4,41,77,64,3.1,-999,0,455,2070
6088001,20150815000000,43.649,7.209,2,0,20.4,26.2,22.7,41,69,60,3.5,-999,3,210,1351
6088001,20150816000000,43.649,7.209,2,0,17.5,25.7,21.6,54,77,65,3.6,-999,0.8,443,1844
6088001,20150817000000,43.649,7.209,2,0,18.6,26.1,22.8,50,72,61,4.2,-999,0,788,2549
6088001,20150818000000,43.649,7.209,2,0,18.8,25.9,22.3,46,69,60,3.4,-999,0,387,1766
6088001,20150819000000,43.649,7.209,2,0,18.2,25.7,22.6,45,68,59,3.1,-999,0,751,2461
6088001,20150820000000,43.649,7.209,2,0,20.1,26.7,23.6,42,71,60,3,-999,0,789,2416
6088001,20150821000000,43.649,7.209,2,0,21.2,26.3,24,48,65,58,2.2,-999,0,754,2398
6088001,20150822000000,43.649,7.209,2,0,22.2,26.9,24.4,47,65,55,3.1,-999,0.4,697,2282
6088001,20150823000000,43.649,7.209,2,0,18.9,25,22.1,56,83,68,5,-999,12.1,60,970
6088001,20150824000000,43.649,7.209,2,0,19.8,25.5,22.5,64,87,75,4.2,-999,10,252,1427
6088001,20150825000000,43.649,7.209,2,0,18.2,26.7,22.9,46,84,66,4.1,-999,0,778,2459
6088001,20150826000000,43.649,7.209,2,0,19.4,25.4,23,51,75,65,3.1,-999,0,771,2379
6088001,20150827000000,43.649,7.209,2,0,21.2,26.5,23.6,49,70,61,2.6,-999,0,760,2384
6088001,20150828000000,43.649,7.209,2,0,20.6,26.5,23.9,46,67,58,2.4,-999,0,774,2369
6088001,20150829000000,43.649,7.209,2,0,22.2,29.8,26,35,55,48,2.6,-999,0,772,2356
6088001,20150830000000,43.649,7.209,2,0,22.3,28.3,25.4,37,72,58,2.5,-999,0,759,2314
6088001,20150831000000,43.649,7.209,2,0,21.9,26.9,24.6,46,79,67,2.3,-999,0,739,2250
6088001,20150901000000,43.649,7.209,2,0,22.1,29.8,24.9,37,77,64,3.1,-999,0,388,1618
6088001,20150902000000,43.649,7.209,2,0,20.6,27.2,24,46,73,63,3.9,-999,0,686,2225
6088001,20150903000000,43.649,7.209,2,0,19.5,26.7,23,46,67,58,3.7,-999,0,450,1508
6088001,20150904000000,43.649,7.209,2,0,19.1,25.9,22.8,38,66,52,3,-999,0,338,1341
6088001,20150905000000,43.649,7.209,2,0,19.3,30.4,23.6,15,65,47,5.8,-999,0,751,2301
6088001,20150906000000,43.649,7.209,2,0,17.8,25.4,21.3,33,65,49,3.7,-999,0,740,2224
6088001,20150907000000,43.649,7.209,2,0,18.1,24.8,21.6,39,54,47,2.9,-999,0,743,2193
6088001,20150908000000,43.649,7.209,2,0,18.8,25.1,22.4,41,55,48,4.4,-999,0,535,1889
6088001,20150909000000,43.649,7.209,2,0,19.4,25.6,22,39,71,52,3.2,-999,0.4,564,1929
6088001,20150910000000,43.649,7.209,2,0,19.3,24.9,21.9,47,67,59,3.1,-999,0,428,1733
6088001,20150911000000,43.649,7.209,2,0,17.3,24.3,20.9,49,67,62,3.1,-999,0,699,2142
6088001,20150912000000,43.649,7.209,2,0,17.9,25.6,22.2,43,72,62,5.7,-999,51.6,420,1854
6088001,20150913000000,43.649,7.209,2,0,16.5,21.9,20.7,61,92,78,5.1,-999,19.1,34,660
6088001,20150914000000,43.649,7.209,2,0,19.2,25.3,22.4,47,85,72,3.8,-999,0,565,1842
6088001,20150915000000,43.649,7.209,2,0,17.4,24.7,20.9,40,71,62,2.9,-999,2,192,1255
6088001,20150916000000,43.649,7.209,2,0,18.6,24.6,22.3,62,89,77,3.4,-999,2.2,168,1013
6088001,20150917000000,43.649,7.209,2,0,20.2,25.2,22.6,71,87,80,3.1,-999,0,206,1115
6088001,20150918000000,43.649,7.209,2,0,16.5,26.8,22,40,83,60,3.8,-999,0,679,2008
6088001,20150919000000,43.649,7.209,2,0,17.2,23.6,20.8,44,70,58,3.7,-999,0,670,1951
6088001,20150920000000,43.649,7.209,2,0,16.9,25.2,21,38,65,54,4.2,-999,0,715,1988
6088001,20150921000000,43.649,7.209,2,0,17.2,24.1,20.2,40,78,62,3.3,-999,0,713,1977
6088001,20150922000000,43.649,7.209,2,0,15.8,23.6,19.9,45,74,59,4.7,-999,0,560,1580
6088001,20150923000000,43.649,7.209,2,0,18,24.8,19.5,28,64,53,7,-999,0,527,1817
6088001,20150924000000,43.649,7.209,2,0,14.1,23.4,18.9,27,62,48,5.1,-999,0,706,1899
6088001,20150925000000,43.649,7.209,2,0,16.3,24.4,20.2,29,64,51,3.8,-999,0,687,1792
6088001,20150926000000,43.649,7.209,2,0,16.5,23.1,20.2,46,74,61,3,-999,0,640,1776
6088001,20150927000000,43.649,7.209,2,0,17.9,23.5,20.7,50,71,62,2.7,-999,0,554,1676
6088001,20150928000000,43.649,7.209,2,0,16.9,23.3,20.2,43,71,58,4.8,-999,1.4,370,1275
6088001,20150929000000,43.649,7.209,2,0,16.6,21.9,19.1,29,68,43,5.4,-999,0,34,630
6088001,20150930000000,43.649,7.209,2,0,12.9,22.1,18.5,35,53,46,9.7,-999,0,639,1653
6088001,20151001000000,43.649,7.209,2,0,12.9,21,16.5,31,81,54,4.8,-999,27.8,30,766
6088001,20151002000000,43.649,7.209,2,0,12.9,14.4,13.8,77,90,84,4,-999,63,0,56
6088001,20151003000000,43.649,7.209,2,0,13.1,19.4,16.5,62,94,80,4.7,-999,111.7,76,621
6088001,20151004000000,43.649,7.209,2,0,14.6,22,18.4,52,90,74,3.8,-999,0,575,1601
6088001,20151005000000,43.649,7.209,2,0,16.2,21.6,19.2,56,83,72,2.7,-999,0,248,1150
6088001,20151006000000,43.649,7.209,2,0,19,22.4,20.2,68,81,75,2.9,-999,0,160,1002
6088001,20151007000000,43.649,7.209,2,0,16.2,22,19.1,56,84,69,2.5,-999,0,652,1608
6088001,20151008000000,43.649,7.209,2,0,15.3,22.3,18.6,56,80,70,2.8,-999,0,531,1437
6088001,20151009000000,43.649,7.209,2,0,15.8,22.1,18.6,55,73,67,4.9,-999,0,73,835
6088001,20151010000000,43.649,7.209,2,0,15.5,22.4,18.6,47,76,65,4.5,-999,0,592,1432
6088001,20151011000000,43.649,7.209,2,0,15,21.5,18.1,46,80,67,3.2,-999,0,553,1502
6088001,20151012000000,43.649,7.209,2,0,15.2,20,16.9,63,88,79,3.3,-999,12.5,8,280
6088001,20151013000000,43.649,7.209,2,0,15.7,20.8,18,63,88,79,2.5,-999,0.8,262,987
6088001,20151014000000,43.649,7.209,2,0,14.6,19.3,16.4,60,89,76,2.7,-999,0,543,1303
6088001,20151015000000,43.649,7.209,2,0,12.7,17.6,14.1,39,82,62,3.9,-999,0,546,1350
6088001,20151016000000,43.649,7.209,2,0,9,17.2,13.3,43,75,59,3.5,-999,0,492,1395
6088001,20151017000000,43.649,7.209,2,0,10.5,18.2,14.5,50,75,64,3.4,-999,0,579,1430
6088001,20151018000000,43.649,7.209,2,0,13.3,15.2,14.5,67,85,80,2.7,-999,1.4,0,190
6088001,20151019000000,43.649,7.209,2,0,14.4,19.9,16.5,58,84,74,3.1,-999,0,300,1090
6088001,20151020000000,43.649,7.209,2,0,12.8,19.9,16,52,78,67,3.7,-999,0,555,1206
6088001,20151021000000,43.649,7.209,2,0,12.8,19.5,15.7,53,77,66,4.1,-999,0,511,1219
6088001,20151022000000,43.649,7.209,2,0,11.7,19.3,15.4,53,76,67,4.4,-999,0,596,1264
6088001,20151023000000,43.649,7.209,2,0,12.6,19.9,16,51,82,70,3.3,-999,0,593,1242
6088001,20151024000000,43.649,7.209,2,0,12.7,20,16.1,47,81,68,3.8,-999,0,455,1111
6088001,20151025000000,43.649,7.209,2,0,13.7,20.1,16.3,58,79,71,2.6,-999,0,257,974
6088001,20151026000000,43.649,7.209,2,0,14,20.1,16.7,56,79,70,5.5,-999,0,279,948
6088001,20151027000000,43.649,7.209,2,0,14.6,19.6,16.4,43,87,66,4.9,-999,7.4,0,293
6088001,20151028000000,43.649,7.209,2,0,13.8,18,15.5,69,88,81,4.9,-999,10.7,0,195
6088001,20151029000000,43.649,7.209,2,0,11.8,18.9,14.9,56,83,73,3.4,-999,0,515,1196
6088001,20151030000000,43.649,7.209,2,0,12.7,20.7,16.3,50,78,68,4,-999,0,603,1198
6088001,20151031000000,43.649,7.209,2,0,13,22.8,16.6,36,72,60,5.6,-999,0,595,1194
6088001,20151101000000,43.649,7.209,2,0,10.9,21.1,15.9,39,69,52,6.3,-999,0,588,1173
6088001,20151102000000,43.649,7.209,2,0,9.9,19.1,14.4,42,68,59,6.3,-999,0,554,1124
6088001,20151103000000,43.649,7.209,2,0,11.9,17.7,13.6,44,87,72,4.1,-999,4,0,133
6088001,20151104000000,43.649,7.209,2,0,12.8,20,15.7,51,83,72,2.7,-999,0,378,951
6088001,20151105000000,43.649,7.209,2,0,12.6,18.4,15.4,57,87,77,3,-999,0,569,1082
6088001,20151106000000,43.649,7.209,2,0,12.3,19.3,15,60,84,76,2.9,-999,0.2,411,1005
6088001,20151107000000,43.649,7.209,2,0,12.7,19.8,15.6,48,85,71,3.1,-999,0,541,1085
6088001,20151108000000,43.649,7.209,2,0,12.5,18.5,15.1,49,86,73,3.1,-999,0,542,1055
6088001,20151109000000,43.649,7.209,2,0,10.8,18.4,14.4,59,80,73,3.5,-999,0,537,1016
6088001,20151110000000,43.649,7.209,2,0,11.2,19.3,15.1,51,81,71,3.7,-999,0,538,1020
6088001,20151111000000,43.649,7.209,2,0,13.3,18,15.6,62,77,71,3.2,-999,0,0,294
6088001,20151112000000,43.649,7.209,2,0,13.8,19.8,15.7,52,80,69,2.8,-999,0,490,847
6088001,20151113000000,43.649,7.209,2,0,11.2,19.3,14.4,49,88,74,3.4,-999,0.2,488,920
6088001,20151114000000,43.649,7.209,2,0,12.3,18.9,14.8,58,84,74,3.3,-999,0,347,797
6088001,20151115000000,43.649,7.209,2,0,11.1,19.6,14.3,48,82,70,3.7,-999,0,487,949
6088001,20151116000000,43.649,7.209,2,0,10.9,17.5,14.6,48,82,70,3,-999,0,515,922
6088001,20151117000000,43.649,7.209,2,0,11.7,19.3,13.9,52,80,69,4.1,-999,0,246,655
6088001,20151118000000,43.649,7.209,2,0,12.3,19.9,14.7,52,81,70,3.4,-999,0,465,862
6088001,20151119000000,43.649,7.209,2,0,12.8,18.9,14.6,55,80,70,3.8,-999,0,255,593
6088001,20151120000000,43.649,7.209,2,0,10.3,20.7,15.3,43,79,66,6.1,-999,0,445,797
6088001,20151121000000,43.649,7.209,2,0,12.4,18.2,14.7,16,65,44,7.7,-999,5.2,184,443
6088001,20151122000000,43.649,7.209,2,0,6.1,14.6,10.1,24,70,46,5.3,-999,0.6,542,934
6088001,20151123000000,43.649,7.209,2,0,7.2,12,9.3,34,68,50,4.7,-999,0,5,332
6088001,20151124000000,43.649,7.209,2,0,5.1,14.3,8.8,26,63,47,4.2,-999,0,544,906
6088001,20151125000000,43.649,7.209,2,0,6.2,13.5,9.2,42,71,57,3.8,-999,0,191,573
6088001,20151126000000,43.649,7.209,2,0,5.3,15.2,9.1,31,69,48,4.9,-999,0,532,886
6088001,20151127000000,43.649,7.209,2,0,6.5,16.1,9.7,22,55,37,4.5,-999,0,529,875
6088001,20151128000000,43.649,7.209,2,0,5.2,15.3,8.8,35,62,48,5,-999,0,414,708
6088001,20151129000000,43.649,7.209,2,0,5.8,16.8,9.9,37,71,54,4.7,-999,0,342,723
6088001,20151130000000,43.649,7.209,2,0,7.5,17,10.5,38,76,59,4.1,-999,0,438,758
6088001,20151201000000,43.649,7.209,2,0,7.1,17.3,10.7,46,74,62,4.7,-999,0,508,812
6088001,20151202000000,43.649,7.209,2,0,7,17.2,11.1,42,70,57,4.5,-999,0,370,705
6088001,20151203000000,43.649,7.209,2,0,7.8,15,11.1,52,69,61,4.6,-999,0,0,199
6088001,20151204000000,43.649,7.209,2,0,8.7,15.3,11.7,50,68,62,3.3,-999,0,439,751
6088001,20151205000000,43.649,7.209,2,0,10.3,13.4,11.1,60,91,79,3.9,-999,20.6,0,39
6088001,20151206000000,43.649,7.209,2,0,10.7,15.1,12.7,72,83,79,2.9,-999,0.2,0,206
6088001,20151207000000,43.649,7.209,2,0,10.8,15.6,12.1,63,87,79,4.6,-999,5.8,0,156
6088001,20151208000000,43.649,7.209,2,0,10.1,17.3,12,48,81,72,3.9,-999,0,432,712
6088001,20151209000000,43.649,7.209,2,0,9.2,17.2,12,52,81,70,4.3,-999,0,461,728
6088001,20151210000000,43.649,7.209,2,0,8.6,17.6,11.2,38,69,59,4.8,-999,0,518,772
6088001,20151211000000,43.649,7.209,2,0,6.9,15.4,9.3,38,65,56,4.9,-999,0,488,757
6088001,20151212000000,43.649,7.209,2,0,4.7,14.4,8.4,40,79,61,4.9,-999,0,468,714
6088001,20151213000000,43.649,7.209,2,0,6.5,15,10,45,71,63,4.5,-999,0,281,634
6088001,20151214000000,43.649,7.209,2,0,9.6,16.5,11.6,50,70,62,3.9,-999,0,80,401
6088001,20151215000000,43.649,7.209,2,0,8,15.7,10.9,50,73,65,4.5,-999,0,317,592
6088001,20151216000000,43.649,7.209,2,0,8.6,16.2,11.7,53,73,67,4.2,-999,0,180,471
6088001,20151217000000,43.649,7.209,2,0,8.9,16.8,11.7,55,84,71,4,-999,0,150,453
6088001,20151218000000,43.649,7.209,2,0,11,14,12.1,60,72,66,4,-999,0,0,157
6088001,20151219000000,43.649,7.209,2,0,9.9,14.2,11.8,60,71,65,4.5,-999,0,0,216
6088001,20151220000000,43.649,7.209,2,0,10.6,17.4,12.7,52,81,67,3.2,-999,0,473,711
6088001,20151221000000,43.649,7.209,2,0,10.1,16.4,12.4,59,83,73,4.4,-999,0,280,538
6088001,20151222000000,43.649,7.209,2,0,9,15.6,11.5,50,78,71,4.6,-999,0,338,535
6088001,20151223000000,43.649,7.209,2,0,8.6,16.5,12,49,85,68,5.1,-999,0,239,545
6088001,20151224000000,43.649,7.209,2,0,10.3,16,12.1,63,84,73,3.1,-999,0,151,364
6088001,20151225000000,43.649,7.209,2,0,8.6,15.2,11,54,73,66,4.3,-999,0,77,374
6088001,20151226000000,43.649,7.209,2,0,9.3,16.4,11.1,46,74,65,3.9,-999,0,490,675
6088001,20151227000000,43.649,7.209,2,0,6.9,15.3,9.7,46,79,65,4.4,-999,0,493,701
6088001,20151228000000,43.649,7.209,2,0,6.5,14.7,10.3,42,73,64,4.7,-999,0,458,702
6088001,20151229000000,43.649,7.209,2,0,5.6,14.4,9.1,44,72,63,4.8,-999,0,71,390
6088001,20151230000000,43.649,7.209,2,0,7.5,16.6,10.1,40,66,58,5.4,-999,0,398,734
6088001,20151231000000,43.649,7.209,2,0,7.3,11.8,9.3,58,71,65,3.7,-999,0,0,201
6088001,20160101000000,43.649,7.209,2,0,9.4,12.1,10.3,61,89,71,2.6,-999,4.6,0,175
6088001,20160102000000,43.649,7.209,2,0,8.8,12.8,10,81,89,87,2.5,-999,6.6,0,111
6088001,20160103000000,43.649,7.209,2,0,6.1,13.5,9.3,50,86,70,3.4,-999,0,242,610
6088001,20160104000000,43.649,7.209,2,0,8.3,15,11.3,46,74,61,5.7,-999,0,149,474
6088001,20160105000000,43.649,7.209,2,0,7.5,14.2,10.2,46,82,69,4,-999,0,179,485
6088001,20160106000000,43.649,7.209,2,0,5.6,12.8,8.3,47,77,63,3.6,-999,0,354,637
6088001,20160107000000,43.649,7.209,2,0,6,15.7,10.7,47,74,60,5.8,-999,0,293,641
6088001,20160108000000,43.649,7.209,2,0,8.1,15.1,11.7,53,83,72,4.9,-999,0,211,545
6088001,20160109000000,43.649,7.209,2,0,9.2,12.4,11.2,75,86,79,3.2,-999,0.4,0,136
6088001,20160110000000,43.649,7.209,2,0,8.5,15.5,11.8,51,83,75,4.6,-999,0,331,692
6088001,20160111000000,43.649,7.209,2,0,10.3,16.8,12.7,34,86,62,6.9,-999,0,27,293
6088001,20160112000000,43.649,7.209,2,0,10.3,16.5,12.6,26,58,44,8,-999,0,531,820
6088001,20160113000000,43.649,7.209,2,0,8,15.5,10.6,16,56,33,4.3,-999,0,539,842
6088001,20160114000000,43.649,7.209,2,0,5.8,8.2,7.1,32,81,64,4.1,-999,6.8,0,106
6088001,20160115000000,43.649,7.209,2,0,3.5,13.2,7.4,15,82,49,4.3,-999,0,391,653
6088001,20160116000000,43.649,7.209,2,0,2.5,12.1,6.6,16,45,33,4.2,-999,0,535,908
6088001,20160117000000,43.649,7.209,2,0,2.7,11.2,5.9,22,55,36,4.1,-999,0,544,899
6088001,20160118000000,43.649,7.209,2,0,2.9,8.2,5.4,38,57,45,5.5,-999,0,0,98
6088001,20160119000000,43.649,7.209,2,0,3.7,9.3,6.2,43,62,53,3.7,-999,0,13,344
6088001,20160120000000,43.649,7.209,2,0,4,9.2,6.7,52,69,60,3.9,-999,0,0,214
6088001,20160121000000,43.649,7.209,2,0,6.4,12.7,9.1,48,71,62,3.7,-999,0,263,667
6088001,20160122000000,43.649,7.209,2,0,6.3,12.5,9.3,46,67,60,3,-999,0,295,753
6088001,20160123000000,43.649,7.209,2,0,7.5,12.1,9,57,79,67,3.9,-999,0,49,399
6088001,20160124000000,43.649,7.209,2,0,5.7,13.4,9.2,44,82,67,3.8,-999,0,482,883
6088001,20160125000000,43.649,7.209,2,0,5.6,14.1,9.6,51,79,68,4.4,-999,0,317,764
6088001,20160126000000,43.649,7.209,2,0,6.9,14.1,10.3,54,76,68,4,-999,0,362,836
6088001,20160127000000,43.649,7.209,2,0,7.6,15.4,11,60,85,74,4.1,-999,0,260,776
6088001,20160128000000,43.649,7.209,2,0,7.5,15.5,11.4,57,87,76,4.2,-999,0,483,925
6088001,20160129000000,43.649,7.209,2,0,8.3,15,11.1,59,87,77,3.4,-999,0,78,555
6088001,20160130000000,43.649,7.209,2,0,8.7,17,12.4,48,78,62,7.1,-999,0,412,838
6088001,20160131000000,43.649,7.209,2,0,10.2,16.2,12.3,54,85,70,6.1,-999,0,282,732
6088001,20160201000000,43.649,7.209,2,0,8,16.1,12.4,65,88,82,3.3,-999,0,429,970
6088001,20160202000000,43.649,7.209,2,0,11.6,14.4,12.9,71,87,79,1.9,-999,0,4,254
6088001,20160203000000,43.649,7.209,2,0,10.4,19.7,13.3,12,86,50,5.3,-999,0,351,809
6088001,20160204000000,43.649,7.209,2,0,4.8,15.1,10.6,13,59,36,3.6,-999,0,586,1124
6088001,20160205000000,43.649,7.209,2,0,6.6,14.5,10.6,38,82,62,3,-999,0,573,1093
6088001,20160206000000,43.649,7.209,2,0,7.7,13.4,11.4,56,79,71,5.6,-999,2.4,0,172
6088001,20160207000000,43.649,7.209,2,0,10.3,12.6,11.4,69,86,78,7.3,-999,24.2,0,46
6088001,20160208000000,43.649,7.209,2,0,8.2,15,12.3,54,73,64,5.5,-999,0,372,936
6088001,20160209000000,43.649,7.209,2,0,8.1,14.2,12.1,33,89,73,5.2,-999,5.6,66,225
6088001,20160210000000,43.649,7.209,2,0,7.5,12.9,9.8,32,64,48,10.5,-999,0,451,1152
6088001,20160211000000,43.649,7.209,2,0,5.1,13.1,8.9,25,70,43,3.2,-999,0,518,1158
6088001,20160212000000,43.649,7.209,2,0,4.6,8.7,5.7,58,86,73,4.3,-999,11.3,12,202
6088001,20160213000000,43.649,7.209,2,0,4.4,14.6,10.3,57,79,68,6.1,-999,4.4,424,873
6088001,20160214000000,43.649,7.209,2,0,8.7,15.3,11.2,61,84,74,3.9,-999,0,345,884
6088001,20160215000000,43.649,7.209,2,0,6.2,14.8,10.1,40,79,61,4,-999,0,569,1218
6088001,20160216000000,43.649,7.209,2,0,8.2,14.4,10.6,45,75,58,4,-999,0,21,588
6088001,20160217000000,43.649,7.209,2,0,8.2,12.8,9.9,60,84,68,3,-999,0.2,31,570
6088001,20160218000000,43.649,7.209,2,0,5.9,12.3,8.9,45,87,70,3.4,-999,0,323,914
6088001,20160219000000,43.649,7.209,2,0,4.3,13.6,9,33,74,52,4,-999,0,624,1386
6088001,20160220000000,43.649,7.209,2,0,5.6,14.6,9.8,23,59,42,3.8,-999,0,624,1336
6088001,20160221000000,43.649,7.209,2,0,6.1,14.9,10.6,48,82,66,3.2,-999,0,587,1385
6088001,20160222000000,43.649,7.209,2,0,8.3,13.6,11,73,86,79,3,-999,0.8,0,199
6088001,20160223000000,43.649,7.209,2,0,8.6,14.7,11.4,71,87,80,3,-999,0,455,1238
6088001,20160224000000,43.649,7.209,2,0,7.5,15.3,12,58,89,73,2.2,-999,0,334,1203
6088001,20160225000000,43.649,7.209,2,0,10.6,-999,-999,65,84,75,3.2,-999,0,-999,-999
6088001,20160226000000,43.649,7.209,2,0,8.2,14,10.7,55,81,69,3.9,-999,4.4,218,920
6088001,20160227000000,43.649,7.209,2,0,8.1,12.2,9.8,61,85,72,7.7,-999,19.1,0,181
6088001,20160228000000,43.649,7.209,2,0,5.8,13.2,9.6,51,85,71,5,-999,5.4,1,308
6088001,20160229000000,43.649,7.209,2,0,9,15,11.9,54,79,69,4,-999,0,223,909
6088001,20160301000000,43.649,7.209,2,0,8,15.5,12,46,79,69,3.3,-999,0,609,1571
6088001,20160302000000,43.649,7.209,2,0,8.7,15.5,12.6,20,74,55,4.5,-999,0.4,568,1510
6088001,20160303000000,43.649,7.209,2,0,9.4,17.4,12.4,16,55,31,7.9,-999,0,528,1537
6088001,20160304000000,43.649,7.209,2,0,6,15.1,11,25,90,53,4.8,-999,6.3,385,1272
6088001,20160305000000,43.649,7.209,2,0,9.9,15.8,12.6,37,88,67,9.1,-999,9.4,393,1292
6088001,20160306000000,43.649,7.209,2,0,5,12,9.1,43,74,58,3.5,-999,0,653,1691
6088001,20160307000000,43.649,7.209,2,0,5.9,12.8,9.2,31,61,50,3.1,-999,0,654,1762
6088001,20160308000000,43.649,7.209,2,0,4.7,12.9,7.9,26,77,50,4.1,-999,2.8,255,1056
6088001,20160309000000,43.649,7.209,2,0,4.2,13,8.5,22,66,48,4,-999,0,451,1606
6088001,20160310000000,43.649,7.209,2,0,5.7,15.8,10.2,33,70,54,3.8,-999,0,384,1384
6088001,20160311000000,43.649,7.209,2,0,7.8,15.6,11.3,35,71,56,4.5,-999,0,105,920
6088001,20160312000000,43.649,7.209,2,0,8.6,15.8,12.1,40,68,58,4.1,-999,0,628,1741
6088001,20160313000000,43.649,7.209,2,0,9,16.7,12.5,36,64,53,4.7,-999,0,408,1516
6088001,20160314000000,43.649,7.209,2,0,8.9,15.9,12.2,38,61,52,5.4,-999,0,394,1447
6088001,20160315000000,43.649,7.209,2,0,6.9,14.6,11.7,38,78,61,6.7,-999,0,657,1805
6088001,20160316000000,43.649,7.209,2,0,7.7,11.3,9.3,57,85,73,10,-999,4.2,5,260
6088001,20160317000000,43.649,7.209,2,0,7.4,15.9,11.7,36,78,55,6.3,-999,0,239,1296
6088001,20160318000000,43.649,7.209,2,0,7.5,15.3,11.4,35,74,58,4.4,-999,0,697,1940
6088001,20160319000000,43.649,7.209,2,0,8,14.8,11.6,49,86,71,3.6,-999,0,694,1942
6088001,20160320000000,43.649,7.209,2,0,8.1,14.6,11.3,58,92,77,3.3,-999,0,158,1025
6088001,20160321000000,43.649,7.209,2,0,9.3,16.1,12.7,48,87,74,3.7,-999,0,568,1863
6088001,20160322000000,43.649,7.209,2,0,10.7,20.7,14.6,29,73,55,3.2,-999,0,657,1890
6088001,20160323000000,43.649,7.209,2,0,9.7,16.3,12.5,42,78,62,4.4,-999,0,462,1501
6088001,20160324000000,43.649,7.209,2,0,8.3,15.5,12.2,47,75,63,4.2,-999,0,680,1959
6088001,20160325000000,43.649,7.209,2,0,8.6,15.6,12.4,60,85,74,3.2,-999,0,251,1241
6088001,20160326000000,43.649,7.209,2,0,8.8,15.7,12.2,53,87,74,2.6,-999,0,691,2068
6088001,20160327000000,43.649,7.209,2,0,8.4,15,11.5,54,96,74,3,-999,3.6,38,532
6088001,20160328000000,43.649,7.209,2,0,9.6,16,12.6,63,94,81,4.1,-999,0,492,1767
6088001,20160329000000,43.649,7.209,2,0,9.1,16.1,13.2,66,89,80,2.3,-999,0,589,1845
6088001,20160330000000,43.649,7.209,2,0,11.3,16.6,13.9,67,87,78,2.4,-999,0.2,434,1862
6088001,20160331000000,43.649,7.209,2,0,11.2,17.1,15.1,67,86,75,9,-999,0,141,1037
6088001,20160401000000,43.649,7.209,2,0,14.1,19.1,16,53,85,73,3.7,-999,1.6,0,396
6088001,20160402000000,43.649,7.209,2,0,15.4,20.3,17.4,48,80,64,4.6,-999,0,16,820
6088001,20160403000000,43.649,7.209,2,0,14.3,17.9,15.9,56,84,75,2,-999,0,116,1127
6088001,20160404000000,43.649,7.209,2,0,13.4,16.6,15,71,92,85,2.9,-999,0.6,77,1054
6088001,20160405000000,43.649,7.209,2,0,13.1,18.2,16,55,84,73,5.7,-999,0,452,1726
6088001,20160406000000,43.649,7.209,2,0,13.9,19.8,16.9,50,83,65,2.8,-999,0,496,1904
6088001,20160407000000,43.649,7.209,2,0,14.9,19.3,16.9,48,86,65,2.7,-999,0,681,2173
6088001,20160408000000,43.649,7.209,2,0,13.5,17.9,15.4,52,82,69,5,-999,0,656,2176
6088001,20160409000000,43.649,7.209,2,0,10.9,13.7,12.3,59,80,71,4.9,-999,2.2,39,803
6088001,20160410000000,43.649,7.209,2,0,8.9,16.3,13,61,84,74,2.7,-999,0,748,2372
6088001,20160411000000,43.649,7.209,2,0,10.5,17,14.1,61,83,76,3.4,-999,0,707,2398
6088001,20160412000000,43.649,7.209,2,0,10.7,17.6,14.6,47,86,70,3.2,-999,0,642,2376
6088001,20160413000000,43.649,7.209,2,0,11.7,18,14.9,61,82,73,4.2,-999,0,665,2306
6088001,20160414000000,43.649,7.209,2,0,10.8,19,15.1,35,88,64,5,-999,0,660,2352
6088001,20160415000000,43.649,7.209,2,0,10.9,17.8,14.9,46,87,76,3.2,-999,0,722,2328
6088001,20160416000000,43.649,7.209,2,0,11.9,19.1,15.8,60,86,76,3,-999,0,744,2439
6088001,20160417000000,43.649,7.209,2,0,12.7,17.9,15.7,62,93,80,2.8,-999,1.4,282,1545
6088001,20160418000000,43.649,7.209,2,0,11.7,23.6,17,19,94,46,7.5,-999,0,776,2602
6088001,20160419000000,43.649,7.209,2,0,9.8,18.2,15.2,35,78,57,3.9,-999,0,757,2596
6088001,20160420000000,43.649,7.209,2,0,13.4,19.8,16.5,35,72,57,3.4,-999,0,738,2144
6088001,20160421000000,43.649,7.209,2,0,13.5,19.9,17,43,69,56,3.4,-999,0,98,1314
6088001,20160422000000,43.649,7.209,2,0,13.6,17.8,16,53,94,74,2.4,-999,1.6,588,2291
6088001,20160423000000,43.649,7.209,2,0,12.9,18.1,15.3,63,94,80,2.6,-999,0,330,1717
6088001,20160424000000,43.649,7.209,2,0,12.2,19.9,15.8,42,85,65,4.7,-999,0,491,2156
6088001,20160425000000,43.649,7.209,2,0,9.9,16.3,13.6,25,68,47,4.5,-999,0,805,2694
6088001,20160426000000,43.649,7.209,2,0,8.5,21.8,15.4,22,66,44,6.4,-999,0,805,2720
6088001,20160427000000,43.649,7.209,2,0,13.4,21.8,17.3,17,71,38,9.6,-999,0,795,2821
6088001,20160428000000,43.649,7.209,2,0,12,17.9,14.5,34,66,50,3.3,-999,0,578,2371
6088001,20160429000000,43.649,7.209,2,0,10.8,18,14.7,49,69,61,2.7,-999,0,778,2671
6088001,20160430000000,43.649,7.209,2,0,11.8,18.2,14.9,45,68,57,3.6,-999,0,376,1962
6088001,20160501000000,43.649,7.209,2,0,10.2,16.9,13.9,41,69,58,5.9,-999,0,458,2055
6088001,20160502000000,43.649,7.209,2,0,11.9,18.9,15.3,32,76,57,3.9,-999,0,387,1538
6088001,20160503000000,43.649,7.209,2,0,13.6,19.2,16.5,37,83,60,2.7,-999,0,804,2605
6088001,20160504000000,43.649,7.209,2,0,13.9,20.5,16.9,27,69,52,3.6,-999,0,821,2772
6088001,20160505000000,43.649,7.209,2,0,13.4,20,17,41,72,55,4.7,-999,0,652,2556
6088001,20160506000000,43.649,7.209,2,0,12.3,20.9,17.1,33,61,50,3.6,-999,0,779,2689
6088001,20160507000000,43.649,7.209,2,0,13.4,20.6,17.7,38,69,57,5.5,-999,0,648,2433
6088001,20160508000000,43.649,7.209,2,0,14.6,20.5,17.2,45,90,68,4.5,-999,6.6,31,1241
6088001,20160509000000,43.649,7.209,2,0,14.1,21,17.6,43,92,69,6.7,-999,1.4,125,1286
6088001,20160510000000,43.649,7.209,2,0,16.2,19.9,18.5,61,84,74,7.2,-999,11.3,439,2170
6088001,20160511000000,43.649,7.209,2,0,15.9,18.7,16.7,61,94,89,4.9,-999,0.4,58,1047
6088001,20160512000000,43.649,7.209,2,0,13,22.6,17.8,42,91,62,8.1,-999,0,648,2754
6088001,20160513000000,43.649,7.209,2,0,15,18.4,16.9,50,90,75,4.2,-999,0,84,1441
6088001,20160514000000,43.649,7.209,2,0,13.3,19.7,16.7,70,90,83,3,-999,0.8,545,2110
6088001,20160515000000,43.649,7.209,2,0,14.2,20.6,17.6,57,87,74,3.1,-999,0,791,2837
6088001,20160516000000,43.649,7.209,2,0,14.2,19.3,16.9,60,84,70,2.8,-999,0,772,2850
6088001,20160517000000,43.649,7.209,2,0,13,19.7,16.9,58,75,68,3,-999,0,791,2840
6088001,20160518000000,43.649,7.209,2,0,13.7,19.1,17,59,82,71,3.2,-999,0,729,2690
6088001,20160519000000,43.649,7.209,2,0,13.8,26,18.1,18,84,55,5.1,-999,0,776,2770
6088001,20160520000000,43.649,7.209,2,0,13.8,21.5,18.2,29,81,53,3.5,-999,0,862,2950
6088001,20160521000000,43.649,7.209,2,0,16.5,20.3,18.5,38,88,69,3,-999,0,845,2946
6088001,20160522000000,43.649,7.209,2,0,14.5,20.2,18,65,85,76,1.9,-999,0,638,2696
6088001,20160523000000,43.649,7.209,2,0,14.7,24.1,18.6,19,78,47,6.4,-999,0,851,3038
6088001,20160524000000,43.649,7.209,2,0,13.4,21.6,17.7,25,76,55,4.5,-999,0,802,2911
6088001,20160525000000,43.649,7.209,2,0,13.2,19.6,17.1,49,82,68,2.3,-999,0,588,2586
6088001,20160526000000,43.649,7.209,2,0,15.4,20.9,18.2,55,80,70,3.7,-999,0,597,2308
6088001,20160527000000,43.649,7.209,2,0,16.6,22.9,20.5,30,77,53,3,-999,0,688,2572
6088001,20160528000000,43.649,7.209,2,0,17,23.1,19.8,41,89,65,3.1,-999,0.8,748,2699
6088001,20160529000000,43.649,7.209,2,0,15.1,23.3,18.5,53,96,80,4.5,-999,13,295,1299
6088001,20160530000000,43.649,7.209,2,0,14.7,26.8,21.1,32,79,54,8.5,-999,0,872,3032
6088001,20160531000000,43.649,7.209,2,0,15.2,22.9,18.9,50,82,67,4.6,-999,0,745,2868
6088001,20160601000000,43.649,7.209,2,0,15.5,20.2,17.8,58,75,70,2.7,-999,0,327,2254
6088001,20160602000000,43.649,7.209,2,0,15.1,19.9,17.9,68,88,77,3.6,-999,0.6,345,2156
6088001,20160603000000,43.649,7.209,2,0,16.7,20.7,18.7,72,88,82,2.1,-999,0,389,2215
6088001,20160604000000,43.649,7.209,2,0,17.8,20.2,18.6,75,91,84,1.8,-999,1.8,130,1286
6088001,20160605000000,43.649,7.209,2,0,15.7,21.9,18.6,72,91,85,2.2,-999,0.8,179,1502
6088001,20160606000000,43.649,7.209,2,0,15.9,22.5,19.8,69,91,81,2,-999,0,681,2820
6088001,20160607000000,43.649,7.209,2,0,18.6,23.8,21.3,60,88,75,2.5,-999,0,470,2051
6088001,20160608000000,43.649,7.209,2,0,19.4,22.7,20.9,57,91,80,3.5,-999,1.4,734,2557
6088001,20160609000000,43.649,7.209,2,0,19.1,24,20.4,62,89,81,2.8,-999,9.7,462,2223
6088001,20160610000000,43.649,7.209,2,0,16.9,23.7,20.8,49,85,71,3.3,-999,0,666,2676
6088001,20160611000000,43.649,7.209,2,0,18.2,23.1,21.1,60,88,79,4.4,-999,0,549,2269
6088001,20160612000000,43.649,7.209,2,0,18.6,23.2,21.1,56,88,77,2.7,-999,0,717,2720
6088001,20160613000000,43.649,7.209,2,0,18.4,23.2,21,65,87,76,2.8,-999,0,685,2783
6088001,20160614000000,43.649,7.209,2,0,19.9,24.2,22.1,31,86,67,4.6,-999,0,722,2877
6088001,20160615000000,43.649,7.209,2,0,17.5,22.4,19.3,43,90,71,4,-999,6.6,160,788
6088001,20160616000000,43.649,7.209,2,0,18,22.2,19.7,67,92,81,3.2,-999,0.6,119,1126
6088001,20160617000000,43.649,7.209,2,0,14.8,22,18.7,56,81,69,7.6,-999,0,883,3111
6088001,20160618000000,43.649,7.209,2,0,14.8,22,18.8,51,85,72,3.2,-999,0.4,473,2316
6088001,20160619000000,43.649,7.209,2,0,16.6,21.2,18.9,58,87,73,2.8,-999,0.4,331,1855
6088001,20160620000000,43.649,7.209,2,0,17.6,24.6,20.4,39,81,64,2.8,-999,0,811,2979
6088001,20160621000000,43.649,7.209,2,0,18.5,23.5,20.9,60,87,78,1.9,-999,0,638,2732
6088001,20160622000000,43.649,7.209,2,0,17.6,25.6,22.7,48,85,66,2.1,-999,0,872,2957
6088001,20160623000000,43.649,7.209,2,0,22.4,28,25.8,50,73,60,2.6,-999,0,873,2947
6088001,20160624000000,43.649,7.209,2,0,24.6,28.4,25.3,48,86,66,2,-999,0,852,2942
6088001,20160625000000,43.649,7.209,2,0,20.6,25.7,23.4,56,90,81,3.5,-999,0,844,2896
6088001,20160626000000,43.649,7.209,2,0,20.8,25.4,23.3,66,89,79,2.7,-999,0,841,2972
6088001,20160627000000,43.649,7.209,2,0,19.5,25,23,58,86,72,3.6,-999,0,767,2914
6088001,20160628000000,43.649,7.209,2,0,20.5,25,23.3,59,84,74,2.4,-999,0,819,2945
6088001,20160629000000,43.649,7.209,2,0,20.1,24.8,22.7,67,86,76,2.2,-999,0,638,2548
6088001,20160630000000,43.649,7.209,2,0,20.1,25,22.8,69,84,76,2.3,-999,0,416,2142
6088001,20160701000000,43.649,7.209,2,0,20.5,26,23.5,70,85,77,2.2,-999,0,446,2495
6088001,20160702000000,43.649,7.209,2,0,20.6,26.1,23.8,69,88,78,2.5,-999,0,744,2570
6088001,20160703000000,43.649,7.209,2,0,20.8,26.5,24.4,58,89,76,3.5,-999,0,807,2920
6088001,20160704000000,43.649,7.209,2,0,21.6,26.7,24.6,62,84,73,2.3,-999,0,746,2862
6088001,20160705000000,43.649,7.209,2,0,23.2,29.4,25.9,48,76,66,3.3,-999,0,666,2627
6088001,20160706000000,43.649,7.209,2,0,22.2,27.6,25.5,44,85,69,2.6,-999,0,854,2915
6088001,20160707000000,43.649,7.209,2,0,22.7,26.9,25.3,62,81,74,2.2,-999,0,806,2927
6088001,20160708000000,43.649,7.209,2,0,23.4,27.1,25.4,61,85,75,3.3,-999,0,490,2462
6088001,20160709000000,43.649,7.209,2,0,22.5,27.3,25.2,68,86,77,3,-999,0,705,2753
6088001,20160710000000,43.649,7.209,2,0,23,27.5,25.6,70,87,79,2.2,-999,0,838,2855
6088001,20160711000000,43.649,7.209,2,0,23.8,27.7,25.9,67,82,75,2.1,-999,0,804,2840
6088001,20160712000000,43.649,7.209,2,0,23.3,27.9,25.7,65,84,76,2.3,-999,0,616,2272
6088001,20160713000000,43.649,7.209,2,0,21.3,33.2,26.4,11,85,39,6.9,-999,0,866,3118
6088001,20160714000000,43.649,7.209,2,0,19.9,26.7,22.2,22,74,46,4.8,-999,0,527,2341
6088001,20160715000000,43.649,7.209,2,0,17.9,24.6,21.6,27,64,47,4.2,-999,0,858,2987
6088001,20160716000000,43.649,7.209,2,0,19,26.7,22.3,24,70,51,2.9,-999,0,868,2962
6088001,20160717000000,43.649,7.209,2,0,18.9,24.5,22.2,45,75,64,2.6,-999,0,864,2903
6088001,20160718000000,43.649,7.209,2,0,19.4,24.6,22.6,55,75,68,2.9,-999,0,848,2855
6088001,20160719000000,43.649,7.209,2,0,19.7,25.6,23.1,57,75,69,2.3,-999,0,807,2782
6088001,20160720000000,43.649,7.209,2,0,20.2,26.1,24,49,79,67,3,-999,0,819,2872
6088001,20160721000000,43.649,7.209,2,0,22.8,25.9,24.1,66,85,77,3.3,-999,0,683,2646
6088001,20160722000000,43.649,7.209,2,0,21.6,26.6,24.4,61,84,74,3,-999,0.2,553,2334
6088001,20160723000000,43.649,7.209,2,0,23.2,28.2,25.7,42,73,60,7.1,-999,1.4,62,1002
6088001,20160724000000,43.649,7.209,2,0,22.3,28.9,25.4,45,79,60,3.8,-999,0,602,2302
6088001,20160725000000,43.649,7.209,2,0,22.6,29.8,25.4,36,86,66,3.3,-999,0,789,2703
6088001,20160726000000,43.649,7.209,2,0,22.9,28,25.5,57,88,74,2.1,-999,0.2,574,2253
6088001,20160727000000,43.649,7.209,2,0,23.2,27.1,25.3,53,86,74,2.4,-999,0,770,2589
6088001,20160728000000,43.649,7.209,2,0,22.2,27.2,25,54,85,71,2.5,-999,0,819,2725
6088001,20160729000000,43.649,7.209,2,0,21.8,27.2,24.9,62,82,74,2.7,-999,0,737,2669
6088001,20160730000000,43.649,7.209,2,0,22.7,27.4,25,68,84,77,2.4,-999,0,326,1943
6088001,20160731000000,43.649,7.209,2,0,22.1,27.7,25.2,61,84,74,2.5,-999,0,693,2605
6088001,20160801000000,43.649,7.209,2,0,22.2,27.5,25.2,47,85,67,2.9,-999,0,813,2730
6088001,20160802000000,43.649,7.209,2,0,23,27.5,25.5,51,79,68,2.2,-999,0,731,2554
6088001,20160803000000,43.649,7.209,2,0,22.9,27.6,25.3,61,79,71,2.5,-999,0,820,2645
6088001,20160804000000,43.649,7.209,2,0,22.3,27.9,25.5,57,83,72,2.9,-999,0.8,759,2579
6088001,20160805000000,43.649,7.209,2,0,21.5,31.6,25,32,81,59,4.7,-999,0,772,2746
6088001,20160806000000,43.649,7.209,2,0,20.9,27.6,24.8,32,69,50,4,-999,0,825,2727
6088001,20160807000000,43.649,7.209,2,0,21.6,29.7,25.7,27,66,45,3.4,-999,0,786,2646
6088001,20160808000000,43.649,7.209,2,0,22.6,29.3,25.3,31,77,57,2.5,-999,0,813,2652
6088001,20160809000000,43.649,7.209,2,0,22.5,26.4,24.5,49,82,69,2.2,-999,0,626,2255
6088001,20160810000000,43.649,7.209,2,0,21.1,27.4,24,47,77,64,3,-999,0,734,2537
6088001,20160811000000,43.649,7.209,2,0,21.6,27.6,24.3,38,67,55,4.7,-999,0,644,2547
6088001,20160812000000,43.649,7.209,2,0,20.2,26.1,23.6,41,60,53,3.4,-999,0,784,2566
6088001,20160813000000,43.649,7.209,2,0,21.3,26.6,24.3,47,71,58,2.7,-999,0,807,2558
6088001,20160814000000,43.649,7.209,2,0,22.2,27.1,24.7,45,75,62,2.3,-999,0,808,2570
6088001,20160815000000,43.649,7.209,2,0,21.5,26.5,24.3,50,77,66,2.4,-999,0,795,2541
6088001,20160816000000,43.649,7.209,2,0,20.9,26.7,24,54,81,69,3.6,-999,0,589,2125
6088001,20160817000000,43.649,7.209,2,0,20.6,25.8,23.6,52,83,71,3,-999,0,501,1851
6088001,20160818000000,43.649,7.209,2,0,20,26.7,23.8,47,83,71,3,-999,0,588,2246
6088001,20160819000000,43.649,7.209,2,0,21.1,27.1,24.3,62,85,76,2.6,-999,0,554,2165
6088001,20160820000000,43.649,7.209,2,0,22.1,27.1,24.8,66,81,75,2.3,-999,0,387,1959
6088001,20160821000000,43.649,7.209,2,0,22.2,27.4,24.9,55,80,72,3.4,-999,0,740,2399
6088001,20160822000000,43.649,7.209,2,0,21.7,29,25.4,42,82,56,3.3,-999,0,780,2411
6088001,20160823000000,43.649,7.209,2,0,21.4,27.6,25.1,41,68,52,3.2,-999,0,787,2441
6088001,20160824000000,43.649,7.209,2,0,22.6,27.9,25.8,42,78,56,3.1,-999,0,781,2410
6088001,20160825000000,43.649,7.209,2,0,23.3,28.4,26.2,44,73,57,3.1,-999,0,775,2370
6088001,20160826000000,43.649,7.209,2,0,23.7,28.2,26.1,51,71,58,2.7,-999,0,764,2337
6088001,20160827000000,43.649,7.209,2,0,24.1,29,26.4,46,81,61,2.8,-999,0,739,2282
6088001,20160828000000,43.649,7.209,2,0,22.8,27.2,25.2,53,83,70,2.7,-999,0,732,2239
6088001,20160829000000,43.649,7.209,2,0,21.8,27.1,24.9,60,83,75,3.1,-999,0.8,580,2054
6088001,20160830000000,43.649,7.209,2,0,21.6,24.9,23.3,61,90,77,4.1,-999,6.6,14,298
6088001,20160831000000,43.649,7.209,2,0,20.1,28.9,24.8,45,88,64,3.4,-999,0,546,2062
6088001,20160901000000,43.649,7.209,2,0,22.4,28.2,25,49,80,69,2.7,-999,0,734,2208
6088001,20160902000000,43.649,7.209,2,0,22.3,26.7,24.7,57,84,73,1.8,-999,0,739,2202
6088001,20160903000000,43.649,7.209,2,0,21.8,26.7,24.7,59,82,73,2.2,-999,0,651,2040
6088001,20160904000000,43.649,7.209,2,0,21.3,26.7,24.5,56,82,73,2.1,-999,0,489,1725
6088001,20160905000000,43.649,7.209,2,0,22.3,27.4,24.8,50,84,73,2.7,-999,0,482,1749
6088001,20160906000000,43.649,7.209,2,0,22.3,27.8,25.3,43,77,58,4.1,-999,0,712,2098
6088001,20160907000000,43.649,7.209,2,0,20.5,28.9,25.2,37,74,56,3.5,-999,0,722,2141
6088001,20160908000000,43.649,7.209,2,0,22,27.5,25,37,70,55,3.8,-999,0,701,2054
6088001,20160909000000,43.649,7.209,2,0,22.4,30.7,26.4,31,64,51,3.3,-999,0,605,2054
6088001,20160910000000,43.649,7.209,2,0,22.7,29.9,26.1,37,70,55,4.1,-999,0,544,1865
6088001,20160911000000,43.649,7.209,2,0,22.6,31.1,26.4,33,66,50,4.4,-999,0,523,1841
6088001,20160912000000,43.649,7.209,2,0,23.7,29.5,25.8,39,66,55,3.7,-999,0,514,1588
6088001,20160913000000,43.649,7.209,2,0,22.1,29.6,25.2,38,75,56,3.5,-999,0,509,1730
6088001,20160914000000,43.649,7.209,2,0,21.5,26.6,24.2,48,88,71,5.5,-999,7.3,172,1023
6088001,20160915000000,43.649,7.209,2,0,20,25.7,23.1,46,88,66,5.3,-999,0,654,1993
6088001,20160916000000,43.649,7.209,2,0,18.9,26.3,22,34,70,54,4.9,-999,0,312,1462
6088001,20160917000000,43.649,7.209,2,0,17.9,26.3,21.4,34,65,50,4.7,-999,0,447,1583
6088001,20160918000000,43.649,7.209,2,0,15.5,23.2,19.2,42,85,65,4.5,-999,0.4,560,1820
6088001,20160919000000,43.649,7.209,2,0,16,23.5,20.1,43,76,62,3.6,-999,0,716,1957
6088001,20160920000000,43.649,7.209,2,0,18.9,24.6,21.6,43,76,62,3.1,-999,0,620,1769
6088001,20160921000000,43.649,7.209,2,0,16.6,24.4,19.5,53,90,72,4.5,-999,20.9,307,1092
6088001,20160922000000,43.649,7.209,2,0,16.2,23.6,20.4,49,83,68,4,-999,0,674,1884
6088001,20160923000000,43.649,7.209,2,0,18.5,24,21.3,54,84,68,2.9,-999,0,594,1759
6088001,20160924000000,43.649,7.209,2,0,18.8,24.6,21.3,53,72,65,2.7,-999,0,299,1308
6088001,20160925000000,43.649,7.209,2,0,17.6,25.1,21.3,38,76,64,3.3,-999,0,660,1782
6088001,20160926000000,43.649,7.209,2,0,18.1,24.6,21.3,50,70,63,3.1,-999,0,633,1762
6088001,20160927000000,43.649,7.209,2,0,18.7,24.4,21.2,41,63,55,3.3,-999,0.4,219,843
6088001,20160928000000,43.649,7.209,2,0,17,25,21,35,66,56,3.8,-999,0,670,1733
6088001,20160929000000,43.649,7.209,2,0,17.2,24.1,20.7,49,83,70,3.6,-999,0,636,1688
6088001,20160930000000,43.649,7.209,2,0,17.1,23.4,20.4,50,86,71,4.8,-999,0,600,1703
6088001,20161001000000,43.649,7.209,2,0,18.3,23,20.2,54,85,68,3.2,-999,0,21,536
6088001,20161002000000,43.649,7.209,2,0,16.6,27.9,20.9,31,76,59,4.8,-999,0,586,1626
6088001,20161003000000,43.649,7.209,2,0,15,24.7,20.1,31,68,51,3.2,-999,0,669,1683
6088001,20161004000000,43.649,7.209,2,0,16.2,24,19.9,34,64,51,3.5,-999,0,666,1657
6088001,20161005000000,43.649,7.209,2,0,15.5,23.3,19.7,32,71,57,5,-999,0,668,1666
6088001,20161006000000,43.649,7.209,2,0,15.4,21.2,18,44,84,59,5.4,-999,1.2,100,678
6088001,20161007000000,43.649,7.209,2,0,13.9,20.5,17.6,57,82,66,3.3,-999,0,602,1576
6088001,20161008000000,43.649,7.209,2,0,14.4,21.8,18.1,45,70,62,4.1,-999,0,614,1538
6088001,20161009000000,43.649,7.209,2,0,15.9,21.6,17.7,47,91,68,4.3,-999,15.8,88,653
6088001,20161010000000,43.649,7.209,2,0,13,20,16.1,47,90,69,3.8,-999,3.6,498,1465
6088001,20161011000000,43.649,7.209,2,0,12.3,17.5,14.2,47,89,70,4.8,-999,21,122,725
6088001,20161012000000,43.649,7.209,2,0,10.4,18.1,15,46,69,59,3.9,-999,0,110,993
6088001,20161013000000,43.649,7.209,2,0,12.3,20.9,14.7,49,88,72,5.8,-999,8.9,0,95
6088001,20161014000000,43.649,7.209,2,0,13.7,21,17.4,62,93,81,7,-999,43.7,54,302
6088001,20161015000000,43.649,7.209,2,0,12.7,20.6,16.8,55,89,79,3.4,-999,0,554,1421
6088001,20161016000000,43.649,7.209,2,0,13.7,20.3,17,56,85,74,3.2,-999,0,455,1170
6088001,20161017000000,43.649,7.209,2,0,15.3,19.9,17,59,84,73,3.1,-999,0,28,569
6088001,20161018000000,43.649,7.209,2,0,13.8,20.5,16.9,61,84,76,3.4,-999,0,537,1329
6088001,20161019000000,43.649,7.209,2,0,14.3,19.7,16.5,61,86,75,3.1,-999,0,620,1362
6088001,20161020000000,43.649,7.209,2,0,13.2,20,16.4,57,88,73,4,-999,0,445,1220
6088001,20161021000000,43.649,7.209,2,0,12,19.1,15.4,50,82,69,4.4,-999,0,590,1334
6088001,20161022000000,43.649,7.209,2,0,11.4,19.2,15.4,48,88,68,3.6,-999,4.2,441,1179
6088001,20161023000000,43.649,7.209,2,0,13.4,16.1,14.5,69,93,84,4,-999,7.4,0,142
6088001,20161024000000,43.649,7.209,2,0,14.6,22.5,19.1,69,89,80,5,-999,0.2,326,942
6088001,20161025000000,43.649,7.209,2,0,17.3,21.6,18.9,76,93,84,2.6,-999,1.2,7,427
6088001,20161026000000,43.649,7.209,2,0,15.6,20.5,17.8,65,89,82,2.5,-999,0,146,580
6088001,20161027000000,43.649,7.209,2,0,14.9,22.3,17.7,49,83,73,4.4,-999,0,600,1222
6088001,20161028000000,43.649,7.209,2,0,13.6,20.2,16.7,59,86,75,3.9,-999,0,564,1153
6088001,20161029000000,43.649,7.209,2,0,12.7,20.3,16.1,48,84,71,3.9,-999,0,569,1202
6088001,20161030000000,43.649,7.209,2,0,13.1,21.9,16.6,36,75,61,3.8,-999,0,597,1199
6088001,20161031000000,43.649,7.209,2,0,13.3,20.6,16.3,43,83,67,4.2,-999,0,580,1160
6088001,20161101000000,43.649,7.209,2,0,12.2,20,15.6,56,91,74,4.6,-999,0,570,1124
6088001,20161102000000,43.649,7.209,2,0,12,20.2,15.6,44,81,66,4.7,-999,0,540,1096
6088001,20161103000000,43.649,7.209,2,0,11.9,20.6,15.9,46,84,68,3.6,-999,0,554,1097
6088001,20161104000000,43.649,7.209,2,0,13.2,19,16.2,62,93,77,3,-999,14.5,309,912
6088001,20161105000000,43.649,7.209,2,0,14.2,18,16,85,94,90,3.3,-999,4.8,0,142
6088001,20161106000000,43.649,7.209,2,0,13.4,17,14.4,36,93,65,7.5,-999,0,341,893
6088001,20161107000000,43.649,7.209,2,0,6.4,15.7,10.6,31,67,47,5.1,-999,0,582,1125
6088001,20161108000000,43.649,7.209,2,0,6.3,15.4,10.3,31,66,49,4.3,-999,0,569,1081
6088001,20161109000000,43.649,7.209,2,0,6.7,12.2,8.8,40,74,58,4.4,-999,0,80,344
6088001,20161110000000,43.649,7.209,2,0,7.3,18.1,11.9,33,66,51,4.4,-999,0,376,731
6088001,20161111000000,43.649,7.209,2,0,8.5,18.8,13.5,24,74,55,6.5,-999,0,573,1045
6088001,20161112000000,43.649,7.209,2,0,7.5,16.6,11,29,70,44,4,-999,0,531,957
