83069003,20140101000000,43.0325,6.469333,118,2,9.2,12.6,11,67,93,82,4.2,-999,4.4,9,-999
83069003,20140102000000,43.0325,6.469333,118,2,10.8,13.9,12.4,81,93,90,5.2,-999,0.4,0,-999
83069003,20140103000000,43.0325,6.469333,118,2,11.4,13.5,12,87,95,91,8.8,-999,1.8,12,-999
83069003,20140104000000,43.0325,6.469333,118,2,11,13.9,12.6,84,96,93,8.1,-999,4.2,0,-999
83069003,20140105000000,43.0325,6.469333,118,2,8.4,13.7,11.2,29,91,48,12.7,-999,0,365,-999
83069003,20140106000000,43.0325,6.469333,118,2,9.9,14.2,11.6,41,88,71,4.9,-999,0,382,-999
83069003,20140107000000,43.0325,6.469333,118,2,10.9,13.5,12.4,82,94,90,4.3,-999,0.4,74,-999
83069003,20140108000000,43.0325,6.469333,118,2,11.8,14.9,12.7,81,94,90,2.9,-999,0.2,202,-999
83069003,20140109000000,43.0325,6.469333,118,2,11,15,12.2,72,91,84,2.6,-999,0.2,235,-999
83069003,20140110000000,43.0325,6.469333,118,2,11.2,14.2,12,67,82,77,2.8,-999,0,99,-999
83069003,20140111000000,43.0325,6.469333,118,2,11.3,14.5,12.2,67,87,79,3.5,-999,0,58,-999
83069003,20140112000000,43.0325,6.469333,118,2,11.3,14.4,12.3,75,91,85,2.9,-999,0.2,200,-999
83069003,20140113000000,43.0325,6.469333,118,2,10.7,13,11.6,79,94,90,3.6,-999,8.3,69,-999
83069003,20140114000000,43.0325,6.469333,118,2,9.1,12.1,10.4,56,93,72,11,-999,0,526,-999
83069003,20140115000000,43.0325,6.469333,118,2,7.4,14.6,10.4,52,75,65,3.3,-999,0,488,-999
83069003,20140116000000,43.0325,6.469333,118,2,9.5,13,12,66,96,89,6.2,-999,34.1,0,-999
83069003,20140117000000,43.0325,6.469333,118,2,11.5,13.3,12.3,82,96,90,4.8,-999,5,0,-999
83069003,20140118000000,43.0325,6.469333,118,2,10.1,13.1,11.6,83,96,93,8,-999,38.9,0,-999
83069003,20140119000000,43.0325,6.469333,118,2,9.5,12.3,11.7,83,95,91,7.4,-999,20.9,8,-999
83069003,20140120000000,43.0325,6.469333,118,2,9.6,12,10.2,63,93,79,6,-999,0,50,-999
83069003,20140121000000,43.0325,6.469333,118,2,7.7,13.4,9.7,50,81,67,8.4,-999,0,552,-999
83069003,20140122000000,43.0325,6.469333,118,2,7.2,12.6,9.6,63,86,75,4.5,-999,0.2,480,-999
83069003,20140123000000,43.0325,6.469333,118,2,8.7,11.5,9.5,52,91,74,4.5,-999,3.8,89,-999
83069003,20140124000000,43.0325,6.469333,118,2,8,11.9,9.7,39,67,50,11.8,-999,0,477,987
83069003,20140125000000,43.0325,6.469333,118,2,7.1,15.3,10.1,29,62,44,5.9,-999,0,557,975
83069003,20140126000000,43.0325,6.469333,118,2,10.3,15.9,13.6,29,87,48,11.9,-999,0,455,999
83069003,20140127000000,43.0325,6.469333,118,2,10.3,13.4,11.5,29,88,52,13.7,-999,0,454,1031
83069003,20140128000000,43.0325,6.469333,118,2,6.4,11.4,8.2,36,73,52,7.9,-999,1.2,418,987
83069003,20140129000000,43.0325,6.469333,118,2,6.3,12,8.8,63,94,85,9.2,-999,11.3,82,486
83069003,20140130000000,43.0325,6.469333,118,2,7.1,12.3,9.2,75,98,88,14.7,-999,17.1,19,235
83069003,20140131000000,43.0325,6.469333,118,2,5.9,10,7.9,67,91,80,6.6,-999,0,550,1130
83069003,20140201000000,43.0325,6.469333,118,2,6.4,12.4,9.2,65,93,79,4.6,-999,3.2,392,990
83069003,20140202000000,43.0325,6.469333,118,2,7.2,9.9,8.3,79,95,91,3.9,-999,6.2,0,162
83069003,20140203000000,43.0325,6.469333,118,2,8.2,11.9,9.9,62,85,77,2.9,-999,3.6,9,312
83069003,20140204000000,43.0325,6.469333,118,2,8,10.8,9.2,73,94,85,4.4,-999,3.4,175,609
83069003,20140205000000,43.0325,6.469333,118,2,7.9,11.9,10.1,52,99,79,8.7,-999,27.6,0,78
83069003,20140206000000,43.0325,6.469333,118,2,8.5,14.2,11.1,49,91,69,6.7,-999,0,565,1134
83069003,20140207000000,43.0325,6.469333,118,2,11,13.6,12.2,60,96,83,8.4,-999,0,210,534
83069003,20140208000000,43.0325,6.469333,118,2,9.2,13.1,11.7,60,93,78,7.4,-999,0,4,362
83069003,20140209000000,43.0325,6.469333,118,2,8.8,11.7,10.2,52,88,65,10,-999,48.9,408,1016
83069003,20140210000000,43.0325,6.469333,118,2,7.4,11.6,9.9,76,99,93,10.7,-999,21.2,1,163
83069003,20140211000000,43.0325,6.469333,118,2,7.9,13.6,10.1,49,78,62,8.3,-999,0,571,1288
83069003,20140212000000,43.0325,6.469333,118,2,8.4,15,11,39,79,61,10.6,-999,0,594,1358
83069003,20140213000000,43.0325,6.469333,118,2,9,14,11.5,59,88,78,5.6,-999,0,220,833
83069003,20140214000000,43.0325,6.469333,118,2,9.9,14.9,12.1,47,97,71,6.9,-999,0.2,434,1129
83069003,20140215000000,43.0325,6.469333,118,2,12.1,15,12.9,91,99,98,7.2,-999,0,53,408
83069003,20140216000000,43.0325,6.469333,118,2,11.4,15.7,12.4,78,99,92,4.6,-999,0,274,1008
83069003,20140217000000,43.0325,6.469333,118,2,9.6,13.5,11,60,90,72,6.9,-999,0,564,1377
83069003,20140218000000,43.0325,6.469333,118,2,9.4,15.1,13.5,63,91,72,14.1,-999,0,161,822
83069003,20140219000000,43.0325,6.469333,118,2,10.4,13.5,12.2,47,97,75,8,-999,3,148,542
83069003,20140220000000,43.0325,6.469333,118,2,9.6,15.1,11.9,47,88,64,4.9,-999,0,522,1399
83069003,20140221000000,43.0325,6.469333,118,2,9.8,13.7,11.4,54,95,78,6.9,-999,0.4,24,440
83069003,20140222000000,43.0325,6.469333,118,2,8.3,13.9,11.2,42,73,55,13,-999,0,639,1540
83069003,20140223000000,43.0325,6.469333,118,2,9.5,14.8,11.5,49,86,68,6.3,-999,0,519,1386
83069003,20140224000000,43.0325,6.469333,118,2,9.8,15.4,11.6,44,91,68,5.9,-999,0,594,1536
83069003,20140225000000,43.0325,6.469333,118,2,9,13.2,10.8,65,95,80,4.2,-999,6.8,145,548
83069003,20140226000000,43.0325,6.469333,118,2,9.1,11,10.3,59,95,75,9.7,-999,0,482,1360
83069003,20140227000000,43.0325,6.469333,118,2,7.4,12.2,9.4,49,88,64,8.9,-999,0,409,1344
83069003,20140228000000,43.0325,6.469333,118,2,8.2,13,9.5,57,94,74,10.3,-999,3.2,104,448
83069003,20140301000000,43.0325,6.469333,118,2,7.6,13.4,9.8,43,72,55,10.4,-999,0,642,1677
83069003,20140302000000,43.0325,6.469333,118,2,7.8,13.7,10.4,47,82,65,3.5,-999,0,621,1656
83069003,20140303000000,43.0325,6.469333,118,2,5.5,11.1,8.9,58,97,77,9,-999,26.5,55,267
83069003,20140304000000,43.0325,6.469333,118,2,7.1,15,10.5,40,74,57,7.7,-999,0,354,1298
83069003,20140305000000,43.0325,6.469333,118,2,9.2,16.7,12.4,33,78,61,2.5,-999,0,581,1614
83069003,20140306000000,43.0325,6.469333,118,2,10.3,18,13.8,27,77,50,3.1,-999,0,625,1706
83069003,20140307000000,43.0325,6.469333,118,2,11,18,14.1,33,84,56,4.8,-999,0,669,1762
83069003,20140308000000,43.0325,6.469333,118,2,10,18.8,14,30,85,58,3.8,-999,0,659,1773
83069003,20140309000000,43.0325,6.469333,118,2,10,16,13.2,38,82,59,4.5,-999,0,652,1792
83069003,20140310000000,43.0325,6.469333,118,2,10.7,16.2,12.7,38,83,62,2.6,-999,0,329,1097
83069003,20140311000000,43.0325,6.469333,118,2,10.5,15.7,12.3,45,84,70,3.2,-999,0,218,1165
83069003,20140312000000,43.0325,6.469333,118,2,9.7,15.7,12.3,39,83,63,5.8,-999,0,641,1814
83069003,20140313000000,43.0325,6.469333,118,2,9.4,16.9,12.8,29,85,56,2.5,-999,0,661,1837
83069003,20140314000000,43.0325,6.469333,118,2,9.6,17.5,13.3,35,89,67,3.2,-999,0,659,1909
83069003,20140315000000,43.0325,6.469333,118,2,10.3,17.8,13.8,47,93,71,4.3,-999,0,524,1718
83069003,20140316000000,43.0325,6.469333,118,2,10.9,16.8,13.6,60,94,80,4.4,-999,0,565,1715
83069003,20140317000000,43.0325,6.469333,118,2,11.8,16.6,13.2,69,98,88,5.7,-999,0.2,103,1210
83069003,20140318000000,43.0325,6.469333,118,2,11.4,16.8,13.4,66,96,84,4.5,-999,0.2,512,1779
83069003,20140319000000,43.0325,6.469333,118,2,10.9,15.8,13.2,77,97,88,6.4,-999,0,310,1391
83069003,20140320000000,43.0325,6.469333,118,2,12.2,17.2,13.6,75,95,87,5.4,-999,0,331,1403
83069003,20140321000000,43.0325,6.469333,118,2,11.3,16.2,13.1,58,93,83,3.3,-999,0,288,1429
83069003,20140322000000,43.0325,6.469333,118,2,11.7,13.1,12.2,84,98,93,6.3,-999,11.4,0,177
83069003,20140323000000,43.0325,6.469333,118,2,8.7,13.1,10.6,33,90,55,16.9,-999,0,677,2160
83069003,20140324000000,43.0325,6.469333,118,2,7.9,13.8,10.5,34,61,49,14.9,-999,0,567,2086
83069003,20140325000000,43.0325,6.469333,118,2,8.9,14.5,10.7,38,91,58,9,-999,1,381,1549
83069003,20140326000000,43.0325,6.469333,118,2,8.5,12.2,11,53,85,66,14.1,-999,0,85,1165
83069003,20140327000000,43.0325,6.469333,118,2,10.7,15.5,12.3,36,71,59,4.6,-999,0,253,1300
83069003,20140328000000,43.0325,6.469333,118,2,8.9,15.4,12,48,89,68,4.9,-999,0,710,2214
83069003,20140329000000,43.0325,6.469333,118,2,10.3,16.8,14.2,58,92,70,13.9,-999,0,430,1721
83069003,20140330000000,43.0325,6.469333,118,2,12.7,17.5,14.6,61,90,73,7,-999,0,538,1749
83069003,20140331000000,43.0325,6.469333,118,2,10.8,16.6,13.4,57,94,78,2.6,-999,0.2,596,2102
83069003,20140401000000,43.0325,6.469333,118,2,11.5,15.7,13.2,68,94,86,2.3,-999,0,484,1985
83069003,20140402000000,43.0325,6.469333,118,2,11.5,15.6,13.6,76,93,87,9.5,-999,0,342,1625
83069003,20140403000000,43.0325,6.469333,118,2,13,15.1,14,64,92,77,17.9,-999,1.2,21,633
83069003,20140404000000,43.0325,6.469333,118,2,11.9,15.8,13.6,65,95,81,4.1,-999,0.2,5,674
83069003,20140405000000,43.0325,6.469333,118,2,11.8,20.6,16.1,48,91,68,3.4,-999,0,523,2021
83069003,20140406000000,43.0325,6.469333,118,2,13.3,22.1,17.1,36,90,59,2.9,-999,0,668,2210
83069003,20140407000000,43.0325,6.469333,118,2,13.7,21,16.5,45,96,69,4.3,-999,0,688,2148
83069003,20140408000000,43.0325,6.469333,118,2,11.7,18.5,14.7,44,99,81,7.7,-999,0,294,1307
83069003,20140409000000,43.0325,6.469333,118,2,12.6,19.2,15.7,36,82,59,3.2,-999,0.2,753,2289
83069003,20140410000000,43.0325,6.469333,118,2,11.6,16.6,13.8,72,96,87,3,-999,0.2,723,2318
83069003,20140411000000,43.0325,6.469333,118,2,11.8,17.2,13.7,67,95,84,2.9,-999,0.2,415,1815
83069003,20140412000000,43.0325,6.469333,118,2,11.6,17.3,14.3,68,95,85,3.8,-999,0.2,640,2174
83069003,20140413000000,43.0325,6.469333,118,2,12.7,18.6,14.8,73,96,88,3,-999,0.2,240,1472
83069003,20140414000000,43.0325,6.469333,118,2,12.6,19.1,15.7,56,98,80,5.3,-999,0.2,731,2433
83069003,20140415000000,43.0325,6.469333,118,2,11.9,19.9,15.5,42,95,73,5.4,-999,0,740,2422
83069003,20140416000000,43.0325,6.469333,118,2,12.4,17.9,14.4,42,84,58,4.8,-999,0,654,2428
83069003,20140417000000,43.0325,6.469333,118,2,10.7,17.3,13.7,39,87,63,7.1,-999,0,738,2539
83069003,20140418000000,43.0325,6.469333,118,2,11.2,18.2,14.8,36,89,67,6.1,-999,0,277,1470
83069003,20140419000000,43.0325,6.469333,118,2,11,16.9,13.3,40,82,59,6.2,-999,0,772,2592
83069003,20140420000000,43.0325,6.469333,118,2,11.7,16,13.3,62,91,78,5.3,-999,0.6,63,986
83069003,20140421000000,43.0325,6.469333,118,2,12.9,17.2,14.3,75,95,86,6.4,-999,0,163,1338
83069003,20140422000000,43.0325,6.469333,118,2,12.7,17.9,14.7,76,94,87,5.6,-999,0.2,431,2101
83069003,20140423000000,43.0325,6.469333,118,2,12.6,20.3,15.9,56,94,79,5.6,-999,0,782,2632
83069003,20140424000000,43.0325,6.469333,118,2,13.8,22.6,17.6,38,91,68,4.8,-999,0,763,2602
83069003,20140425000000,43.0325,6.469333,118,2,14.2,18.4,15.5,68,96,85,4.4,-999,0.2,326,1838
83069003,20140426000000,43.0325,6.469333,118,2,14,20.5,16.3,47,90,73,6.1,-999,1.4,757,2451
83069003,20140427000000,43.0325,6.469333,118,2,11.4,19.6,15.5,31,83,57,14.1,-999,0,693,2691
83069003,20140428000000,43.0325,6.469333,118,2,12.4,18,15,44,70,59,14.6,-999,0,765,2705
83069003,20140429000000,43.0325,6.469333,118,2,12.5,20.6,16.1,47,84,63,7,-999,0,795,2721
83069003,20140430000000,43.0325,6.469333,118,2,13.7,19.8,15.7,34,90,69,10,-999,0,814,2754
83069003,20140501000000,43.0325,6.469333,118,2,11.6,19.4,15.7,44,92,65,5.7,-999,0,757,2590
83069003,20140502000000,43.0325,6.469333,118,2,11.9,18.4,14.5,49,87,68,7.1,-999,2.4,442,1715
83069003,20140503000000,43.0325,6.469333,118,2,12,21.7,16,45,86,68,4.4,-999,5.8,460,2094
83069003,20140504000000,43.0325,6.469333,118,2,13.3,19.9,16.4,40,81,63,3.2,-999,0,628,2597
83069003,20140505000000,43.0325,6.469333,118,2,13.7,20.4,16.5,45,91,72,4.4,-999,0.2,814,2851
83069003,20140506000000,43.0325,6.469333,118,2,12.5,20.3,16.2,48,94,73,4,-999,0,759,2449
83069003,20140507000000,43.0325,6.469333,118,2,15,21.1,17.1,45,92,74,7.1,-999,0.2,581,2479
83069003,20140508000000,43.0325,6.469333,118,2,14.1,20,16.7,64,95,79,4.4,-999,0,823,2597
83069003,20140509000000,43.0325,6.469333,118,2,13.6,19.8,16.8,68,94,83,3.3,-999,0.4,799,2790
83069003,20140510000000,43.0325,6.469333,118,2,14.6,20.4,17.1,60,96,82,5.9,-999,0,640,2331
83069003,20140511000000,43.0325,6.469333,118,2,16,22.4,17.9,40,89,67,10.2,-999,0,326,1867
83069003,20140512000000,43.0325,6.469333,118,2,14.4,19.5,16.2,37,86,57,10.4,-999,0,720,2776
83069003,20140513000000,43.0325,6.469333,118,2,13.6,19.9,16.4,24,81,46,11.7,-999,0,737,2811
83069003,20140514000000,43.0325,6.469333,118,2,13.2,23,17.2,27,85,45,5.2,-999,0,846,2966
83069003,20140515000000,43.0325,6.469333,118,2,13.7,20.3,16.7,27,88,48,3.7,-999,0,817,2978
83069003,20140516000000,43.0325,6.469333,118,2,13.1,21.9,16.7,23,90,58,6.1,-999,0,696,2873
83069003,20140517000000,43.0325,6.469333,118,2,13.4,20.4,16.4,61,96,79,6,-999,0.2,759,2753
83069003,20140518000000,43.0325,6.469333,118,2,13.1,19.6,16.5,68,95,83,7.4,-999,7,697,2810
83069003,20140519000000,43.0325,6.469333,118,2,13.6,16.2,14.8,83,97,92,12.5,-999,18.3,0,369
83069003,20140520000000,43.0325,6.469333,118,2,14.5,19.9,17,70,91,82,11.5,-999,0.2,689,2779
83069003,20140521000000,43.0325,6.469333,118,2,15.7,19.9,17.8,72,90,81,13.8,-999,0,509,2420
83069003,20140522000000,43.0325,6.469333,118,2,16.3,18.7,16.9,84,98,92,6.3,-999,0.4,1,643
83069003,20140523000000,43.0325,6.469333,118,2,14.3,20.7,17,54,98,82,3.6,-999,0.2,746,2906
83069003,20140524000000,43.0325,6.469333,118,2,13.1,21.3,16.8,39,94,68,4.7,-999,0.2,840,3124
83069003,20140525000000,43.0325,6.469333,118,2,13.7,18.7,15.8,46,95,77,4.7,-999,0.2,10,955
83069003,20140526000000,43.0325,6.469333,118,2,14.6,20,16.6,51,83,71,8.7,-999,0.2,633,2732
83069003,20140527000000,43.0325,6.469333,118,2,13.4,18.9,16.2,58,78,67,13.6,-999,0,826,2945
83069003,20140528000000,43.0325,6.469333,118,2,14.2,19.8,16.6,49,90,67,10.1,-999,0,838,2873
83069003,20140529000000,43.0325,6.469333,118,2,13,20.6,17.5,59,96,74,3.5,-999,0,757,2644
83069003,20140530000000,43.0325,6.469333,118,2,14.8,22.5,18.1,49,92,74,3.5,-999,0,776,2888
83069003,20140531000000,43.0325,6.469333,118,2,15.1,21.4,18.1,67,91,77,4.9,-999,0.2,645,2650
83069003,20140601000000,43.0325,6.469333,118,2,15.7,21.7,18.5,62,89,77,3.1,-999,0,796,3018
83069003,20140602000000,43.0325,6.469333,118,2,15.3,21.1,18.1,59,94,80,3.2,-999,0.2,798,2948
83069003,20140603000000,43.0325,6.469333,118,2,15.6,22.1,19,56,93,77,4,-999,0,768,2964
83069003,20140604000000,43.0325,6.469333,118,2,17.3,23.3,19,51,94,79,5.7,-999,0.2,396,2311
83069003,20140605000000,43.0325,6.469333,118,2,16.4,24,19.6,36,92,62,5.4,-999,0.2,875,3011
83069003,20140606000000,43.0325,6.469333,118,2,16.9,22,19,67,95,84,7.6,-999,0,489,2262
83069003,20140607000000,43.0325,6.469333,118,2,17.4,26.1,21.3,39,86,61,5.3,-999,0,832,2973
83069003,20140608000000,43.0325,6.469333,118,2,18.6,28.9,24.1,30,74,44,2.6,-999,0,807,2819
83069003,20140609000000,43.0325,6.469333,118,2,19.6,30.1,25.3,31,81,49,2.5,-999,0,807,2869
83069003,20140610000000,43.0325,6.469333,118,2,22.3,28.2,24.7,42,81,62,3.4,-999,0,827,2817
83069003,20140611000000,43.0325,6.469333,118,2,20,30.8,24.8,29,87,61,4.3,-999,0,863,3023
83069003,20140612000000,43.0325,6.469333,118,2,20.1,30,25.3,39,86,62,3.6,-999,0,754,2804
83069003,20140613000000,43.0325,6.469333,118,2,21.5,28.4,24.7,55,86,71,4,-999,0,706,2745
83069003,20140614000000,43.0325,6.469333,118,2,20.7,27.9,23.3,55,94,78,5.3,-999,0,598,2536
83069003,20140615000000,43.0325,6.469333,118,2,19.7,25.6,21.2,47,82,64,7.1,-999,0,146,1716
83069003,20140616000000,43.0325,6.469333,118,2,18.4,25,20,49,88,70,5.2,-999,0,366,1999
83069003,20140617000000,43.0325,6.469333,118,2,17.2,25.1,20.9,57,86,66,4,-999,0,655,2689
83069003,20140618000000,43.0325,6.469333,118,2,17.1,23.3,19.3,45,84,68,3.5,-999,0.6,78,861
83069003,20140619000000,43.0325,6.469333,118,2,17.6,25.3,21.1,47,81,66,6.5,-999,0,848,3065
83069003,20140620000000,43.0325,6.469333,118,2,18.9,27.2,22.7,42,93,65,7.4,-999,0.2,885,3085
83069003,20140621000000,43.0325,6.469333,118,2,18.4,25.2,21.5,68,96,85,3.4,-999,0.4,832,2936
83069003,20140622000000,43.0325,6.469333,118,2,19,25.3,21.9,53,97,82,3.6,-999,0.2,772,2863
83069003,20140623000000,43.0325,6.469333,118,2,19.7,27.4,22.4,49,95,83,5.9,-999,0,460,2327
83069003,20140624000000,43.0325,6.469333,118,2,19.4,25.6,22.5,65,94,84,5.7,-999,0.4,728,2819
83069003,20140625000000,43.0325,6.469333,118,2,17.9,24.8,21.4,52,95,78,6.7,-999,0,542,2364
83069003,20140626000000,43.0325,6.469333,118,2,18.8,25.7,21.9,53,95,83,3.8,-999,0.4,322,1861
83069003,20140627000000,43.0325,6.469333,118,2,19.2,27.1,22.1,44,95,78,4.9,-999,0,848,3085
83069003,20140628000000,43.0325,6.469333,118,2,19.3,25.4,22.3,63,94,81,3.8,-999,0.2,724,2896
83069003,20140629000000,43.0325,6.469333,118,2,19.7,25.7,21.5,37,94,73,8.1,-999,2.2,345,1382
83069003,20140630000000,43.0325,6.469333,118,2,18.9,26,21.3,38,84,57,12.2,-999,0,871,3133
83069003,20140701000000,43.0325,6.469333,118,2,17.7,24.8,21,45,95,76,3.8,-999,0.2,703,2833
83069003,20140702000000,43.0325,6.469333,118,2,18.8,25.9,21.8,60,96,81,4.7,-999,0.2,727,2893
83069003,20140703000000,43.0325,6.469333,118,2,19.2,25.8,22.9,64,94,76,10.3,-999,0.2,793,2826
83069003,20140704000000,43.0325,6.469333,118,2,21,25.9,22.8,64,96,77,10.7,-999,1.6,228,1354
83069003,20140705000000,43.0325,6.469333,118,2,18.8,26.3,22.3,51,95,76,8.8,-999,0.2,844,2949
83069003,20140706000000,43.0325,6.469333,118,2,19.4,25.7,22.3,71,96,86,3.8,-999,0.4,706,2715
83069003,20140707000000,43.0325,6.469333,118,2,19.6,26,22.1,65,96,82,4.8,-999,0,412,2157
83069003,20140708000000,43.0325,6.469333,118,2,18.1,25.2,21.5,37,83,56,14,-999,0,875,3032
83069003,20140709000000,43.0325,6.469333,118,2,18.7,23.8,21,33,69,49,14.9,-999,0,886,3063
83069003,20140710000000,43.0325,6.469333,118,2,16.8,24.9,20.7,41,68,52,12.3,-999,0,829,2946
83069003,20140711000000,43.0325,6.469333,118,2,17.4,27.4,21.8,44,86,65,4.7,-999,0,839,2942
83069003,20140712000000,43.0325,6.469333,118,2,18.7,24.2,20.9,53,90,71,3.6,-999,0,542,2255
83069003,20140713000000,43.0325,6.469333,118,2,17.9,25,21,51,91,70,8.2,-999,0,737,2696
83069003,20140714000000,43.0325,6.469333,118,2,19.3,26,21.9,51,85,73,6.5,-999,0,839,2930
83069003,20140715000000,43.0325,6.469333,118,2,19.7,26.3,22.5,54,93,75,4,-999,0,847,2885
83069003,20140716000000,43.0325,6.469333,118,2,20.4,29.1,24.7,38,84,62,3.2,-999,0,824,2817
83069003,20140717000000,43.0325,6.469333,118,2,21.2,28.7,24.4,48,88,70,4.8,-999,0,861,2891
83069003,20140718000000,43.0325,6.469333,118,2,21.5,29.2,24.2,31,92,69,5.1,-999,0,834,2902
83069003,20140719000000,43.0325,6.469333,118,2,20,27.7,23.7,57,95,81,7.3,-999,0.2,524,2203
83069003,20140720000000,43.0325,6.469333,118,2,22.2,27.4,23.7,63,92,81,8.3,-999,0.2,214,1674
83069003,20140721000000,43.0325,6.469333,118,2,20.2,28.4,23.6,39,74,56,10.9,-999,0,744,2633
83069003,20140722000000,43.0325,6.469333,118,2,21.7,26.1,23.2,50,85,66,4.1,-999,0,711,2641
83069003,20140723000000,43.0325,6.469333,118,2,20.3,27.3,23.1,44,90,72,3.3,-999,0,844,2804
83069003,20140724000000,43.0325,6.469333,118,2,20.2,25.4,22.8,70,94,83,2.4,-999,0.2,761,2783
83069003,20140725000000,43.0325,6.469333,118,2,20.4,26.3,22.9,68,93,83,3.7,-999,0,396,1952
83069003,20140726000000,43.0325,6.469333,118,2,19.9,28,23.4,53,91,74,4.3,-999,0,797,2779
83069003,20140727000000,43.0325,6.469333,118,2,20.6,29.2,25.1,38,86,55,2.7,-999,0,836,2778
83069003,20140728000000,43.0325,6.469333,118,2,20.9,28.1,23.3,52,88,72,8.3,-999,0,569,2202
83069003,20140729000000,43.0325,6.469333,118,2,19.3,25.5,21.7,38,82,63,9.6,-999,0,566,2526
83069003,20140730000000,43.0325,6.469333,118,2,19.1,29.5,23.2,46,87,63,8,-999,0,821,2819
83069003,20140731000000,43.0325,6.469333,118,2,20,27.3,23.3,47,89,71,3.6,-999,0,830,2778
83069003,20140801000000,43.0325,6.469333,118,2,20.5,26.7,23,53,94,78,3.8,-999,0.8,648,2616
83069003,20140802000000,43.0325,6.469333,118,2,20.7,25.9,22.9,68,90,81,3.6,-999,1.2,669,2555
83069003,20140803000000,43.0325,6.469333,118,2,20.6,27.1,23.1,59,95,80,4.4,-999,0.2,674,2566
83069003,20140804000000,43.0325,6.469333,118,2,20.4,28.1,24,52,93,74,5.8,-999,0,804,2688
83069003,20140805000000,43.0325,6.469333,118,2,22.4,29.6,25.1,35,81,58,5.3,-999,0,421,2684
83069003,20140806000000,43.0325,6.469333,118,2,20.3,27.9,24.4,45,87,66,3.7,-999,0,676,2643
83069003,20140807000000,43.0325,6.469333,118,2,20.8,28.6,24.3,48,90,72,2.9,-999,0.2,757,2577
83069003,20140808000000,43.0325,6.469333,118,2,21.2,27.1,23.9,55,95,82,3.4,-999,0,773,2545
83069003,20140809000000,43.0325,6.469333,118,2,22.1,28.4,24.2,50,94,79,4,-999,0.2,528,2256
83069003,20140810000000,43.0325,6.469333,118,2,22.1,29,24.6,70,94,85,7.2,-999,0,626,2299
83069003,20140811000000,43.0325,6.469333,118,2,22.1,29.3,25.4,58,95,78,5,-999,0.2,735,2452
83069003,20140812000000,43.0325,6.469333,118,2,23.1,29.5,25,39,84,63,8,-999,0,770,2644
83069003,20140813000000,43.0325,6.469333,118,2,18.3,26.9,22.7,34,96,63,8.8,-999,6.3,427,1794
83069003,20140814000000,43.0325,6.469333,118,2,19.3,25.4,22,33,60,49,14.4,-999,0,820,2737
83069003,20140815000000,43.0325,6.469333,118,2,18.7,23.3,21.1,44,72,59,12.7,-999,0,810,2687
83069003,20140816000000,43.0325,6.469333,118,2,18,26.1,21.7,36,73,49,5.9,-999,0,765,2453
83069003,20140817000000,43.0325,6.469333,118,2,18.9,25.2,21.4,50,87,70,4.4,-999,0,777,2616
83069003,20140818000000,43.0325,6.469333,118,2,18.1,26,22,58,89,77,6,-999,0,708,2427
83069003,20140819000000,43.0325,6.469333,118,2,20.6,26.1,23,62,92,76,6.3,-999,0,700,2393
83069003,20140820000000,43.0325,6.469333,118,2,19.6,25.5,21.9,53,86,70,7.9,-999,0,603,1918
83069003,20140821000000,43.0325,6.469333,118,2,18.6,25.4,21.4,42,77,60,9.2,-999,0,728,2338
83069003,20140822000000,43.0325,6.469333,118,2,18.8,25.6,21.3,43,80,67,6.9,-999,1,478,1799
83069003,20140823000000,43.0325,6.469333,118,2,18.1,25.1,21.6,40,89,64,10.5,-999,0,690,2488
83069003,20140824000000,43.0325,6.469333,118,2,19.8,24,21.1,40,69,56,11.2,-999,0,613,2386
83069003,20140825000000,43.0325,6.469333,118,2,18.8,26,21.5,28,88,58,4.6,-999,0,686,2278
83069003,20140826000000,43.0325,6.469333,118,2,19.5,25.8,22.5,72,95,87,5.8,-999,0,256,1436
83069003,20140827000000,43.0325,6.469333,118,2,21,27.1,23.2,52,85,72,10.1,-999,0,729,2419
83069003,20140828000000,43.0325,6.469333,118,2,20.2,27.3,23,46,86,64,2.4,-999,0,739,2367
83069003,20140829000000,43.0325,6.469333,118,2,20,26.9,22.8,54,92,75,4,-999,0,645,2146
83069003,20140830000000,43.0325,6.469333,118,2,20.2,26.8,22.7,55,95,80,3.1,-999,0.2,629,2245
83069003,20140831000000,43.0325,6.469333,118,2,20.4,26.9,23.4,27,95,68,6.6,-999,0.2,621,1940
83069003,20140901000000,43.0325,6.469333,118,2,19.6,29.4,23.7,24,89,47,6.9,-999,0,744,2416
83069003,20140902000000,43.0325,6.469333,118,2,18.8,25.9,22.2,43,87,65,2.7,-999,0.2,765,2374
83069003,20140903000000,43.0325,6.469333,118,2,18.7,27,22.2,48,90,67,4.3,-999,0,755,2317
83069003,20140904000000,43.0325,6.469333,118,2,19.1,26.8,22.6,40,77,63,3.9,-999,0,735,2230
83069003,20140905000000,43.0325,6.469333,118,2,20.5,26.3,22.6,34,93,70,4.8,-999,0,578,2025
83069003,20140906000000,43.0325,6.469333,118,2,19.5,26.5,22.4,59,92,79,3.9,-999,0.2,700,2200
83069003,20140907000000,43.0325,6.469333,118,2,20.1,26.1,22.9,71,96,86,3,-999,0.2,505,1993
83069003,20140908000000,43.0325,6.469333,118,2,21.6,25.2,22.8,73,98,89,3,-999,0.2,407,1724
83069003,20140909000000,43.0325,6.469333,118,2,20.9,27.1,22.9,68,96,86,5.9,-999,0,557,1935
83069003,20140910000000,43.0325,6.469333,118,2,20.6,26.3,22.4,62,92,81,3.7,-999,0.2,690,2068
83069003,20140911000000,43.0325,6.469333,118,2,20.2,25.3,22.3,60,94,82,2.8,-999,0.2,630,1940
83069003,20140912000000,43.0325,6.469333,118,2,19,26.1,21.7,56,90,72,3.5,-999,0.2,638,1997
83069003,20140913000000,43.0325,6.469333,118,2,18.8,25,21.5,58,90,73,3.1,-999,0,703,2079
83069003,20140914000000,43.0325,6.469333,118,2,19.2,24.7,21.6,61,85,76,3,-999,1,671,2057
83069003,20140915000000,43.0325,6.469333,118,2,19.4,25.5,21.7,62,93,81,3.9,-999,0,277,1385
83069003,20140916000000,43.0325,6.469333,118,2,19.5,25.9,21.9,67,93,82,6.5,-999,0.2,586,1820
83069003,20140917000000,43.0325,6.469333,118,2,19.2,25,22,74,93,84,11.6,-999,6.9,147,1113
83069003,20140918000000,43.0325,6.469333,118,2,21.2,24,21.9,74,86,80,13.1,-999,0,141,599
83069003,20140919000000,43.0325,6.469333,118,2,20,23.9,22,74,96,84,10.6,-999,19.9,201,1030
83069003,20140920000000,43.0325,6.469333,118,2,21,26.8,22.6,67,98,88,4.9,-999,0,323,1430
83069003,20140921000000,43.0325,6.469333,118,2,19.6,26.1,22.3,53,98,82,7.5,-999,0,400,1398
83069003,20140922000000,43.0325,6.469333,118,2,20.8,25.5,22.2,41,88,63,5.8,-999,0,619,1683
83069003,20140923000000,43.0325,6.469333,118,2,18.8,23.1,20.6,49,91,72,9.9,-999,2.8,89,888
83069003,20140924000000,43.0325,6.469333,118,2,15.8,22.7,18.4,64,92,83,4.4,-999,4.6,164,959
83069003,20140925000000,43.0325,6.469333,118,2,16.2,23.1,19.1,58,92,73,3.9,-999,0,664,1852
83069003,20140926000000,43.0325,6.469333,118,2,18.2,24.4,21.1,46,77,63,3.6,-999,0,674,1782
83069003,20140927000000,43.0325,6.469333,118,2,18.3,24.8,20.8,57,92,77,3.9,-999,0,683,1788
83069003,20140928000000,43.0325,6.469333,118,2,17.9,26.1,21.1,61,93,79,6.9,-999,0,667,1787
83069003,20140929000000,43.0325,6.469333,118,2,19.7,25.5,22,70,89,81,7.9,-999,0,368,1388
83069003,20140930000000,43.0325,6.469333,118,2,18.8,21,19.8,80,96,91,8.6,-999,21.5,0,148
83069003,20141001000000,43.0325,6.469333,118,2,17.8,23.2,20.1,65,94,82,3.1,-999,0.2,543,1399
83069003,20141002000000,43.0325,6.469333,118,2,19,25.5,21.4,50,94,77,2.2,-999,0,672,1681
83069003,20141003000000,43.0325,6.469333,118,2,19,24.6,21.6,58,84,73,3.8,-999,0,657,1682
83069003,20141004000000,43.0325,6.469333,118,2,18.8,24.4,20.9,60,88,74,3.8,-999,0,546,1532
83069003,20141005000000,43.0325,6.469333,118,2,16.1,22.2,19.1,64,92,81,2.6,-999,3,248,900
83069003,20141006000000,43.0325,6.469333,118,2,16.8,22.1,19.4,58,93,73,3.5,-999,31.9,442,1408
83069003,20141007000000,43.0325,6.469333,118,2,16.6,21.3,19.1,85,98,93,7.8,-999,38.4,74,706
83069003,20141008000000,43.0325,6.469333,118,2,19.9,23.6,21.6,78,97,91,7.6,-999,0,160,974
83069003,20141009000000,43.0325,6.469333,118,2,20.1,24,21.7,81,96,88,9.8,-999,0,304,1178
83069003,20141010000000,43.0325,6.469333,118,2,20.3,24.9,21.8,78,97,90,7.8,-999,0,338,1278
83069003,20141011000000,43.0325,6.469333,118,2,16.2,23.2,20.4,66,97,88,3.7,-999,29.4,428,1247
83069003,20141012000000,43.0325,6.469333,118,2,19.2,22.5,21,88,97,93,11,-999,0,15,452
83069003,20141013000000,43.0325,6.469333,118,2,18.7,23.4,20.7,63,96,82,4.3,-999,19,174,628
83069003,20141014000000,43.0325,6.469333,118,2,17.4,21.4,19.3,73,94,85,5.1,-999,0,177,837
83069003,20141015000000,43.0325,6.469333,118,2,18.7,23.3,20.2,61,87,75,4.6,-999,0,376,1220
83069003,20141016000000,43.0325,6.469333,118,2,18.2,23.9,20.8,67,93,82,4.2,-999,0,532,1395
83069003,20141017000000,43.0325,6.469333,118,2,20.3,24.7,21.7,73,95,86,5.9,-999,0,575,1345
83069003,20141018000000,43.0325,6.469333,118,2,19,23.2,20.9,81,96,90,4.6,-999,0,532,1345
83069003,20141019000000,43.0325,6.469333,118,2,18.7,23.2,20.6,76,98,90,3.9,-999,0,550,1234
83069003,20141020000000,43.0325,6.469333,118,2,18,22.6,19.8,75,98,91,3.1,-999,0.2,218,710
83069003,20141021000000,43.0325,6.469333,118,2,18.6,24,21.3,41,94,70,13.8,-999,0,596,1273
83069003,20141022000000,43.0325,6.469333,118,2,14.3,18.3,15.5,25,51,36,16.6,-999,0,616,1467
83069003,20141023000000,43.0325,6.469333,118,2,12,20.2,15.8,23,66,46,5.1,-999,0,625,1433
83069003,20141024000000,43.0325,6.469333,118,2,15.4,21.4,17.8,33,80,62,2.5,-999,0,620,1360
83069003,20141025000000,43.0325,6.469333,118,2,15,21.6,18,54,84,74,3.6,-999,0,598,1286
83069003,20141026000000,43.0325,6.469333,118,2,16.2,21.4,18,57,85,72,5.5,-999,0,312,946
83069003,20141027000000,43.0325,6.469333,118,2,16.3,20.2,17.6,50,72,66,8.2,-999,0,429,1087
83069003,20141028000000,43.0325,6.469333,118,2,15,18.8,16.3,49,73,62,8.5,-999,0,506,1200
83069003,20141029000000,43.0325,6.469333,118,2,14.2,19,16.3,48,74,61,3,-999,0,550,1140
83069003,20141030000000,43.0325,6.469333,118,2,14.2,19.3,16.5,64,79,72,2,-999,0,580,1197
83069003,20141031000000,43.0325,6.469333,118,2,14.4,20,16.7,63,85,77,2.4,-999,0.2,554,1273
83069003,20141101000000,43.0325,6.469333,118,2,15.3,19.4,16.8,66,88,81,2.3,-999,0.4,530,1093
83069003,20141102000000,43.0325,6.469333,118,2,15.2,19.2,16.7,70,91,82,2.1,-999,0,253,692
83069003,20141103000000,43.0325,6.469333,118,2,15.8,20.8,18.2,58,87,74,5.1,-999,0.2,261,949
83069003,20141104000000,43.0325,6.469333,118,2,15,19.3,17,72,95,88,7.9,-999,34.3,7,120
83069003,20141105000000,43.0325,6.469333,118,2,13.3,16,14.1,75,91,84,3.4,-999,0,6,293
83069003,20141106000000,43.0325,6.469333,118,2,11.5,17.4,14.1,63,81,75,2.5,-999,0,383,854
83069003,20141107000000,43.0325,6.469333,118,2,13.9,18.6,16,39,84,62,5.9,-999,0,567,1129
83069003,20141108000000,43.0325,6.469333,118,2,13.2,18.4,15.3,48,77,62,5.3,-999,28.7,551,1123
83069003,20141109000000,43.0325,6.469333,118,2,13.1,17.3,15.4,73,97,89,7.1,-999,25,2,184
83069003,20141110000000,43.0325,6.469333,118,2,14,18.4,15.9,77,96,87,4.8,-999,7,231,676
83069003,20141111000000,43.0325,6.469333,118,2,14.8,17.7,15.8,75,95,89,5.9,-999,5.8,14,262
83069003,20141112000000,43.0325,6.469333,118,2,13.4,15.9,14.7,57,95,82,5.1,-999,8.1,59,286
83069003,20141113000000,43.0325,6.469333,118,2,12.6,17.5,14.8,56,84,66,6.3,-999,0.2,577,1064
83069003,20141114000000,43.0325,6.469333,118,2,13.6,18.1,16.4,80,97,90,7,-999,5.6,0,233
83069003,20141115000000,43.0325,6.469333,118,2,13.5,18.6,15.8,64,95,84,8.4,-999,10,83,317
83069003,20141116000000,43.0325,6.469333,118,2,12.8,17,14.3,46,77,59,5.4,-999,0,544,977
83069003,20141117000000,43.0325,6.469333,118,2,12.5,15.4,13.6,57,88,69,7.9,-999,0,278,628
83069003,20141118000000,43.0325,6.469333,118,2,11.9,15.6,13.6,59,74,66,10.6,-999,0,553,990
83069003,20141119000000,43.0325,6.469333,118,2,12.9,17.5,14.5,52,86,64,5.6,-999,0.2,556,986
83069003,20141120000000,43.0325,6.469333,118,2,12.5,17.7,14.4,66,89,79,3.7,-999,0,483,825
83069003,20141121000000,43.0325,6.469333,118,2,13.2,15.7,14.8,79,89,85,3.9,-999,0.2,1,278
83069003,20141122000000,43.0325,6.469333,118,2,15.1,17.6,16,74,89,82,8,-999,0,37,451
83069003,20141123000000,43.0325,6.469333,118,2,15.6,18.8,17.1,80,92,87,11.9,-999,0,200,617
83069003,20141124000000,43.0325,6.469333,118,2,16.6,17.8,17,85,95,90,11.3,-999,2,4,270
83069003,20141125000000,43.0325,6.469333,118,2,14.8,18,16.1,85,97,95,4.7,-999,53.1,2,191
83069003,20141126000000,43.0325,6.469333,118,2,13.1,16.4,15,88,98,95,7.3,-999,39.9,19,324
83069003,20141127000000,43.0325,6.469333,118,2,13.2,17,15,84,97,92,9,-999,1.4,60,324
83069003,20141128000000,43.0325,6.469333,118,2,14.1,17.1,15.8,79,92,85,20.8,-999,1.4,30,311
83069003,20141129000000,43.0325,6.469333,118,2,15.7,17.5,16.8,77,88,82,20.2,-999,0.2,0,196
83069003,20141130000000,43.0325,6.469333,118,2,15.5,17.7,16.6,71,95,81,17.8,-999,13.5,0,154
83069003,20141201000000,43.0325,6.469333,118,2,13,14.3,13.6,89,98,95,8.2,-999,46.4,0,40
83069003,20141202000000,43.0325,6.469333,118,2,13.2,16.2,14.5,70,91,81,2.8,-999,0,3,407
83069003,20141203000000,43.0325,6.469333,118,2,12.5,17.4,14.1,67,91,84,2.1,-999,0.4,141,486
83069003,20141204000000,43.0325,6.469333,118,2,12.3,15.2,13.7,78,94,87,10.5,-999,12.2,90,430
83069003,20141205000000,43.0325,6.469333,118,2,11.4,15.3,13.7,79,95,87,14.5,-999,45.1,47,363
83069003,20141206000000,43.0325,6.469333,118,2,7.9,12,10.1,81,98,91,9,-999,24.2,0,105
83069003,20141207000000,43.0325,6.469333,118,2,10.9,14.3,11.8,55,87,70,4.3,-999,0,257,560
83069003,20141208000000,43.0325,6.469333,118,2,9.5,14.6,11.1,41,73,60,6.6,-999,3.2,370,733
83069003,20141209000000,43.0325,6.469333,118,2,6.7,13.4,10.3,39,88,57,7.5,-999,5.1,100,248
83069003,20141210000000,43.0325,6.469333,118,2,9.7,13.1,11.1,37,67,52,5.4,-999,0,280,611
83069003,20141211000000,43.0325,6.469333,118,2,10.7,14.2,12.3,38,67,52,12.3,-999,0,530,838
83069003,20141212000000,43.0325,6.469333,118,2,9.7,13.9,12.3,45,76,64,4.7,-999,0,195,415
83069003,20141213000000,43.0325,6.469333,118,2,13.2,16.5,14.6,68,92,81,5.1,-999,0,133,520
83069003,20141214000000,43.0325,6.469333,118,2,13.8,15.6,14.8,75,89,83,6.9,-999,0,1,281
83069003,20141215000000,43.0325,6.469333,118,2,13.6,16.2,14.5,74,91,85,11.6,-999,1,47,372
83069003,20141216000000,43.0325,6.469333,118,2,11.6,13.1,12.3,62,93,83,4.6,-999,0,28,251
83069003,20141217000000,43.0325,6.469333,118,2,10.4,13.9,12.3,51,76,66,6.8,-999,0,275,511
83069003,20141218000000,43.0325,6.469333,118,2,12,16.9,13.6,54,88,73,2.6,-999,0,316,632
83069003,20141219000000,43.0325,6.469333,118,2,12.6,16.4,13.7,53,93,84,2.3,-999,0,192,442
83069003,20141220000000,43.0325,6.469333,118,2,12.8,17.7,15,41,64,54,9.3,-999,0,493,780
83069003,20141221000000,43.0325,6.469333,118,2,10.2,16.2,13.1,49,86,73,4.5,-999,0,447,747
83069003,20141222000000,43.0325,6.469333,118,2,12.1,15.3,13,68,92,83,4,-999,0,75,407
83069003,20141223000000,43.0325,6.469333,118,2,10.9,13.9,12,70,84,76,4,-999,0,123,474
83069003,20141224000000,43.0325,6.469333,118,2,12,15.1,12.7,61,82,70,6.6,-999,0,59,308
83069003,20141225000000,43.0325,6.469333,118,2,9.1,14.8,11.8,46,79,61,5.6,-999,0,423,703
83069003,20141226000000,43.0325,6.469333,118,2,9.5,13.4,10.6,41,61,50,4.6,-999,0,285,591
83069003,20141227000000,43.0325,6.469333,118,2,7.4,12.5,9.4,38,97,61,13.3,-999,7.3,0,83
83069003,20141228000000,43.0325,6.469333,118,2,5.4,10.2,7.5,37,67,52,9.4,-999,0,521,824
83069003,20141229000000,43.0325,6.469333,118,2,6.5,12.4,8.6,14,47,34,4.9,-999,0,526,846
83069003,20141230000000,43.0325,6.469333,118,2,5.7,10.9,8,37,68,52,4.4,-999,0,505,794
83069003,20141231000000,43.0325,6.469333,118,2,6.1,10.6,8.4,56,77,69,6.8,-999,0,293,587
83069003,20150101000000,43.0325,6.469333,118,2,7.1,13.4,9.6,50,80,63,4,-999,0,522,799
83069003,20150102000000,43.0325,6.469333,118,2,8.7,14.4,11.4,50,89,75,3.5,-999,0,501,802
83069003,20150103000000,43.0325,6.469333,118,2,10.3,17.2,13.7,56,83,73,7.6,-999,0.2,476,726
83069003,20150104000000,43.0325,6.469333,118,2,13.3,17.8,15.1,41,88,60,11.2,-999,0,536,856
83069003,20150105000000,43.0325,6.469333,118,2,10.8,16.6,12.8,39,84,64,3.1,-999,0.2,495,815
83069003,20150106000000,43.0325,6.469333,118,2,9.7,13.6,11,53,92,77,4.3,-999,0,521,852
83069003,20150107000000,43.0325,6.469333,118,2,9,14.7,11.2,60,87,76,2.6,-999,0.2,452,826
83069003,20150108000000,43.0325,6.469333,118,2,10.3,13.9,12.2,50,88,70,6.8,-999,0,479,790
83069003,20150109000000,43.0325,6.469333,118,2,10.7,19.1,13.9,40,71,57,10.1,-999,0,427,720
83069003,20150110000000,43.0325,6.469333,118,2,14.4,18.3,16.7,51,77,68,13,-999,0,329,718
83069003,20150111000000,43.0325,6.469333,118,2,12.5,16.6,13.7,29,82,54,13.8,-999,0,517,878
83069003,20150112000000,43.0325,6.469333,118,2,10.1,15.5,12.4,34,89,61,4.7,-999,0,542,921
83069003,20150113000000,43.0325,6.469333,118,2,10.9,14.6,12.1,72,89,82,2.3,-999,0,120,540
83069003,20150114000000,43.0325,6.469333,118,2,11,15.1,12.6,51,90,75,7.9,-999,0,472,822
83069003,20150115000000,43.0325,6.469333,118,2,10.5,14.5,12.7,64,93,84,4.5,-999,0,75,489
83069003,20150116000000,43.0325,6.469333,118,2,12.9,14.4,13.5,88,95,92,6.1,-999,1,0,188
83069003,20150117000000,43.0325,6.469333,118,2,8.5,11.5,9.4,43,92,65,11.4,-999,0,529,943
83069003,20150118000000,43.0325,6.469333,118,2,6.7,11.5,9.1,48,73,58,5,-999,0,381,818
83069003,20150119000000,43.0325,6.469333,118,2,8.3,10,9.2,55,92,81,5.5,-999,13.2,19,241
83069003,20150120000000,43.0325,6.469333,118,2,7.9,11.9,10,67,92,78,8.4,-999,1.8,10,312
83069003,20150121000000,43.0325,6.469333,118,2,8.1,12.3,9.5,74,99,86,12.2,-999,30.5,52,364
83069003,20150122000000,43.0325,6.469333,118,2,6.1,11.2,8.8,62,86,75,4.8,-999,0,117,506
83069003,20150123000000,43.0325,6.469333,118,2,7.9,14,10.5,45,75,61,4.2,-999,0,541,971
83069003,20150124000000,43.0325,6.469333,118,2,8.5,13.9,10.4,37,78,61,5.8,-999,0,417,865
83069003,20150125000000,43.0325,6.469333,118,2,7.3,13.4,10,40,71,53,3.7,-999,0,546,992
83069003,20150126000000,43.0325,6.469333,118,2,7.4,11.8,8.9,35,64,49,3.4,-999,0,64,514
83069003,20150127000000,43.0325,6.469333,118,2,7,11.9,8.9,54,73,64,4.1,-999,0,231,641
83069003,20150128000000,43.0325,6.469333,118,2,7.9,13,9.8,37,71,55,3.8,-999,0,435,929
83069003,20150129000000,43.0325,6.469333,118,2,8.1,12.7,10.8,61,94,74,15.3,-999,5,183,553
83069003,20150130000000,43.0325,6.469333,118,2,6.6,9.4,8.7,35,92,58,16.4,-999,0,526,1135
83069003,20150131000000,43.0325,6.469333,118,2,5.9,11.5,8.3,43,67,53,10.5,-999,0,517,1091
83069003,20150201000000,43.0325,6.469333,118,2,6,9.7,7,39,64,50,15.6,-999,0,549,1142
83069003,20150202000000,43.0325,6.469333,118,2,4.7,10.2,7,40,59,48,11.4,-999,0,562,1185
83069003,20150203000000,43.0325,6.469333,118,2,5.3,9.8,6.9,41,94,72,11.1,-999,27.2,21,362
83069003,20150204000000,43.0325,6.469333,118,2,4.2,9.3,7.1,70,92,83,14,-999,26.2,0,108
83069003,20150205000000,43.0325,6.469333,118,2,5.1,7.4,6.4,72,92,83,8.4,-999,9.6,0,200
83069003,20150206000000,43.0325,6.469333,118,2,5.9,9.6,6.9,62,91,77,3.4,-999,2.6,7,277
83069003,20150207000000,43.0325,6.469333,118,2,5.7,12.3,9.6,52,88,65,10.6,-999,0,287,891
83069003,20150208000000,43.0325,6.469333,118,2,5.8,11.7,8.5,40,86,69,6.4,-999,0,516,1235
83069003,20150209000000,43.0325,6.469333,118,2,7.6,12,9.2,40,76,60,5.2,-999,0,582,1228
83069003,20150210000000,43.0325,6.469333,118,2,7.2,13.3,9.7,64,84,74,1.5,-999,0,596,1263
83069003,20150211000000,43.0325,6.469333,118,2,8.6,13.6,10.5,69,90,81,3.4,-999,0,557,1265
83069003,20150212000000,43.0325,6.469333,118,2,8.1,14.1,10.5,67,94,85,4.3,-999,0,320,1026
83069003,20150213000000,43.0325,6.469333,118,2,9.7,12.4,10.8,81,93,87,3.2,-999,5.8,2,375
83069003,20150214000000,43.0325,6.469333,118,2,8.1,11.4,8.9,87,96,92,4.9,-999,11.9,16,266
83069003,20150215000000,43.0325,6.469333,118,2,7.2,10.8,8.4,80,96,93,9.4,-999,63.1,5,293
83069003,20150216000000,43.0325,6.469333,118,2,6.7,14.6,10.8,54,97,75,12.5,-999,7.7,255,984
83069003,20150217000000,43.0325,6.469333,118,2,9.9,15.8,12.3,47,88,68,6.9,-999,0.2,276,939
83069003,20150218000000,43.0325,6.469333,118,2,10.1,15.5,11.9,48,75,62,7,-999,0,598,1370
83069003,20150219000000,43.0325,6.469333,118,2,8.6,13.8,10.4,59,83,71,2.9,-999,0,550,1393
83069003,20150220000000,43.0325,6.469333,118,2,7.6,13,9.6,58,93,76,2.7,-999,5,449,1240
83069003,20150221000000,43.0325,6.469333,118,2,7.5,11.8,9.1,75,96,86,4.6,-999,9.3,16,369
83069003,20150222000000,43.0325,6.469333,118,2,6.3,13.4,9.5,52,84,67,5.5,-999,0,436,1284
83069003,20150223000000,43.0325,6.469333,118,2,7.1,13.7,10.6,39,85,68,6.5,-999,0,305,1023
83069003,20150224000000,43.0325,6.469333,118,2,9.4,12.4,10.8,32,67,45,14.9,-999,0,585,1582
83069003,20150225000000,43.0325,6.469333,118,2,9.6,15.8,11.6,24,70,48,5.2,-999,0,580,1555
83069003,20150226000000,43.0325,6.469333,118,2,8.1,14,11,31,71,53,2.4,-999,0,639,1580
83069003,20150227000000,43.0325,6.469333,118,2,9,11.5,9.8,56,82,68,3.6,-999,0.2,18,495
83069003,20150228000000,43.0325,6.469333,118,2,7.3,14.4,10.7,45,81,68,2.7,-999,0,558,1549
83069003,20150301000000,43.0325,6.469333,118,2,8.6,13.2,10.8,55,95,83,9.7,-999,0.2,114,799
83069003,20150302000000,43.0325,6.469333,118,2,11.4,16.7,14.3,47,94,77,12.2,-999,0,383,1284
83069003,20150303000000,43.0325,6.469333,118,2,11.7,15.1,13.1,47,78,62,11.1,-999,0,617,1653
83069003,20150304000000,43.0325,6.469333,118,2,10.3,15.3,10.9,39,92,71,8.5,-999,7.1,262,987
83069003,20150305000000,43.0325,6.469333,118,2,5.4,15.3,10.7,17,74,43,4.1,-999,0,649,1739
83069003,20150306000000,43.0325,6.469333,118,2,8.3,14.6,11.2,26,69,44,5.2,-999,0,668,1774
83069003,20150307000000,43.0325,6.469333,118,2,8.8,14.5,11.1,30,79,61,4.6,-999,0,644,1686
83069003,20150308000000,43.0325,6.469333,118,2,8.7,16,11.7,45,84,65,3.7,-999,0,591,1715
83069003,20150309000000,43.0325,6.469333,118,2,9.1,14.7,11.4,48,82,62,2.5,-999,0,460,1454
83069003,20150310000000,43.0325,6.469333,118,2,8.9,15.2,11.3,67,93,81,4.4,-999,0,596,1697
83069003,20150311000000,43.0325,6.469333,118,2,9.6,15,11.9,77,96,89,3,-999,0,375,1314
83069003,20150312000000,43.0325,6.469333,118,2,10.4,16.2,12.6,29,96,68,5.1,-999,0,527,1710
83069003,20150313000000,43.0325,6.469333,118,2,9.2,14.8,12.1,50,90,74,5.6,-999,0,443,1606
83069003,20150314000000,43.0325,6.469333,118,2,9.7,13.2,11,65,94,83,8,-999,38.7,194,1044
83069003,20150315000000,43.0325,6.469333,118,2,8.2,10,8.9,82,96,90,18,-999,33.9,0,195
83069003,20150316000000,43.0325,6.469333,118,2,7.9,12.9,10.3,67,93,80,11.3,-999,5,66,911
83069003,20150317000000,43.0325,6.469333,118,2,8.6,13.4,12,66,91,77,14.1,-999,0,3,394
83069003,20150318000000,43.0325,6.469333,118,2,11.7,16.2,13.1,62,84,72,5.4,-999,0,539,1696
83069003,20150319000000,43.0325,6.469333,118,2,10.1,15.8,12.5,59,91,77,5.3,-999,0,595,1797
83069003,20150320000000,43.0325,6.469333,118,2,11,15.2,13,67,90,78,10.4,-999,0,91,1091
83069003,20150321000000,43.0325,6.469333,118,2,11.3,12.7,11.8,75,94,86,10.6,-999,1,0,321
83069003,20150322000000,43.0325,6.469333,118,2,9,12.6,10.6,65,96,83,9.4,-999,4.6,19,629
83069003,20150323000000,43.0325,6.469333,118,2,9.9,15.7,12.6,59,85,74,5.7,-999,0,524,1822
83069003,20150324000000,43.0325,6.469333,118,2,10.7,14.1,12.1,70,93,84,12.7,-999,5.6,106,640
83069003,20150325000000,43.0325,6.469333,118,2,10.5,14.3,11.8,65,91,81,6.7,-999,0.2,0,501
83069003,20150326000000,43.0325,6.469333,118,2,8.7,16.1,12.4,43,74,62,4.5,-999,0,675,2136
83069003,20150327000000,43.0325,6.469333,118,2,10.9,19.8,15,26,66,41,11.3,-999,0,588,2032
83069003,20150328000000,43.0325,6.469333,118,2,10.8,18.3,14.7,25,76,49,5.6,-999,0,612,2054
83069003,20150329000000,43.0325,6.469333,118,2,13.9,19.9,15.8,42,72,59,12.2,-999,0,481,1776
83069003,20150330000000,43.0325,6.469333,118,2,13.2,21.6,16.6,36,78,60,16.4,-999,0,599,1988
83069003,20150331000000,43.0325,6.469333,118,2,15.1,20.2,16.6,45,74,60,15.7,-999,0,723,2239
83069003,20150401000000,43.0325,6.469333,118,2,12.6,16.9,14,26,52,39,16.8,-999,0,680,2263
83069003,20150402000000,43.0325,6.469333,118,2,10.1,19,14.4,35,59,48,11.6,-999,0,702,2296
83069003,20150403000000,43.0325,6.469333,118,2,10.5,16,13.1,54,93,76,4.2,-999,0,611,1862
83069003,20150404000000,43.0325,6.469333,118,2,10.5,17.4,13.1,52,96,78,5.4,-999,5.4,460,2105
83069003,20150405000000,43.0325,6.469333,118,2,8.7,15.6,11,52,92,72,4.3,-999,1.7,192,1396
83069003,20150406000000,43.0325,6.469333,118,2,8.8,14.4,11.5,38,80,60,4.7,-999,0,699,2356
83069003,20150407000000,43.0325,6.469333,118,2,8.7,15.6,11.8,32,84,52,4.5,-999,0,689,2391
83069003,20150408000000,43.0325,6.469333,118,2,9.2,15.3,12.3,14,72,60,9.1,-999,0,758,-999
83069003,20150409000000,43.0325,6.469333,118,2,9.6,16.1,12.7,42,81,70,4,-999,0,706,-999
83069003,20150410000000,43.0325,6.469333,118,2,9.8,16.1,12.4,40,90,73,2.9,-999,0.2,737,2200
83069003,20150411000000,43.0325,6.469333,118,2,10.3,15.9,12.8,58,94,81,2.7,-999,0.2,618,2010
83069003,20150412000000,43.0325,6.469333,118,2,10.9,17.1,13.6,62,94,84,4.3,-999,0.2,622,-999
83069003,20150413000000,43.0325,6.469333,118,2,12.3,20.1,16.2,44,92,64,5.8,-999,0,753,-999
83069003,20150414000000,43.0325,6.469333,118,2,12,18.2,14.9,64,92,83,5,-999,0.2,706,2400
83069003,20150415000000,43.0325,6.469333,118,2,12.8,17.2,14.3,73,95,87,4.1,-999,0.2,570,-999
83069003,20150416000000,43.0325,6.469333,118,2,12.5,15.7,13.9,81,96,91,8.3,-999,1,38,-999
83069003,20150417000000,43.0325,6.469333,118,2,13.3,18.2,15.3,68,95,85,6.6,-999,0,544,-999
83069003,20150418000000,43.0325,6.469333,118,2,13.5,19.8,15.7,59,94,79,5.8,-999,2,621,-999
83069003,20150419000000,43.0325,6.469333,118,2,10.6,13.1,12.5,71,93,83,11.9,-999,11,67,-999
83069003,20150420000000,43.0325,6.469333,118,2,11.4,15.9,13.7,51,85,74,4.9,-999,0,233,1630
83069003,20150421000000,43.0325,6.469333,118,2,12.2,20.2,15.8,50,90,74,4.1,-999,0,795,2550
83069003,20150422000000,43.0325,6.469333,118,2,12,17.8,15.2,44,95,71,4.1,-999,0,383,-999
83069003,20150423000000,43.0325,6.469333,118,2,12.6,19.5,15.4,47,94,78,5.2,-999,0,653,-999
83069003,20150424000000,43.0325,6.469333,118,2,12.8,18.8,15.1,71,95,87,4,-999,0.2,692,-999
83069003,20150425000000,43.0325,6.469333,118,2,13.4,17.5,15.1,81,96,92,4.2,-999,0.6,149,-999
83069003,20150426000000,43.0325,6.469333,118,2,14,18.1,15.6,79,96,90,7.5,-999,0.2,195,-999
83069003,20150427000000,43.0325,6.469333,118,2,12.2,15.4,13.6,85,97,94,5.1,-999,11.7,5,640
83069003,20150428000000,43.0325,6.469333,118,2,12,19.7,15.3,39,93,57,8.9,-999,0,770,2660
83069003,20150429000000,43.0325,6.469333,118,2,12.1,18.5,14.5,43,78,67,5.6,-999,0,633,-999
83069003,20150430000000,43.0325,6.469333,118,2,11.8,19.4,15.3,39,91,68,7.6,-999,0,747,-999
83069003,20150501000000,43.0325,6.469333,118,2,13.3,17.3,15.1,79,95,88,6.2,-999,0,60,1182
83069003,20150502000000,43.0325,6.469333,118,2,14.7,20.7,17.3,50,92,75,9,-999,0,648,2546
83069003,20150503000000,43.0325,6.469333,118,2,14.4,19.3,16.2,73,97,90,6.3,-999,0,284,1792
83069003,20150504000000,43.0325,6.469333,118,2,14.9,19.2,16.4,75,96,88,10.7,-999,0,231,1772
83069003,20150505000000,43.0325,6.469333,118,2,15.7,20.8,18,62,84,73,9.7,-999,0,316,1734
83069003,20150506000000,43.0325,6.469333,118,2,15.9,24.1,18.6,48,87,73,5.5,-999,0,600,2358
83069003,20150507000000,43.0325,6.469333,118,2,15.2,21,17.2,54,87,69,7.5,-999,0,828,2821
83069003,20150508000000,43.0325,6.469333,118,2,14,19.9,16.7,55,96,79,5.6,-999,0,602,2430
83069003,20150509000000,43.0325,6.469333,118,2,15.6,25.8,19.9,34,84,61,6.2,-999,0,743,2530
83069003,20150510000000,43.0325,6.469333,118,2,16.7,23.5,20.6,37,72,53,4.7,-999,0,802,2581
83069003,20150511000000,43.0325,6.469333,118,2,15.2,24.2,19.4,44,94,69,2.7,-999,0.2,749,2626
83069003,20150512000000,43.0325,6.469333,118,2,14.3,23.4,17.6,43,96,82,3.7,-999,0.2,678,2666
83069003,20150513000000,43.0325,6.469333,118,2,15,22.3,18.4,49,93,80,6.6,-999,0,649,2325
83069003,20150514000000,43.0325,6.469333,118,2,16.6,20.6,17.7,78,96,90,6,-999,0.2,73,1191
83069003,20150515000000,43.0325,6.469333,118,2,14.5,18.9,16.2,38,96,56,14.1,-999,0.2,747,2843
83069003,20150516000000,43.0325,6.469333,118,2,13.1,22.5,18,37,80,57,3.7,-999,0,775,2658
83069003,20150517000000,43.0325,6.469333,118,2,16,24.5,20.9,44,77,56,3.1,-999,0,820,2723
83069003,20150518000000,43.0325,6.469333,118,2,17.1,22.1,18.9,47,91,64,6.2,-999,0,823,2847
83069003,20150519000000,43.0325,6.469333,118,2,14.6,22,16.8,56,96,82,6.7,-999,0.2,478,2118
83069003,20150520000000,43.0325,6.469333,118,2,14.9,19.9,16.6,27,80,49,14.1,-999,0,719,2945
83069003,20150521000000,43.0325,6.469333,118,2,11.9,20.6,15.1,28,80,54,7.7,-999,0,746,2717
83069003,20150522000000,43.0325,6.469333,118,2,12.2,20.6,16.5,32,85,58,4.7,-999,0,808,2928
83069003,20150523000000,43.0325,6.469333,118,2,13.8,21.1,17.2,37,92,69,4.4,-999,0,721,2401
83069003,20150524000000,43.0325,6.469333,118,2,14.9,20.6,17.6,53,87,71,4.8,-999,0,638,2755
83069003,20150525000000,43.0325,6.469333,118,2,14.5,19.9,17.2,68,92,82,3.3,-999,0.2,776,2849
83069003,20150526000000,43.0325,6.469333,118,2,14.3,21,17.5,63,93,79,3,-999,0,480,2135
83069003,20150527000000,43.0325,6.469333,118,2,15.3,22.8,18.9,39,85,65,3.2,-999,0,850,2882
83069003,20150528000000,43.0325,6.469333,118,2,15,21.5,18.2,48,91,75,4.9,-999,0,810,2894
83069003,20150529000000,43.0325,6.469333,118,2,15.3,20.5,17.7,68,93,81,3.6,-999,0.2,627,2768
83069003,20150530000000,43.0325,6.469333,118,2,15.8,23.1,18.5,57,95,82,4.4,-999,0.4,714,2636
83069003,20150531000000,43.0325,6.469333,118,2,15.9,22.5,18.9,64,94,81,3.1,-999,0.2,793,2882
83069003,20150601000000,43.0325,6.469333,118,2,16.2,22.3,18.6,57,96,83,3.1,-999,0.4,713,2756
83069003,20150602000000,43.0325,6.469333,118,2,16.4,24.2,19.7,49,97,81,4.3,-999,0.2,860,2923
83069003,20150603000000,43.0325,6.469333,118,2,17,25.4,20.5,46,94,77,3.2,-999,0.2,768,2788
83069003,20150604000000,43.0325,6.469333,118,2,18,24.9,21.4,41,95,76,2.3,-999,0,868,2902
83069003,20150605000000,43.0325,6.469333,118,2,18.2,28.5,22.9,34,94,63,3.1,-999,0,863,2856
83069003,20150606000000,43.0325,6.469333,118,2,20.2,30.9,26,31,81,48,2.6,-999,0,853,2851
83069003,20150607000000,43.0325,6.469333,118,2,21.5,28.5,24.5,43,79,61,3.8,-999,0,637,2652
83069003,20150608000000,43.0325,6.469333,118,2,20.4,28,23.6,48,91,73,3.1,-999,0,737,2793
83069003,20150609000000,43.0325,6.469333,118,2,19.5,27.5,23,57,94,81,6.1,-999,2.8,734,2751
83069003,20150610000000,43.0325,6.469333,118,2,18.7,26.4,22.3,73,94,85,7,-999,39.8,517,2492
83069003,20150611000000,43.0325,6.469333,118,2,20.1,27.1,23.2,60,87,73,8.2,-999,0.8,813,2880
83069003,20150612000000,43.0325,6.469333,118,2,20.6,24.6,21.7,69,94,81,12.3,-999,0.2,210,1533
83069003,20150613000000,43.0325,6.469333,118,2,18,24.3,21.1,78,92,85,6.1,-999,20,125,1351
83069003,20150614000000,43.0325,6.469333,118,2,18,24,20.7,66,95,84,4.6,-999,0,632,2691
83069003,20150615000000,43.0325,6.469333,118,2,19,24.2,21.5,56,93,76,6.9,-999,0,865,3035
83069003,20150616000000,43.0325,6.469333,118,2,19,24.4,20.9,57,90,77,3.8,-999,0,612,2328
83069003,20150617000000,43.0325,6.469333,118,2,18.2,25,22,47,83,66,4,-999,0,873,2949
83069003,20150618000000,43.0325,6.469333,118,2,18.8,26,22.6,53,88,72,4.2,-999,0,888,3012
83069003,20150619000000,43.0325,6.469333,118,2,18.8,25.8,22.5,52,93,74,2.9,-999,0,881,2896
83069003,20150620000000,43.0325,6.469333,118,2,18.8,27.4,23.3,36,89,60,4.7,-999,0,699,2797
83069003,20150621000000,43.0325,6.469333,118,2,19.9,25.5,22.4,49,88,69,3.8,-999,0,798,2731
83069003,20150622000000,43.0325,6.469333,118,2,19,26.3,22.3,50,87,71,5.2,-999,0,877,3015
83069003,20150623000000,43.0325,6.469333,118,2,20,26.6,22.9,33,89,65,9.2,-999,0,823,3019
83069003,20150624000000,43.0325,6.469333,118,2,19.6,26.6,22.5,41,79,62,5.6,-999,0,862,3073
83069003,20150625000000,43.0325,6.469333,118,2,19.7,26.2,23,42,76,55,5.3,-999,0,825,2996
83069003,20150626000000,43.0325,6.469333,118,2,19.7,26,22.6,50,88,67,4.2,-999,0,874,2963
83069003,20150627000000,43.0325,6.469333,118,2,19.9,26.9,23.1,50,89,73,3.1,-999,0,850,2884
83069003,20150628000000,43.0325,6.469333,118,2,20,27.5,23.3,47,94,75,4.8,-999,0.2,866,2970
83069003,20150629000000,43.0325,6.469333,118,2,21,26.3,23.2,64,94,82,2.9,-999,0.2,781,2823
83069003,20150630000000,43.0325,6.469333,118,2,20.7,27.2,23.6,71,95,84,3.7,-999,0.4,800,2865
83069003,20150701000000,43.0325,6.469333,118,2,21.3,28.3,24.2,46,96,80,2.1,-999,0.2,811,2883
83069003,20150702000000,43.0325,6.469333,118,2,21.7,30,25.6,43,94,65,3.6,-999,0.2,813,2794
83069003,20150703000000,43.0325,6.469333,118,2,22.8,30.1,26,50,93,71,4.2,-999,0,767,2738
83069003,20150704000000,43.0325,6.469333,118,2,22.9,30.2,26.5,36,94,65,4.8,-999,0,787,2749
83069003,20150705000000,43.0325,6.469333,118,2,23.7,32.8,27.2,32,90,59,4.5,-999,0,780,2776
83069003,20150706000000,43.0325,6.469333,118,2,23,29.1,25.7,59,94,78,2.8,-999,0.2,791,2797
83069003,20150707000000,43.0325,6.469333,118,2,23.1,29,25.6,55,96,80,4.4,-999,0,723,2735
83069003,20150708000000,43.0325,6.469333,118,2,22.5,30.7,26.2,26,90,59,9,-999,0,799,2830
83069003,20150709000000,43.0325,6.469333,118,2,22,30.6,26,31,88,45,3.5,-999,0,830,2862
83069003,20150710000000,43.0325,6.469333,118,2,21.8,29.3,25.6,48,91,67,5.7,-999,0,844,2869
83069003,20150711000000,43.0325,6.469333,118,2,21.5,29.3,25.1,49,87,66,6,-999,0,843,2886
83069003,20150712000000,43.0325,6.469333,118,2,22.6,29.1,25.5,50,93,74,5.5,-999,0.2,805,2790
83069003,20150713000000,43.0325,6.469333,118,2,22.2,29.5,25.4,34,94,71,3.4,-999,0.2,759,2714
83069003,20150714000000,43.0325,6.469333,118,2,23.2,28.4,25.5,66,92,79,3.3,-999,0,618,2432
83069003,20150715000000,43.0325,6.469333,118,2,22.7,28.8,25.7,68,88,79,3.8,-999,0.4,717,2692
83069003,20150716000000,43.0325,6.469333,118,2,22.6,29.1,25.7,69,92,82,2.8,-999,0.2,816,2722
83069003,20150717000000,43.0325,6.469333,118,2,22.7,30.3,26.3,51,93,75,3,-999,0,740,2702
83069003,20150718000000,43.0325,6.469333,118,2,23.9,31.6,27.1,42,85,66,3.1,-999,0,799,2761
83069003,20150719000000,43.0325,6.469333,118,2,23.3,31.1,26.7,39,87,70,5.1,-999,0,806,2783
83069003,20150720000000,43.0325,6.469333,118,2,24,30.2,26.9,57,88,75,3.9,-999,0.2,835,2773
83069003,20150721000000,43.0325,6.469333,118,2,24.2,30.7,26.7,67,94,83,4.5,-999,0.2,654,2654
83069003,20150722000000,43.0325,6.469333,118,2,23.8,30.7,26.7,59,95,80,4.1,-999,0,742,2763
83069003,20150723000000,43.0325,6.469333,118,2,24.2,30.6,26.7,60,89,75,3.4,-999,0,510,1992
83069003,20150724000000,43.0325,6.469333,118,2,24.3,30.1,26.7,63,91,78,4.7,-999,0,757,2760
83069003,20150725000000,43.0325,6.469333,118,2,24.1,30.1,26.5,32,88,55,11.3,-999,0,834,2795
83069003,20150726000000,43.0325,6.469333,118,2,21.5,28,23.4,35,88,56,8.1,-999,0,798,2726
83069003,20150727000000,43.0325,6.469333,118,2,20.2,27.7,23.8,45,90,63,10.5,-999,0,824,2802
83069003,20150728000000,43.0325,6.469333,118,2,19.5,24,21.4,49,81,63,13,-999,0,851,2878
83069003,20150729000000,43.0325,6.469333,118,2,17.9,29.3,22.6,37,88,65,9.4,-999,0,786,2723
83069003,20150730000000,43.0325,6.469333,118,2,18.3,27.6,21.9,34,80,55,8,-999,0,769,2694
83069003,20150731000000,43.0325,6.469333,118,2,18.3,27.5,23.6,46,83,68,6.5,-999,0,772,2713
83069003,20150801000000,43.0325,6.469333,118,2,21.6,26.4,23.3,64,88,77,3,-999,0.2,333,1653
83069003,20150802000000,43.0325,6.469333,118,2,21.2,26.2,23.2,68,92,81,3.8,-999,0,767,2632
83069003,20150803000000,43.0325,6.469333,118,2,20.3,28,23.7,48,93,76,5.3,-999,0.2,828,2780
83069003,20150804000000,43.0325,6.469333,118,2,20.8,30.6,25.3,42,94,73,6,-999,0,513,2417
83069003,20150805000000,43.0325,6.469333,118,2,23.2,28.1,25.3,65,94,81,5.1,-999,0.2,803,2658
83069003,20150806000000,43.0325,6.469333,118,2,22.7,31.2,26.7,39,94,66,2.7,-999,0,808,2597
83069003,20150807000000,43.0325,6.469333,118,2,23.8,33.3,28.6,35,88,55,2.9,-999,0,786,2552
83069003,20150808000000,43.0325,6.469333,118,2,25.6,33.9,28.3,33,80,59,3.6,-999,0,755,2529
83069003,20150809000000,43.0325,6.469333,118,2,23.1,27.8,24.5,58,79,68,8.7,-999,0,531,2252
83069003,20150810000000,43.0325,6.469333,118,2,20.9,26.4,23.4,61,88,74,4.9,-999,0,387,1947
83069003,20150811000000,43.0325,6.469333,118,2,20.6,30.5,25.3,39,87,61,3.4,-999,0,765,2502
83069003,20150812000000,43.0325,6.469333,118,2,23.2,32.5,27.1,31,75,53,3.5,-999,0,767,2487
83069003,20150813000000,43.0325,6.469333,118,2,22.9,29.3,25.2,37,84,67,3.9,-999,0,577,2001
83069003,20150814000000,43.0325,6.469333,118,2,22.5,27.8,24.1,55,92,74,6.7,-999,0,657,2377
83069003,20150815000000,43.0325,6.469333,118,2,20.1,25.1,21.8,53,76,64,9.5,-999,0,532,2073
83069003,20150816000000,43.0325,6.469333,118,2,19,25.1,21.2,49,77,59,9.5,-999,0,757,2547
83069003,20150817000000,43.0325,6.469333,118,2,17.9,24,20.6,49,83,66,10.9,-999,0,792,2616
83069003,20150818000000,43.0325,6.469333,118,2,18.6,22.8,20.3,50,81,65,7.5,-999,0,443,1803
83069003,20150819000000,43.0325,6.469333,118,2,17.9,26.5,21.8,34,84,60,4.5,-999,0,789,2536
83069003,20150820000000,43.0325,6.469333,118,2,20.2,26.8,23.1,38,87,64,3.1,-999,0,782,2488
83069003,20150821000000,43.0325,6.469333,118,2,20.4,26,22.8,65,88,77,6.1,-999,0,772,2469
83069003,20150822000000,43.0325,6.469333,118,2,20.3,27.7,23.4,53,88,75,4.9,-999,0,749,2409
83069003,20150823000000,43.0325,6.469333,118,2,20.2,25.5,22.4,62,94,80,10.8,-999,5.7,220,1507
83069003,20150824000000,43.0325,6.469333,118,2,19.4,25.7,22.7,57,91,86,6.3,-999,0,137,942
83069003,20150825000000,43.0325,6.469333,118,2,19.6,24.8,22.2,42,73,58,10.4,-999,0,784,2509
83069003,20150826000000,43.0325,6.469333,118,2,19.7,25.6,22.1,61,93,76,4.9,-999,0.2,778,2442
83069003,20150827000000,43.0325,6.469333,118,2,19.4,24.5,21.9,56,93,78,1.8,-999,0.2,782,2446
83069003,20150828000000,43.0325,6.469333,118,2,20,26.6,23.1,48,89,72,2.2,-999,0,780,2336
83069003,20150829000000,43.0325,6.469333,118,2,20.9,30.1,24.8,41,93,63,4.5,-999,0.2,775,2384
83069003,20150830000000,43.0325,6.469333,118,2,20.8,27.5,24,54,95,81,4.3,-999,0.6,767,2378
83069003,20150831000000,43.0325,6.469333,118,2,21.1,28.2,24.1,49,94,78,4.6,-999,0.2,718,2236
83069003,20150901000000,43.0325,6.469333,118,2,21.7,28.4,24.6,56,94,76,4.8,-999,0,501,1855
83069003,20150902000000,43.0325,6.469333,118,2,21,26.1,23.1,50,75,62,10.5,-999,0,752,2204
83069003,20150903000000,43.0325,6.469333,118,2,20.7,27,22.9,31,73,57,7.1,-999,0,398,1620
83069003,20150904000000,43.0325,6.469333,118,2,20.1,23.7,21.7,41,69,54,7.7,-999,0,167,902
83069003,20150905000000,43.0325,6.469333,118,2,19.2,23.9,20.6,31,69,49,11.7,-999,0,753,2328
83069003,20150906000000,43.0325,6.469333,118,2,16.9,25.5,20.8,41,86,59,4.1,-999,0,730,2216
83069003,20150907000000,43.0325,6.469333,118,2,17.2,24.4,20.6,46,90,71,3.6,-999,0.2,731,2205
83069003,20150908000000,43.0325,6.469333,118,2,18.3,24.8,21.3,50,77,63,7,-999,0,640,1825
83069003,20150909000000,43.0325,6.469333,118,2,19.7,26.2,21.9,43,78,57,5.3,-999,0,670,2087
83069003,20150910000000,43.0325,6.469333,118,2,18.8,24.9,21.3,32,86,63,4,-999,0,387,1941
83069003,20150911000000,43.0325,6.469333,118,2,18.4,24.6,21.1,52,85,70,4,-999,0,708,2111
83069003,20150912000000,43.0325,6.469333,118,2,19.9,25.1,22.1,61,88,76,11.2,-999,5.9,615,1903
83069003,20150913000000,43.0325,6.469333,118,2,16.9,22.1,20.7,73,95,87,10,-999,0,57,741
83069003,20150914000000,43.0325,6.469333,118,2,20.3,27.3,22.7,49,94,74,5.9,-999,0,484,1755
83069003,20150915000000,43.0325,6.469333,118,2,19.6,23.8,21.2,52,87,69,5.8,-999,0.2,396,1516
83069003,20150916000000,43.0325,6.469333,118,2,20.2,26,22.7,76,95,90,5,-999,0,240,1356
83069003,20150917000000,43.0325,6.469333,118,2,21.8,26.8,22.3,57,96,79,5.8,-999,0,207,1112
83069003,20150918000000,43.0325,6.469333,118,2,18.7,23.9,21.2,38,75,57,9.5,-999,0,652,1929
83069003,20150919000000,43.0325,6.469333,118,2,18.7,25.5,21,35,58,49,9.5,-999,0,658,2024
83069003,20150920000000,43.0325,6.469333,118,2,18,25.7,21.3,34,84,54,3.7,-999,0.2,717,2001
83069003,20150921000000,43.0325,6.469333,118,2,16.9,23.2,19.9,61,86,74,3.9,-999,0,699,1972
83069003,20150922000000,43.0325,6.469333,118,2,17.7,23.2,19.9,53,92,70,8.1,-999,0.2,630,1826
83069003,20150923000000,43.0325,6.469333,118,2,16.6,22.5,18.6,33,68,48,11.1,-999,0,644,1988
83069003,20150924000000,43.0325,6.469333,118,2,15.4,23.5,18.9,27,80,52,3.1,-999,0,707,1943
83069003,20150925000000,43.0325,6.469333,118,2,16.8,25.5,20.7,28,81,53,3.5,-999,0,695,1819
83069003,20150926000000,43.0325,6.469333,118,2,17.6,24.4,20.1,61,84,74,4,-999,0,481,1478
83069003,20150927000000,43.0325,6.469333,118,2,18.4,24.7,20.5,55,79,70,3.6,-999,0,423,1521
83069003,20150928000000,43.0325,6.469333,118,2,18,24.5,19.8,45,84,65,7.3,-999,6,373,1309
83069003,20150929000000,43.0325,6.469333,118,2,15.9,21.1,18.5,47,75,53,17.4,-999,0,210,1283
83069003,20150930000000,43.0325,6.469333,118,2,17.6,19.6,18.3,48,67,56,19.3,-999,0,227,1098
83069003,20151001000000,43.0325,6.469333,118,2,16.1,19.4,17.1,39,87,58,11.6,-999,21.6,0,701
83069003,20151002000000,43.0325,6.469333,118,2,13.3,16.2,14.7,79,94,90,4,-999,18.1,27,353
83069003,20151003000000,43.0325,6.469333,118,2,15.2,19.5,17.6,81,95,88,7.3,-999,3.8,60,493
83069003,20151004000000,43.0325,6.469333,118,2,16.4,22.4,18.9,37,94,74,2.4,-999,0,517,1559
83069003,20151005000000,43.0325,6.469333,118,2,17.2,22.4,19.5,68,96,84,4.6,-999,0,285,1122
83069003,20151006000000,43.0325,6.469333,118,2,18.3,21.7,19.2,73,95,86,8,-999,0.8,35,589
83069003,20151007000000,43.0325,6.469333,118,2,16.4,22.1,19.3,47,85,60,9.9,-999,0,664,1714
83069003,20151008000000,43.0325,6.469333,118,2,17,22.5,18.9,60,90,76,4.3,-999,0,623,1601
83069003,20151009000000,43.0325,6.469333,118,2,16.8,21.1,18.8,72,92,81,6.7,-999,0.2,8,718
83069003,20151010000000,43.0325,6.469333,118,2,18,22.4,19.1,48,91,72,4.4,-999,0.2,623,1575
83069003,20151011000000,43.0325,6.469333,118,2,15.4,22,17.9,50,92,75,3.6,-999,1.8,640,1575
83069003,20151012000000,43.0325,6.469333,118,2,16.5,17.6,16.9,78,96,91,7.1,-999,48.3,0,142
83069003,20151013000000,43.0325,6.469333,118,2,15.6,20.9,17.9,70,92,85,5.8,-999,0,213,912
83069003,20151014000000,43.0325,6.469333,118,2,14,18.7,14.7,48,86,64,9.1,-999,0,624,1408
83069003,20151015000000,43.0325,6.469333,118,2,8.3,15.8,11.8,42,76,59,14,-999,0,628,1556
83069003,20151016000000,43.0325,6.469333,118,2,8.5,16.2,11.8,47,69,58,9.1,-999,0,471,1528
83069003,20151017000000,43.0325,6.469333,118,2,11.1,17.1,13.9,53,86,67,3,-999,1.2,466,1313
83069003,20151018000000,43.0325,6.469333,118,2,13.9,17.4,15.5,80,95,88,5.1,-999,0,4,521
83069003,20151019000000,43.0325,6.469333,118,2,14.7,19.6,16.6,75,91,87,2.7,-999,0.2,37,502
83069003,20151020000000,43.0325,6.469333,118,2,15.5,19.9,16.9,54,92,69,5.8,-999,0,501,1130
83069003,20151021000000,43.0325,6.469333,118,2,14.6,18.1,15.7,56,80,70,4.2,-999,0,143,706
83069003,20151022000000,43.0325,6.469333,118,2,13.6,18.8,15.8,52,82,66,2.9,-999,0,576,1357
83069003,20151023000000,43.0325,6.469333,118,2,14.1,20,16.7,59,90,73,3,-999,0.4,617,1353
83069003,20151024000000,43.0325,6.469333,118,2,14.4,20.1,16.7,59,92,81,3.5,-999,0,424,1095
83069003,20151025000000,43.0325,6.469333,118,2,15,18.7,16.5,76,91,85,4.1,-999,0,85,710
83069003,20151026000000,43.0325,6.469333,118,2,15.4,19.7,17.3,70,89,83,10.5,-999,0,292,980
83069003,20151027000000,43.0325,6.469333,118,2,13.7,17.6,16,70,95,84,14,-999,29.9,0,158
83069003,20151028000000,43.0325,6.469333,118,2,13.7,17.4,15.5,77,94,87,9.1,-999,2.6,43,185
83069003,20151029000000,43.0325,6.469333,118,2,13.2,19.1,15.3,54,84,69,4.7,-999,0.2,551,1195
83069003,20151030000000,43.0325,6.469333,118,2,14.3,21,17.2,52,86,72,2.6,-999,0,607,1207
83069003,20151031000000,43.0325,6.469333,118,2,15.8,20.6,17.9,51,83,65,11.9,-999,0,597,1232
83069003,20151101000000,43.0325,6.469333,118,2,15.7,19.3,17.3,47,75,62,13.5,-999,0,585,1200
83069003,20151102000000,43.0325,6.469333,118,2,15.4,18.5,16.6,55,72,65,14.5,-999,0.2,516,1045
83069003,20151103000000,43.0325,6.469333,118,2,13.6,16.1,15.3,68,96,86,13.1,-999,63.1,0,24
83069003,20151104000000,43.0325,6.469333,118,2,14.3,18.3,15.9,75,93,85,6,-999,0.2,67,448
83069003,20151105000000,43.0325,6.469333,118,2,14.5,19,16.1,75,95,89,2.8,-999,0,414,881
83069003,20151106000000,43.0325,6.469333,118,2,13.9,18.7,15.9,73,96,89,3.2,-999,0.2,517,1034
83069003,20151107000000,43.0325,6.469333,118,2,14.4,19,15.9,74,96,89,3,-999,0.4,519,1061
83069003,20151108000000,43.0325,6.469333,118,2,14.4,18.3,15.3,75,96,91,3.9,-999,0.2,320,703
83069003,20151109000000,43.0325,6.469333,118,2,13.6,19,16,71,94,86,6.7,-999,0.4,569,1049
83069003,20151110000000,43.0325,6.469333,118,2,14.7,18.7,16.1,74,91,86,3.8,-999,0,214,686
83069003,20151111000000,43.0325,6.469333,118,2,15.3,19.2,16.7,72,90,83,2,-999,0,97,654
83069003,20151112000000,43.0325,6.469333,118,2,15.1,18.7,16.2,67,94,82,3.9,-999,0.2,385,870
83069003,20151113000000,43.0325,6.469333,118,2,14.2,17.3,15.4,70,94,85,4,-999,0.2,13,406
83069003,20151114000000,43.0325,6.469333,118,2,13.3,18.6,15.5,66,84,74,3,-999,0,531,951
83069003,20151115000000,43.0325,6.469333,118,2,12.4,18,15.3,61,94,83,3.1,-999,0.4,530,976
83069003,20151116000000,43.0325,6.469333,118,2,13.9,18.2,15.3,74,95,87,1.8,-999,0,392,855
83069003,20151117000000,43.0325,6.469333,118,2,14.2,17.7,15,74,93,87,2.6,-999,0.2,499,962
83069003,20151118000000,43.0325,6.469333,118,2,12.9,19.1,15.5,63,93,80,2.2,-999,0.4,487,899
83069003,20151119000000,43.0325,6.469333,118,2,12.8,19.1,15.3,55,94,81,3.1,-999,0.4,536,942
83069003,20151120000000,43.0325,6.469333,118,2,14.2,18.1,17.4,56,78,69,16.5,-999,0.2,386,770
83069003,20151121000000,43.0325,6.469333,118,2,8,15.5,12.2,36,88,58,19.5,-999,0,179,502
83069003,20151122000000,43.0325,6.469333,118,2,7.2,14.2,9.8,32,72,52,7.6,-999,1.4,557,924
83069003,20151123000000,43.0325,6.469333,118,2,6.6,11,9.4,39,88,58,5.8,-999,2.8,1,124
83069003,20151124000000,43.0325,6.469333,118,2,9.2,14,10.9,37,70,52,4.2,-999,0,529,905
83069003,20151125000000,43.0325,6.469333,118,2,8.7,13.3,10.6,33,76,58,9.9,-999,0,243,584
83069003,20151126000000,43.0325,6.469333,118,2,9.3,14.8,11.1,27,59,45,5.9,-999,0,537,895
83069003,20151127000000,43.0325,6.469333,118,2,9.4,13.9,11,29,64,53,4.4,-999,0,529,901
83069003,20151128000000,43.0325,6.469333,118,2,7.8,15.8,11,34,63,49,7.6,-999,0,506,806
83069003,20151129000000,43.0325,6.469333,118,2,8.9,15.9,12.7,32,63,47,11.8,-999,0,502,837
83069003,20151130000000,43.0325,6.469333,118,2,13.4,16.2,14.5,46,68,57,14.2,-999,0,414,830
83069003,20151201000000,43.0325,6.469333,118,2,12.4,16.6,13.4,41,90,62,5.1,-999,0.2,540,858
83069003,20151202000000,43.0325,6.469333,118,2,11,16.5,12.9,67,91,79,2.8,-999,0,310,679
83069003,20151203000000,43.0325,6.469333,118,2,12.2,15.7,13.1,59,77,71,1.3,-999,0,46,336
83069003,20151204000000,43.0325,6.469333,118,2,12.3,16.2,13.5,62,85,75,2.6,-999,0,269,614
83069003,20151205000000,43.0325,6.469333,118,2,12.2,13.6,12.9,78,95,88,3.1,-999,4,0,127
83069003,20151206000000,43.0325,6.469333,118,2,12.1,14.2,13,78,95,91,5,-999,5.6,0,126
83069003,20151207000000,43.0325,6.469333,118,2,12.6,15.7,13.8,78,93,85,11.2,-999,3.1,25,300
83069003,20151208000000,43.0325,6.469333,118,2,12.3,16.6,13.7,71,94,82,5.6,-999,0,257,623
83069003,20151209000000,43.0325,6.469333,118,2,12.3,16.1,13.6,62,94,80,5.1,-999,0,468,761
83069003,20151210000000,43.0325,6.469333,118,2,11.9,16.5,13.3,54,91,81,2.3,-999,0.2,515,769
83069003,20151211000000,43.0325,6.469333,118,2,11.1,14.4,12.2,67,89,78,9.3,-999,0,433,760
83069003,20151212000000,43.0325,6.469333,118,2,8.9,14.7,11.8,56,83,70,7.3,-999,0,427,701
83069003,20151213000000,43.0325,6.469333,118,2,12,14.6,13.2,66,79,75,2.2,-999,0,41,279
83069003,20151214000000,43.0325,6.469333,118,2,12.3,14.6,12.9,69,83,75,2.7,-999,0,15,300
83069003,20151215000000,43.0325,6.469333,118,2,11.9,16.1,13.7,71,93,82,3.3,-999,0.2,255,596
83069003,20151216000000,43.0325,6.469333,118,2,12.2,15.1,13.3,73,94,86,4.7,-999,0.2,423,643
83069003,20151217000000,43.0325,6.469333,118,2,12.2,14.9,13.4,83,93,89,3.2,-999,0.2,4,336
83069003,20151218000000,43.0325,6.469333,118,2,12.7,16,13.6,73,92,87,2.3,-999,0,236,529
83069003,20151219000000,43.0325,6.469333,118,2,12.4,15,13.6,76,92,85,4.7,-999,0,3,276
83069003,20151220000000,43.0325,6.469333,118,2,13,16.9,14.2,74,93,86,5.1,-999,0.2,284,616
83069003,20151221000000,43.0325,6.469333,118,2,12.2,15.1,13.8,85,96,90,3.8,-999,0,10,240
83069003,20151222000000,43.0325,6.469333,118,2,12.1,15.2,13.4,81,96,92,3.1,-999,0,66,364
83069003,20151223000000,43.0325,6.469333,118,2,12.6,14.6,13.8,83,92,89,3.7,-999,0,15,176
83069003,20151224000000,43.0325,6.469333,118,2,13.1,15.9,13.8,78,93,88,2.5,-999,0,205,580
83069003,20151225000000,43.0325,6.469333,118,2,12.6,14.3,13,85,94,91,3.6,-999,0,10,301
83069003,20151226000000,43.0325,6.469333,118,2,11,15.8,12.9,66,92,83,2.7,-999,0.2,507,698
83069003,20151227000000,43.0325,6.469333,118,2,11.2,14.8,12.7,70,92,82,2.6,-999,0,155,511
83069003,20151228000000,43.0325,6.469333,118,2,11.8,13.2,12.2,68,82,75,1.8,-999,0.2,0,216
83069003,20151229000000,43.0325,6.469333,118,2,10.4,15,13.1,75,91,85,5.1,-999,0.2,99,282
83069003,20151230000000,43.0325,6.469333,118,2,10.6,15.4,12.8,66,85,79,7.2,-999,0,277,604
83069003,20151231000000,43.0325,6.469333,118,2,10.3,13.7,11.7,68,83,77,5.9,-999,0,124,478
83069003,20160101000000,43.0325,6.469333,118,2,9.7,12.9,11.2,78,94,86,7.1,-999,6.4,4,223
83069003,20160102000000,43.0325,6.469333,118,2,10.3,12.4,11.5,60,97,87,9.2,-999,8.1,3,211
83069003,20160103000000,43.0325,6.469333,118,2,9.7,12,10.7,51,86,65,10,-999,1.2,168,474
83069003,20160104000000,43.0325,6.469333,118,2,9.3,13.5,11.8,58,89,77,8.9,-999,0.2,121,443
83069003,20160105000000,43.0325,6.469333,118,2,10.3,13,11,58,87,71,9,-999,0,264,661
83069003,20160106000000,43.0325,6.469333,118,2,8.1,11.7,10.1,57,70,63,11.3,-999,0,447,717
83069003,20160107000000,43.0325,6.469333,118,2,9.2,14.6,12.1,55,88,75,8.8,-999,0,72,418
83069003,20160108000000,43.0325,6.469333,118,2,12.9,17,14.1,54,95,83,4.3,-999,0.2,338,759
83069003,20160109000000,43.0325,6.469333,118,2,12.3,14.6,13.3,84,95,92,4.7,-999,0,12,309
83069003,20160110000000,43.0325,6.469333,118,2,11.3,16.1,13.4,67,96,87,6.4,-999,0,408,806
83069003,20160111000000,43.0325,6.469333,118,2,11.9,16.2,13.3,49,86,72,12.1,-999,0,10,253
83069003,20160112000000,43.0325,6.469333,118,2,9.7,12.5,10.8,49,69,61,14.4,-999,0,533,755
83069003,20160113000000,43.0325,6.469333,118,2,8.1,11.3,9.4,35,71,47,13.5,-999,0,517,901
83069003,20160114000000,43.0325,6.469333,118,2,8.8,13.2,11.1,44,84,71,7.7,-999,0,0,143
83069003,20160115000000,43.0325,6.469333,118,2,7.1,10.4,7.9,31,53,43,15.5,-999,0,428,910
83069003,20160116000000,43.0325,6.469333,118,2,5.4,10.9,7.7,27,53,40,10,-999,0,537,930
83069003,20160117000000,43.0325,6.469333,118,2,5.7,10.3,7,26,55,40,7.4,-999,0,549,938
83069003,20160118000000,43.0325,6.469333,118,2,5.2,9.5,7.3,45,92,66,10.4,-999,7.5,0,179
83069003,20160119000000,43.0325,6.469333,118,2,5.4,10,7.9,56,79,66,6.1,-999,0,234,618
83069003,20160120000000,43.0325,6.469333,118,2,7.5,11.9,9.3,70,89,79,2.6,-999,0,223,670
83069003,20160121000000,43.0325,6.469333,118,2,7.4,12.7,9.7,65,88,78,4.3,-999,0,369,783
83069003,20160122000000,43.0325,6.469333,118,2,-999,12.8,10.5,63,82,74,4.4,-999,0,288,759
83069003,20160123000000,43.0325,6.469333,118,2,9.7,13.1,10.5,71,88,81,3.9,-999,0,136,613
83069003,20160124000000,43.0325,6.469333,118,2,8.4,13.8,10.4,70,91,84,3.2,-999,0,494,884
83069003,20160125000000,43.0325,6.469333,118,2,9.9,13.9,11.8,63,94,82,1.9,-999,0,100,450
83069003,20160126000000,43.0325,6.469333,118,2,11.2,13.9,12.5,75,95,86,5.5,-999,0,1,335
83069003,20160127000000,43.0325,6.469333,118,2,12.4,14.1,12.8,74,88,83,5.8,-999,0,3,412
83069003,20160128000000,43.0325,6.469333,118,2,11.9,14.5,12.9,74,92,86,3.5,-999,0,11,369
83069003,20160129000000,43.0325,6.469333,118,2,11.7,14.5,12.4,80,94,91,3.4,-999,0.2,96,549
83069003,20160130000000,43.0325,6.469333,118,2,11.3,14.3,12,67,97,87,6.7,-999,0,299,732
83069003,20160131000000,43.0325,6.469333,118,2,11.1,17,13.3,64,85,76,17.7,-999,0.2,376,889
83069003,20160201000000,43.0325,6.469333,118,2,12,16.2,14.2,60,94,81,6.9,-999,0,544,1049
83069003,20160202000000,43.0325,6.469333,118,2,11.5,14.8,12.6,72,94,87,3.9,-999,0,136,579
83069003,20160203000000,43.0325,6.469333,118,2,10,15.7,11.4,35,91,62,13,-999,0,353,867
83069003,20160204000000,43.0325,6.469333,118,2,8.1,13.1,10.6,35,60,46,10.4,-999,0,591,1173
83069003,20160205000000,43.0325,6.469333,118,2,9.8,14.8,12.2,50,88,73,5.5,-999,0,575,1153
83069003,20160206000000,43.0325,6.469333,118,2,10.9,13.7,12,74,91,84,6.3,-999,0.4,8,361
83069003,20160207000000,43.0325,6.469333,118,2,10.8,13,11.5,52,96,85,7.3,-999,12.8,6,229
83069003,20160208000000,43.0325,6.469333,118,2,8.7,14,11.7,49,87,70,10.2,-999,0,551,1144
83069003,20160209000000,43.0325,6.469333,118,2,11.8,13.8,12.5,41,93,82,8.5,-999,0,52,375
83069003,20160210000000,43.0325,6.469333,118,2,7.4,10.2,8.8,47,77,59,11.9,-999,0,313,949
83069003,20160211000000,43.0325,6.469333,118,2,6.6,12.3,8.9,38,87,64,7.8,-999,0.2,295,914
83069003,20160212000000,43.0325,6.469333,118,2,8.1,13.5,10.6,62,94,80,7.2,-999,4.4,16,207
83069003,20160213000000,43.0325,6.469333,118,2,9.9,13.8,11.8,60,90,78,8,-999,1.6,441,991
83069003,20160214000000,43.0325,6.469333,118,2,9.6,13.7,11.6,52,94,75,8.5,-999,0,338,976
83069003,20160215000000,43.0325,6.469333,118,2,8.5,15.3,10.8,52,85,68,3.4,-999,0,410,1033
83069003,20160216000000,43.0325,6.469333,118,2,8.4,12.8,10.5,56,81,69,3,-999,0.2,20,514
83069003,20160217000000,43.0325,6.469333,118,2,7.9,10.1,8.6,57,82,71,5.8,-999,0,478,1217
83069003,20160218000000,43.0325,6.469333,118,2,7,11,8.8,59,88,74,5.1,-999,0.4,133,536
83069003,20160219000000,43.0325,6.469333,118,2,7.3,12.2,9.3,30,70,49,13.1,-999,0,631,1426
83069003,20160220000000,43.0325,6.469333,118,2,6.9,13.7,10.2,36,78,55,12.5,-999,0,629,1377
83069003,20160221000000,43.0325,6.469333,118,2,11.1,16.2,13,59,85,74,10.6,-999,0,543,1365
83069003,20160222000000,43.0325,6.469333,118,2,11.1,14,12.5,84,95,90,4.3,-999,0.4,2,362
83069003,20160223000000,43.0325,6.469333,118,2,10.7,16.3,13,44,95,71,14.4,-999,0,597,1453
83069003,20160224000000,43.0325,6.469333,118,2,12.1,15.5,12.7,58,91,73,10.7,-999,0,558,1348
83069003,20160225000000,43.0325,6.469333,118,2,10.1,15.1,12.4,59,93,79,5.2,-999,0,443,1147
83069003,20160226000000,43.0325,6.469333,118,2,8.9,12.3,10.1,43,92,61,6.5,-999,5,415,1209
83069003,20160227000000,43.0325,6.469333,118,2,8.2,10.2,9.1,85,94,91,17.8,-999,46.4,0,107
83069003,20160228000000,43.0325,6.469333,118,2,6.8,10.6,8.9,78,93,87,9.4,-999,29.6,2,330
83069003,20160229000000,43.0325,6.469333,118,2,7.9,15.3,11,62,93,73,4,-999,0.2,157,979
83069003,20160301000000,43.0325,6.469333,118,2,7.9,16.2,11.5,33,67,52,6,-999,0,610,1564
83069003,20160302000000,43.0325,6.469333,118,2,10.5,14.4,12.2,34,80,59,14.2,-999,0,484,1290
83069003,20160303000000,43.0325,6.469333,118,2,8.9,13.5,10.7,33,60,45,18,-999,0,643,1715
83069003,20160304000000,43.0325,6.469333,118,2,8.1,13.6,11.1,40,89,68,10.1,-999,1,347,1183
83069003,20160305000000,43.0325,6.469333,118,2,7.3,12,10.4,61,93,76,12.3,-999,1.6,461,1473
83069003,20160306000000,43.0325,6.469333,118,2,6.2,12.8,8.6,37,72,49,11.1,-999,0,670,1749
83069003,20160307000000,43.0325,6.469333,118,2,4.8,12.9,8.4,28,66,49,11.2,-999,0,669,1764
83069003,20160308000000,43.0325,6.469333,118,2,4.4,12.4,8.1,29,64,45,8.9,-999,0,485,1352
83069003,20160309000000,43.0325,6.469333,118,2,5.7,12.6,8.8,31,70,55,2.6,-999,0,442,1531
83069003,20160310000000,43.0325,6.469333,118,2,8,14.7,11.4,44,77,57,4,-999,0,437,1479
83069003,20160311000000,43.0325,6.469333,118,2,9.3,15.5,12,47,82,63,3.8,-999,0,95,836
83069003,20160312000000,43.0325,6.469333,118,2,10.2,16.1,12.8,38,79,59,2.6,-999,0,467,1566
83069003,20160313000000,43.0325,6.469333,118,2,10.7,16.8,12.8,42,77,60,3.4,-999,0,403,1599
83069003,20160314000000,43.0325,6.469333,118,2,10.5,15.4,12.7,50,68,58,8.8,-999,0,575,1793
83069003,20160315000000,43.0325,6.469333,118,2,9.9,15,12.3,44,78,59,8.3,-999,0.6,649,1767
83069003,20160316000000,43.0325,6.469333,118,2,8,10.4,9.2,55,94,84,12.3,-999,25.9,0,147
83069003,20160317000000,43.0325,6.469333,118,2,8.4,13.3,11.3,56,89,68,14.9,-999,0.4,44,811
83069003,20160318000000,43.0325,6.469333,118,2,10.8,15.3,12.4,51,92,71,5.3,-999,0,678,1909
83069003,20160319000000,43.0325,6.469333,118,2,9.2,14.5,11.3,67,94,83,2.8,-999,0,629,1870
83069003,20160320000000,43.0325,6.469333,118,2,9.4,13.3,11.2,79,93,88,4.9,-999,0,13,687
83069003,20160321000000,43.0325,6.469333,118,2,10.7,16,12.9,64,88,79,4.5,-999,0,579,1828
83069003,20160322000000,43.0325,6.469333,118,2,11,18.2,14.1,37,84,65,3,-999,0,491,1627
83069003,20160323000000,43.0325,6.469333,118,2,9.1,15.1,11.8,52,91,74,4.1,-999,2.8,249,1239
83069003,20160324000000,43.0325,6.469333,118,2,9.3,15.9,12.7,41,84,62,4.1,-999,0,686,2023
83069003,20160325000000,43.0325,6.469333,118,2,10.5,14.6,12.3,56,87,72,6,-999,0.2,237,1215
83069003,20160326000000,43.0325,6.469333,118,2,10.2,15.9,12.5,60,91,76,1.9,-999,0.2,566,1964
83069003,20160327000000,43.0325,6.469333,118,2,10.2,14,12,81,94,89,3.1,-999,0,8,364
83069003,20160328000000,43.0325,6.469333,118,2,9.7,14.9,12.4,68,95,85,4.8,-999,0.2,313,1491
83069003,20160329000000,43.0325,6.469333,118,2,11.1,17.5,13.4,45,96,84,3.7,-999,0,301,1442
83069003,20160330000000,43.0325,6.469333,118,2,11.6,16.9,13.6,77,96,89,6.2,-999,0.2,304,1417
83069003,20160331000000,43.0325,6.469333,118,2,12.4,15.9,14,78,94,87,14.8,-999,0.8,124,1137
83069003,20160401000000,43.0325,6.469333,118,2,13.4,15.2,14.1,75,96,89,10,-999,1.2,0,462
83069003,20160402000000,43.0325,6.469333,118,2,13.4,16.4,14.9,69,93,80,8.9,-999,0,5,572
83069003,20160403000000,43.0325,6.469333,118,2,13.3,17.1,14.2,78,96,89,5.1,-999,0.2,38,751
83069003,20160404000000,43.0325,6.469333,118,2,11.7,16.3,13.7,83,96,92,7.2,-999,0.2,9,681
83069003,20160405000000,43.0325,6.469333,118,2,13.2,17.1,14.9,59,96,84,8.2,-999,0,217,1450
83069003,20160406000000,43.0325,6.469333,118,2,14,21.8,17.5,35,84,59,2.5,-999,0,356,1730
83069003,20160407000000,43.0325,6.469333,118,2,13.6,21.1,16.6,44,83,61,4,-999,0,682,2090
83069003,20160408000000,43.0325,6.469333,118,2,10.7,16.1,12.8,44,68,57,11.1,-999,0,671,2153
83069003,20160409000000,43.0325,6.469333,118,2,10,14.8,12.1,57,87,71,5.2,-999,0,401,1431
83069003,20160410000000,43.0325,6.469333,118,2,9.9,17.4,13.4,51,90,71,3.3,-999,0.2,763,2296
83069003,20160411000000,43.0325,6.469333,118,2,11.3,18.6,14.3,60,95,82,5.3,-999,0.4,671,2276
83069003,20160412000000,43.0325,6.469333,118,2,11.9,17.8,14.3,66,95,86,3.9,-999,0.4,663,2202
83069003,20160413000000,43.0325,6.469333,118,2,12.2,17,14.3,69,95,84,5.4,-999,0,429,2025
83069003,20160414000000,43.0325,6.469333,118,2,12.6,19.3,15.4,27,93,60,8.8,-999,0.2,770,2412
83069003,20160415000000,43.0325,6.469333,118,2,12.6,19,14.7,63,96,86,3.2,-999,0.4,448,2045
83069003,20160416000000,43.0325,6.469333,118,2,11.7,19.2,15.2,66,94,86,5.9,-999,0.2,696,2316
83069003,20160417000000,43.0325,6.469333,118,2,13.4,18.1,15.3,78,96,90,4.3,-999,0.4,216,1469
83069003,20160418000000,43.0325,6.469333,118,2,12.7,19.6,14.7,33,88,57,10.1,-999,0,779,2511
83069003,20160419000000,43.0325,6.469333,118,2,10.5,18.7,15.2,27,61,46,3.4,-999,0,792,2581
83069003,20160420000000,43.0325,6.469333,118,2,14.1,19.4,16.5,33,76,58,8.6,-999,0,696,2224
83069003,20160421000000,43.0325,6.469333,118,2,13.2,17.5,15,59,92,77,6.7,-999,3.6,51,806
83069003,20160422000000,43.0325,6.469333,118,2,11.4,18.5,14.4,65,92,82,7,-999,0.2,494,2029
83069003,20160423000000,43.0325,6.469333,118,2,12.9,17.7,15.6,49,91,71,11.6,-999,0,717,2493
83069003,20160424000000,43.0325,6.469333,118,2,12,18,13.7,33,59,45,14.2,-999,0,784,2625
83069003,20160425000000,43.0325,6.469333,118,2,8.9,17.5,13.3,31,56,42,10.3,-999,0,804,2680
83069003,20160426000000,43.0325,6.469333,118,2,11.6,15.1,13.3,44,78,60,13.8,-999,0,801,2672
83069003,20160427000000,43.0325,6.469333,118,2,11.4,16.1,13.6,37,75,55,12.4,-999,0,741,2709
83069003,20160428000000,43.0325,6.469333,118,2,12.3,17,13.6,37,83,66,5,-999,0,261,1735
83069003,20160429000000,43.0325,6.469333,118,2,10.8,17.1,13.6,51,83,70,3.8,-999,0,807,2738
83069003,20160430000000,43.0325,6.469333,118,2,10.6,15.7,12.7,57,80,69,6.8,-999,0,238,1479
83069003,20160501000000,43.0325,6.469333,118,2,9.1,14.7,11.2,48,86,65,8.2,-999,3.8,411,1282
83069003,20160502000000,43.0325,6.469333,118,2,10.5,20.7,15.5,28,68,52,3.5,-999,0,734,2491
83069003,20160503000000,43.0325,6.469333,118,2,13.4,23.1,17.7,32,74,51,4.9,-999,0,819,2682
83069003,20160504000000,43.0325,6.469333,118,2,14,20.4,17.1,27,73,44,2.9,-999,0,831,2787
83069003,20160505000000,43.0325,6.469333,118,2,13.5,19.9,16.4,37,78,64,7.3,-999,0,833,2803
83069003,20160506000000,43.0325,6.469333,118,2,14.3,21.2,16.7,52,83,68,8.2,-999,0,788,2684
83069003,20160507000000,43.0325,6.469333,118,2,13.8,19.2,16.1,64,90,79,7.7,-999,0,682,2567
83069003,20160508000000,43.0325,6.469333,118,2,12.9,18.1,14.9,70,96,88,8.3,-999,6,9,869
83069003,20160509000000,43.0325,6.469333,118,2,12.8,18.3,15.6,66,95,79,15.1,-999,0.8,55,1178
83069003,20160510000000,43.0325,6.469333,118,2,15.4,20.1,16.3,71,91,84,10.4,-999,6.9,158,1390
83069003,20160511000000,43.0325,6.469333,118,2,14,17.9,15.2,79,96,92,6.2,-999,0.4,140,1157
83069003,20160512000000,43.0325,6.469333,118,2,12.8,18.2,15.2,54,94,77,10.1,-999,0.2,682,2481
83069003,20160513000000,43.0325,6.469333,118,2,13.9,17.6,15.7,66,90,78,12,-999,0,130,1444
83069003,20160514000000,43.0325,6.469333,118,2,14.5,20.5,17,49,86,75,5.3,-999,0,726,2637
83069003,20160515000000,43.0325,6.469333,118,2,14,21.8,17.5,39,64,53,7.2,-999,0,743,2799
83069003,20160516000000,43.0325,6.469333,118,2,13.7,19.9,16.8,40,71,56,4,-999,0,841,2858
83069003,20160517000000,43.0325,6.469333,118,2,13.1,21.1,16.5,38,86,65,3.5,-999,0,718,2772
83069003,20160518000000,43.0325,6.469333,118,2,13,19.2,16.2,52,91,79,4.7,-999,0.2,748,2692
83069003,20160519000000,43.0325,6.469333,118,2,14.6,20.5,17.4,30,93,53,12.9,-999,0,844,2936
83069003,20160520000000,43.0325,6.469333,118,2,13.5,24.7,18,22,87,52,5.2,-999,0,873,2973
83069003,20160521000000,43.0325,6.469333,118,2,13,21.9,17.4,48,93,79,4.2,-999,0.4,864,2925
83069003,20160522000000,43.0325,6.469333,118,2,14.1,21.1,16.9,63,95,83,4,-999,0.4,541,2528
83069003,20160523000000,43.0325,6.469333,118,2,12.5,19.7,16.1,32,93,48,16.7,-999,0,863,3020
83069003,20160524000000,43.0325,6.469333,118,2,13.4,19.4,15.8,45,88,63,11.2,-999,0,826,2842
83069003,20160525000000,43.0325,6.469333,118,2,13.3,19.6,16.2,69,94,83,2.3,-999,0.2,549,2568
83069003,20160526000000,43.0325,6.469333,118,2,14.4,20.7,17.3,60,96,79,7.9,-999,0.2,718,2648
83069003,20160527000000,43.0325,6.469333,118,2,16.5,21.8,18.9,53,75,65,8.9,-999,0,707,2647
83069003,20160528000000,43.0325,6.469333,118,2,15.6,22,17.8,42,93,76,3,-999,1,633,2405
83069003,20160529000000,43.0325,6.469333,118,2,14,20.2,17.5,67,96,83,7.6,-999,7.7,556,2259
83069003,20160530000000,43.0325,6.469333,118,2,15.8,20.9,17.8,56,87,71,11.8,-999,0,877,3051
83069003,20160531000000,43.0325,6.469333,118,2,15.5,19.8,17.2,62,92,73,12,-999,0,818,2993
83069003,20160601000000,43.0325,6.469333,118,2,14.7,19.9,16.4,66,90,80,9.5,-999,0,158,1693
83069003,20160602000000,43.0325,6.469333,118,2,14.4,20.9,17.2,59,92,80,8.1,-999,0,711,2800
83069003,20160603000000,43.0325,6.469333,118,2,15.4,22.3,18.4,55,93,78,4.8,-999,0.2,698,2843
83069003,20160604000000,43.0325,6.469333,118,2,15.8,21.7,18.2,68,96,87,3.8,-999,0,622,2920
83069003,20160605000000,43.0325,6.469333,118,2,16.5,21.7,18.6,72,95,85,3,-999,0.2,670,2759
83069003,20160606000000,43.0325,6.469333,118,2,16.6,23,19.1,66,95,86,4,-999,0.2,505,2601
83069003,20160607000000,43.0325,6.469333,118,2,16.8,24.3,19.8,60,96,83,3.7,-999,0.4,448,2385
83069003,20160608000000,43.0325,6.469333,118,2,17.3,25.8,20.9,52,95,79,3.7,-999,0.2,804,2755
83069003,20160609000000,43.0325,6.469333,118,2,17.6,25.9,20.7,47,94,76,4.8,-999,0,763,2850
83069003,20160610000000,43.0325,6.469333,118,2,16.9,25.1,20.6,45,87,68,2.5,-999,0,645,2500
83069003,20160611000000,43.0325,6.469333,118,2,18.2,25.6,20.8,55,91,74,7.8,-999,0,563,2418
83069003,20160612000000,43.0325,6.469333,118,2,18.4,23.2,20.5,41,75,64,10.4,-999,0,698,2621
83069003,20160613000000,43.0325,6.469333,118,2,19.2,24.2,20.7,47,83,64,12.1,-999,0,672,2896
83069003,20160614000000,43.0325,6.469333,118,2,17.3,21.9,19.1,51,76,65,13,-999,0,825,3044
83069003,20160615000000,43.0325,6.469333,118,2,-999,-999,17.9,-999,-999,80,7,-999,-999,158,1244
83069003,20160616000000,43.0325,6.469333,118,2,17.3,20.3,18.4,69,94,85,7.5,-999,0.2,33,599
83069003,20160617000000,43.0325,6.469333,118,2,15.3,22.1,18.2,46,89,67,6.9,-999,0,891,3067
83069003,20160618000000,43.0325,6.469333,118,2,15.1,23,18,47,84,69,6.9,-999,0,537,2424
83069003,20160619000000,43.0325,6.469333,118,2,15.3,25.4,19.1,41,89,63,4.2,-999,0.2,572,2548
83069003,20160620000000,43.0325,6.469333,118,2,16,26.3,21.2,33,83,53,2.9,-999,0,845,3024
83069003,20160621000000,43.0325,6.469333,118,2,17.3,24.6,20.4,46,91,73,2.6,-999,0,625,2609
83069003,20160622000000,43.0325,6.469333,118,2,17.2,25.1,21.7,48,87,65,2.1,-999,0,888,2985
83069003,20160623000000,43.0325,6.469333,118,2,20.2,30.8,24.2,28,66,46,3.4,-999,0,881,2916
83069003,20160624000000,43.0325,6.469333,118,2,20.8,26.4,22.8,43,86,61,8,-999,0,862,2962
83069003,20160625000000,43.0325,6.469333,118,2,18.9,28.4,23.4,48,87,64,6.8,-999,0,865,2859
83069003,20160626000000,43.0325,6.469333,118,2,18.4,25.9,21.8,45,87,61,9.6,-999,0,882,3046
83069003,20160627000000,43.0325,6.469333,118,2,18,27.7,22.2,31,71,52,5.2,-999,0,873,2986
83069003,20160628000000,43.0325,6.469333,118,2,18.6,28.1,22.5,38,90,65,4.1,-999,0,878,2957
83069003,20160629000000,43.0325,6.469333,118,2,18.8,24.6,21,57,95,79,2,-999,0.2,493,2127
83069003,20160630000000,43.0325,6.469333,118,2,18.4,25.1,21.4,64,96,85,2.5,-999,0.2,611,2481
83069003,20160701000000,43.0325,6.469333,118,2,19.6,26.1,22.8,65,94,80,4,-999,0,814,2809
83069003,20160702000000,43.0325,6.469333,118,2,19.4,27.9,23.4,50,94,74,7.7,-999,0.2,824,2764
83069003,20160703000000,43.0325,6.469333,118,2,20.4,27.8,23.4,37,90,59,7,-999,0,892,3033
83069003,20160704000000,43.0325,6.469333,118,2,20.4,26.7,23.3,61,93,77,4.9,-999,0.2,855,2923
83069003,20160705000000,43.0325,6.469333,118,2,19.9,28.6,24.8,42,94,64,3.8,-999,0,722,2718
83069003,20160706000000,43.0325,6.469333,118,2,21.2,30,25.7,35,85,53,2.9,-999,0,879,2938
83069003,20160707000000,43.0325,6.469333,118,2,22.2,28,24.4,58,91,74,4.6,-999,0,841,2971
83069003,20160708000000,43.0325,6.469333,118,2,21.3,29.7,24.8,38,85,67,4.8,-999,0,630,2529
83069003,20160709000000,43.0325,6.469333,118,2,22.1,28.1,24.6,66,92,80,4.8,-999,0.2,841,2838
83069003,20160710000000,43.0325,6.469333,118,2,21.5,28.1,24.4,69,94,82,3.4,-999,0.4,740,2702
83069003,20160711000000,43.0325,6.469333,118,2,21.2,28.7,24.7,52,95,77,3.1,-999,0,782,2793
83069003,20160712000000,43.0325,6.469333,118,2,21.9,29.5,25.6,45,92,70,6.5,-999,0.6,696,2676
83069003,20160713000000,43.0325,6.469333,118,2,20.6,26.3,23,27,62,40,14.6,-999,0,876,3016
83069003,20160714000000,43.0325,6.469333,118,2,17.3,25.6,20.3,28,54,42,13.2,-999,0,697,2496
83069003,20160715000000,43.0325,6.469333,118,2,17,26.3,20.6,20,83,53,4.3,-999,0,860,2980
83069003,20160716000000,43.0325,6.469333,118,2,18.2,25.9,22.1,25,77,44,4.2,-999,0,877,2969
83069003,20160717000000,43.0325,6.469333,118,2,18,26.1,21.7,38,88,63,5.2,-999,0,871,2928
83069003,20160718000000,43.0325,6.469333,118,2,16.6,27.1,22,22,91,58,6.6,-999,0,876,2974
83069003,20160719000000,43.0325,6.469333,118,2,18.3,29.9,23.5,22,77,46,6.2,-999,0,872,2963
83069003,20160720000000,43.0325,6.469333,118,2,19.7,29.8,24,26,91,49,6.4,-999,0,814,2904
83069003,20160721000000,43.0325,6.469333,118,2,20.1,26.3,23,62,94,81,3.7,-999,0,722,2648
83069003,20160722000000,43.0325,6.469333,118,2,21,27.5,23.4,64,94,79,6.6,-999,0.2,575,2368
83069003,20160723000000,43.0325,6.469333,118,2,22.1,27.4,24,51,92,69,8.9,-999,0,270,1483
83069003,20160724000000,43.0325,6.469333,118,2,20.9,28.7,24.3,42,92,67,3.3,-999,0,443,2171
83069003,20160725000000,43.0325,6.469333,118,2,21.5,29.2,25.4,40,84,60,3.2,-999,0,793,2698
83069003,20160726000000,43.0325,6.469333,118,2,22.7,30.7,25.2,43,94,74,4.5,-999,0.2,712,2541
83069003,20160727000000,43.0325,6.469333,118,2,20.3,30.9,25.3,41,95,70,3.7,-999,0.2,738,2517
83069003,20160728000000,43.0325,6.469333,118,2,21.1,27.9,24.6,51,93,72,4.2,-999,0.2,794,2695
83069003,20160729000000,43.0325,6.469333,118,2,21.7,27.8,24.5,52,91,74,4.9,-999,0,839,2706
83069003,20160730000000,43.0325,6.469333,118,2,21.5,27.9,23.9,52,90,79,3,-999,0.2,733,2373
83069003,20160731000000,43.0325,6.469333,118,2,21.8,27.6,24.9,51,88,71,4.3,-999,0,725,2588
83069003,20160801000000,43.0325,6.469333,118,2,21.6,29.5,24.9,38,77,59,6.8,-999,0,820,2725
83069003,20160802000000,43.0325,6.469333,118,2,21.7,29.1,25.2,37,83,63,3.7,-999,0,636,2607
83069003,20160803000000,43.0325,6.469333,118,2,21.9,28.7,24.5,60,82,73,3.7,-999,0,655,2627
83069003,20160804000000,43.0325,6.469333,118,2,21.1,27,23.8,66,90,81,4.1,-999,0.8,652,2394
83069003,20160805000000,43.0325,6.469333,118,2,20.5,29.3,23.7,33,92,60,9.5,-999,0,770,2697
83069003,20160806000000,43.0325,6.469333,118,2,20.5,28.2,23.9,32,76,51,2.9,-999,0,788,2479
83069003,20160807000000,43.0325,6.469333,118,2,21.4,30.3,25.5,30,69,45,3.5,-999,0,827,2639
83069003,20160808000000,43.0325,6.469333,118,2,21.8,29.1,25.4,33,77,51,4.8,-999,0,817,2625
83069003,20160810000000,43.0325,6.469333,118,2,19.9,28.2,23.4,31,74,51,7,-999,0,133,2521
83069003,20160811000000,43.0325,6.469333,118,2,19.7,28.3,23.2,36,71,52,2.9,-999,0,793,2515
83069003,20160812000000,43.0325,6.469333,118,2,20.4,26.7,23.2,30,72,60,3.6,-999,0,790,2517
83069003,20160813000000,43.0325,6.469333,118,2,20.4,27.5,23.5,31,72,58,3.6,-999,0,812,2537
83069003,20160814000000,43.0325,6.469333,118,2,21.1,28.5,24.2,35,73,52,4,-999,0,809,2512
83069003,20160815000000,43.0325,6.469333,118,2,20.3,29.3,23.8,37,74,59,6,-999,0,797,2547
83069003,20160816000000,43.0325,6.469333,118,2,20.4,27.7,23.2,42,91,76,6.3,-999,0,632,2220
83069003,20160817000000,43.0325,6.469333,118,2,20.6,26.5,23,64,93,84,4.8,-999,0.2,475,1721
83069003,20160818000000,43.0325,6.469333,118,2,20.4,27,24,53,89,73,5,-999,0,709,2266
83069003,20160819000000,43.0325,6.469333,118,2,22.2,28.8,23.9,55,89,77,4.6,-999,0.2,671,2229
83069003,20160820000000,43.0325,6.469333,118,2,21,27.4,23.9,60,93,78,4.1,-999,0,616,2250
83069003,20160821000000,43.0325,6.469333,118,2,21.9,29.2,24.6,30,74,49,9.2,-999,0,783,2521
83069003,20160822000000,43.0325,6.469333,118,2,21.4,29.8,24.9,36,83,57,3.3,-999,0,786,2407
83069003,20160823000000,43.0325,6.469333,118,2,22.1,28.5,24.8,25,78,54,3.9,-999,0,789,2391
83069003,20160824000000,43.0325,6.469333,118,2,22.2,29.4,26,31,70,49,3.4,-999,0,786,2371
83069003,20160825000000,43.0325,6.469333,118,2,23,30,26.2,35,71,54,3.3,-999,0,778,2359
83069003,20160826000000,43.0325,6.469333,118,2,23,29.2,25.8,47,80,61,3.3,-999,0,766,2320
83069003,20160827000000,43.0325,6.469333,118,2,21.6,29.6,24.9,43,87,70,1.9,-999,0,761,2253
83069003,20160828000000,43.0325,6.469333,118,2,21.5,28.8,24.2,51,89,79,6.6,-999,0,750,2307
83069003,20160829000000,43.0325,6.469333,118,2,21.4,29.6,24.5,54,90,77,4.6,-999,0.2,641,2135
83069003,20160830000000,43.0325,6.469333,118,2,20.2,23.3,22.2,63,91,79,3.9,-999,0.2,96,384
83069003,20160831000000,43.0325,6.469333,118,2,20.9,29,24.6,45,83,66,3.1,-999,0,628,2068
83069003,20160901000000,43.0325,6.469333,118,2,21.8,28.5,24.5,49,90,74,3.1,-999,0.2,735,2168
83069003,20160902000000,43.0325,6.469333,118,2,21.7,27.3,24.5,57,93,77,5.2,-999,0,745,2198
83069003,20160903000000,43.0325,6.469333,118,2,21.2,28.6,24.3,57,90,75,3.4,-999,0.2,683,2109
83069003,20160904000000,43.0325,6.469333,118,2,21.7,27.4,24.7,57,89,76,4.7,-999,0,501,1850
83069003,20160905000000,43.0325,6.469333,118,2,24.2,31.2,26,30,90,64,7.7,-999,0,536,1862
83069003,20160906000000,43.0325,6.469333,118,2,22.3,29.3,25.4,37,82,60,5.1,-999,0,734,2128
83069003,20160907000000,43.0325,6.469333,118,2,21.3,29.3,24.6,38,76,58,5.9,-999,0,683,2123
83069003,20160908000000,43.0325,6.469333,118,2,21.5,29.7,25,39,78,60,5.4,-999,0,715,2061
83069003,20160909000000,43.0325,6.469333,118,2,22.5,30.1,25.5,35,85,59,2.6,-999,0,671,2003
83069003,20160910000000,43.0325,6.469333,118,2,22.9,30.3,25.7,37,84,60,3.4,-999,0,474,1790
83069003,20160911000000,43.0325,6.469333,118,2,22.3,28.9,25.3,40,84,60,1.9,-999,0,710,1979
83069003,20160912000000,43.0325,6.469333,118,2,22.2,29.6,25.1,50,87,68,3.2,-999,0,624,1847
83069003,20160913000000,43.0325,6.469333,118,2,21.4,29.1,24.4,48,88,71,3.3,-999,0.2,623,1784
83069003,20160914000000,43.0325,6.469333,118,2,21,27.4,23.1,68,93,84,6.7,-999,1.6,36,653
83069003,20160915000000,43.0325,6.469333,118,2,20.2,24.6,22.1,47,89,62,4.3,-999,5.6,631,1923
83069003,20160916000000,43.0325,6.469333,118,2,18.1,25.3,21.4,41,81,62,6.7,-999,0.2,435,1519
83069003,20160917000000,43.0325,6.469333,118,2,19,23.2,20.1,39,69,52,12.8,-999,0,326,1345
83069003,20160918000000,43.0325,6.469333,118,2,16.1,23.7,19.3,47,69,58,7.8,-999,0,604,1948
83069003,20160919000000,43.0325,6.469333,118,2,17.5,26.7,21.1,37,85,64,4.3,-999,0,716,1930
83069003,20160920000000,43.0325,6.469333,118,2,18.6,25.2,21,57,83,70,4.3,-999,0,654,1746
83069003,20160921000000,43.0325,6.469333,118,2,18.8,24.3,20.3,49,87,74,3.3,-999,0,367,1398
83069003,20160922000000,43.0325,6.469333,118,2,17.3,24.1,20.5,46,84,70,2,-999,0.2,685,1870
83069003,20160923000000,43.0325,6.469333,118,2,18,23.7,20.4,40,84,71,2.4,-999,0,680,1828
83069003,20160924000000,43.0325,6.469333,118,2,18.8,24.5,21,60,87,74,4,-999,0,326,1258
83069003,20160925000000,43.0325,6.469333,118,2,19.2,25.6,21.7,52,81,68,5.5,-999,0,651,1772
83069003,20160926000000,43.0325,6.469333,118,2,18.8,26.1,21.2,58,87,75,3.2,-999,0.2,562,1666
83069003,20160927000000,43.0325,6.469333,118,2,18.7,24.9,20.9,52,89,73,2.5,-999,0,475,1499
83069003,20160928000000,43.0325,6.469333,118,2,19.6,25.9,21.9,51,83,64,4.6,-999,0,671,1742
83069003,20160929000000,43.0325,6.469333,118,2,18.6,25.4,21.1,48,87,72,3.9,-999,0,676,1752
83069003,20160930000000,43.0325,6.469333,118,2,17.6,23.3,20.3,61,86,75,2.9,-999,0,651,1696
83069003,20161001000000,43.0325,6.469333,118,2,19.1,22.9,20.7,63,85,73,4.5,-999,0.6,1,478
83069003,20161002000000,43.0325,6.469333,118,2,18.7,25,21.2,47,81,65,6.3,-999,0,586,1611
83069003,20161003000000,43.0325,6.469333,118,2,17.7,24.9,20.5,29,70,52,4.3,-999,0,680,1755
83069003,20161004000000,43.0325,6.469333,118,2,17.9,24.5,20.5,35,81,62,2.4,-999,0,670,1694
83069003,20161005000000,43.0325,6.469333,118,2,17.1,23.4,19.9,40,84,63,6.4,-999,0,632,1653
83069003,20161006000000,43.0325,6.469333,118,2,15.8,19.7,17.5,72,89,79,7.3,-999,0.6,21,266
83069003,20161007000000,43.0325,6.469333,118,2,14.5,21.7,17.8,44,83,67,7.7,-999,0.2,605,1635
83069003,20161008000000,43.0325,6.469333,118,2,16.1,21.6,18.2,33,71,55,5.5,-999,0,665,1639
83069003,20161009000000,43.0325,6.469333,118,2,15.7,22.3,18.4,44,77,62,4.6,-999,0,507,1384
83069003,20161010000000,43.0325,6.469333,118,2,15.7,21,17.2,47,83,64,4.1,-999,1.9,436,1405
83069003,20161011000000,43.0325,6.469333,118,2,13,18.1,14.8,47,79,69,4.9,-999,0.4,176,953
83069003,20161012000000,43.0325,6.469333,118,2,12.8,19.8,16.5,47,77,59,5.4,-999,0.8,126,907
83069003,20161013000000,43.0325,6.469333,118,2,12.5,17.4,15.1,55,92,77,20.3,-999,24.4,0,88
83069003,20161014000000,43.0325,6.469333,118,2,14.7,20.8,17.4,69,93,85,11.3,-999,7.1,133,525
83069003,20161015000000,43.0325,6.469333,118,2,14.8,20.9,17.5,56,92,75,4.8,-999,0,617,1448
83069003,20161016000000,43.0325,6.469333,118,2,15.9,21.2,18,60,89,75,2.1,-999,0.2,406,1261
83069003,20161017000000,43.0325,6.469333,118,2,15.2,20.2,17.8,73,93,87,3.2,-999,23.5,108,650
83069003,20161018000000,43.0325,6.469333,118,2,15.2,21.1,17.7,53,92,72,3.3,-999,0,609,1410
83069003,20161019000000,43.0325,6.469333,118,2,14.4,20.8,16.5,41,74,56,7.1,-999,0,596,1384
83069003,20161020000000,43.0325,6.469333,118,2,11.9,18.5,15,41,65,55,6.9,-999,0,629,1416
83069003,20161021000000,43.0325,6.469333,118,2,13.2,18.7,15.8,58,76,65,2.8,-999,0,447,1025
83069003,20161022000000,43.0325,6.469333,118,2,12.8,18.1,15.2,52,84,68,3.7,-999,5.8,322,875
83069003,20161023000000,43.0325,6.469333,118,2,12.8,17.5,15.4,80,94,89,13,-999,-999,0,91
83069003,20161024000000,43.0325,6.469333,118,2,15.2,20.7,18.6,74,87,82,12.9,-999,0.6,346,1016
83069003,20161025000000,43.0325,6.469333,118,2,18.1,20.1,18.9,75,94,89,6.9,-999,0.8,11,423
83069003,20161026000000,43.0325,6.469333,118,2,18.1,24.3,19.5,49,93,78,3.4,-999,0,149,722
83069003,20161027000000,43.0325,6.469333,118,2,16.2,23.7,19,43,88,71,-999,-999,0.2,600,1193
83069003,20161028000000,43.0325,6.469333,118,2,15.2,20.9,17.5,58,89,76,2.5,-999,0,506,1146
83069003,20161029000000,43.0325,6.469333,118,2,14.6,19.8,16.8,67,92,85,2.4,-999,0.4,565,1185
83069003,20161030000000,43.0325,6.469333,118,2,14.5,20.7,17.2,40,93,83,1.5,-999,0.4,603,1173
83069003,20161031000000,43.0325,6.469333,118,2,14.3,20.7,16.9,59,93,81,1.7,-999,0.2,586,1135
83069003,20161101000000,43.0325,6.469333,118,2,14.8,20.1,17.2,64,90,79,3.1,-999,0,410,939
83069003,20161102000000,43.0325,6.469333,118,2,16.6,19.5,17.6,51,89,75,9.2,-999,0,484,1026
83069003,20161103000000,43.0325,6.469333,118,2,13.6,19.2,16.2,50,86,66,3.1,-999,0.2,581,1078
83069003,20161104000000,43.0325,6.469333,118,2,14.4,20.1,16.5,64,90,79,3.3,-999,2,497,1050
83069003,20161105000000,43.0325,6.469333,118,2,14.3,19.6,18.1,81,95,89,7.8,-999,0.2,0,292
83069003,20161106000000,43.0325,6.469333,118,2,12.4,14.8,13.4,42,85,59,12.8,-999,0,334,835
83069003,20161107000000,43.0325,6.469333,118,2,8.9,13.9,10.6,29,70,46,9.5,-999,0,568,1129
83069003,20161108000000,43.0325,6.469333,118,2,7.4,12.9,9.4,38,58,48,11.6,-999,0,570,1129
83069003,20161109000000,43.0325,6.469333,118,2,7.2,13,10.4,40,80,55,10.9,-999,0.4,166,460
83069003,20161110000000,43.0325,6.469333,118,2,11.7,15.7,13.5,47,74,61,12.8,-999,0,540,1017
83069003,20161111000000,43.0325,6.469333,118,2,11.7,15.6,13.2,35,79,55,14.8,-999,0,550,1035
83069003,20161112000000,43.0325,6.469333,118,2,8.6,15,11.3,29,61,47,3,-999,0,539,965
