83069001,20140101000000,43.094,6.1463,2,0,4.8,13.6,9.4,74,89,84,1.9,-999,3,-999,-999
83069001,20140102000000,43.094,6.1463,2,0,9.4,15.2,12.4,76,94,87,2.6,-999,0.2,-999,-999
83069001,20140103000000,43.094,6.1463,2,0,8.1,14.2,12,80,93,86,2.6,-999,0.6,-999,-999
83069001,20140104000000,43.094,6.1463,2,0,11.9,15,13.4,78,92,87,4.9,-999,9.5,-999,-999
83069001,20140105000000,43.094,6.1463,2,0,9.9,15.1,11.4,27,81,42,6.5,-999,0,-999,-999
83069001,20140106000000,43.094,6.1463,2,0,5.4,15,9.8,39,93,71,2.4,-999,0,-999,-999
83069001,20140107000000,43.094,6.1463,2,0,7.1,13.6,11.5,84,93,89,2.2,-999,0,-999,-999
83069001,20140108000000,43.094,6.1463,2,0,8.8,16,11.7,74,96,89,1.3,-999,0.2,-999,-999
83069001,20140109000000,43.094,6.1463,2,0,7.5,15.6,10.9,70,94,86,1.2,-999,0,-999,-999
83069001,20140110000000,43.094,6.1463,2,0,5.9,14.9,11.6,65,92,78,1.5,-999,0,-999,-999
83069001,20140111000000,43.094,6.1463,2,0,10.6,14.8,11.6,69,91,81,1.5,-999,0,-999,-999
83069001,20140112000000,43.094,6.1463,2,0,8.3,16.5,11.7,62,93,82,1.8,-999,0.2,-999,-999
83069001,20140113000000,43.094,6.1463,2,0,6,13.1,10.5,85,94,90,1.7,-999,12.7,-999,-999
83069001,20140114000000,43.094,6.1463,2,0,6.5,13.6,10.5,46,91,66,4.7,-999,0.2,-999,-999
83069001,20140115000000,43.094,6.1463,2,0,4.4,15.2,8.6,36,87,63,2.3,-999,0,-999,-999
83069001,20140116000000,43.094,6.1463,2,0,5.6,14.1,12.1,68,92,88,4.3,-999,29,-999,-999
83069001,20140117000000,43.094,6.1463,2,0,11.4,15,12.6,71,94,85,3.3,-999,5.8,-999,-999
83069001,20140118000000,43.094,6.1463,2,0,8.2,14,12.2,81,94,89,5.1,-999,44.9,-999,-999
83069001,20140119000000,43.094,6.1463,2,0,7.7,12.6,11,79,94,89,2.7,-999,19.3,-999,-999
83069001,20140120000000,43.094,6.1463,2,0,8.1,12.3,9.6,63,94,80,2.4,-999,2,-999,-999
83069001,20140121000000,43.094,6.1463,2,0,4.3,14.8,8.2,43,85,69,2.5,-999,0,-999,-999
83069001,20140122000000,43.094,6.1463,2,0,1.6,13,7.2,50,88,76,2.3,-999,0,-999,-999
83069001,20140123000000,43.094,6.1463,2,0,6,13.5,9.3,48,87,67,2.6,-999,0.6,-999,-999
83069001,20140124000000,43.094,6.1463,2,0,6.6,12.8,9.8,36,54,44,6.5,-999,0,-999,-999
83069001,20140125000000,43.094,6.1463,2,0,3.4,16.8,9,24,65,40,3,-999,0,-999,-999
83069001,20140126000000,43.094,6.1463,2,0,6.4,17.7,14.3,24,82,41,7.2,-999,0,-999,-999
83069001,20140127000000,43.094,6.1463,2,0,10.6,14.6,12.1,24,83,46,7.5,-999,0,-999,-999
83069001,20140128000000,43.094,6.1463,2,0,2.5,12.8,7.4,30,85,51,2.6,-999,2.8,-999,-999
83069001,20140129000000,43.094,6.1463,2,0,2,13,7.9,63,92,84,3.6,-999,21.8,-999,-999
83069001,20140130000000,43.094,6.1463,2,0,6.8,12.5,9.2,66,91,84,6,-999,16.9,-999,-999
83069001,20140131000000,43.094,6.1463,2,0,3.8,10.7,6.5,62,91,80,2.9,-999,0,-999,-999
83069001,20140201000000,43.094,6.1463,2,0,2.4,12.6,8.2,60,92,79,2.8,-999,4.6,-999,-999
83069001,20140202000000,43.094,6.1463,2,0,6.6,8.5,7.5,69,93,83,3.3,-999,5.6,-999,-999
83069001,20140203000000,43.094,6.1463,2,0,5,13.2,8.7,62,90,75,2.2,-999,0.8,-999,-999
83069001,20140204000000,43.094,6.1463,2,0,5.7,12.2,9.6,65,93,81,2.6,-999,4.4,-999,-999
83069001,20140205000000,43.094,6.1463,2,0,5.7,13.4,10.4,46,94,75,4.6,-999,31.1,-999,-999
83069001,20140206000000,43.094,6.1463,2,0,5.4,14.1,11.2,14,93,65,3.1,-999,0.2,-999,-999
83069001,20140207000000,43.094,6.1463,2,0,9.6,15.4,12.7,54,92,76,4.4,-999,0.6,-999,-999
83069001,20140208000000,43.094,6.1463,2,0,2.9,13.8,9.8,62,93,82,3.5,-999,1,-999,-999
83069001,20140209000000,43.094,6.1463,2,0,7.8,13,10.6,42,85,60,5.2,-999,43.6,-999,-999
83069001,20140210000000,43.094,6.1463,2,0,7.4,12.5,10.2,74,95,86,5.1,-999,7.6,-999,-999
83069001,20140211000000,43.094,6.1463,2,0,6,15.5,10.1,37,86,59,2.9,-999,0,-999,-999
83069001,20140212000000,43.094,6.1463,2,0,3.8,17,10.9,29,86,56,4.2,-999,0,-999,-999
83069001,20140213000000,43.094,6.1463,2,0,4,14.5,10.1,51,86,72,2.7,-999,0,-999,-999
83069001,20140214000000,43.094,6.1463,2,0,6.7,14.7,12.3,38,91,65,4,-999,0.2,-999,-999
83069001,20140215000000,43.094,6.1463,2,0,12.5,14.6,13.4,85,96,91,4.7,-999,0.4,-999,-999
83069001,20140216000000,43.094,6.1463,2,0,7.4,16.4,11.9,69,97,87,2,-999,0.8,-999,-999
83069001,20140217000000,43.094,6.1463,2,0,9.1,14.1,10.3,54,92,70,3.9,-999,0,-999,-999
83069001,20140218000000,43.094,6.1463,2,0,5.5,16.8,13.8,53,89,65,5.6,-999,2.8,-999,-999
83069001,20140219000000,43.094,6.1463,2,0,10.3,16.2,12.3,41,93,66,2.8,-999,11.5,-999,-999
83069001,20140220000000,43.094,6.1463,2,0,7.1,16.4,11.3,42,87,61,3.1,-999,0,-999,-999
83069001,20140221000000,43.094,6.1463,2,0,6.2,14.8,11.1,43,87,71,3.4,-999,0.2,-999,-999
83069001,20140222000000,43.094,6.1463,2,0,6.2,16.9,12.2,24,63,43,4.9,-999,0,-999,-999
83069001,20140223000000,43.094,6.1463,2,0,4.6,15.9,11,37,90,67,2.5,-999,0,-999,-999
83069001,20140224000000,43.094,6.1463,2,0,4.6,15.2,9.5,44,95,73,3.2,-999,0,-999,-999
83069001,20140225000000,43.094,6.1463,2,0,3.6,13.8,10.1,68,92,82,3.2,-999,5.7,-999,-999
83069001,20140226000000,43.094,6.1463,2,0,9.6,12.1,10.8,49,88,68,5.6,-999,0,-999,-999
83069001,20140227000000,43.094,6.1463,2,0,3.1,13.3,9.4,42,81,63,3.8,-999,0,-999,-999
83069001,20140228000000,43.094,6.1463,2,0,6.3,14.3,9.9,50,87,68,4.8,-999,7.9,-999,-999
83069001,20140301000000,43.094,6.1463,2,0,7,14.3,9.6,37,71,51,5.2,-999,0,-999,-999
83069001,20140302000000,43.094,6.1463,2,0,3.7,14.2,8.8,39,84,62,2.9,-999,0,-999,-999
83069001,20140303000000,43.094,6.1463,2,0,4,12.5,8.3,45,94,72,4.5,-999,32.1,-999,-999
83069001,20140304000000,43.094,6.1463,2,0,6.9,17.5,10.7,29,65,49,5.1,-999,0,-999,-999
83069001,20140305000000,43.094,6.1463,2,0,4.9,16.6,10.8,33,82,57,2.7,-999,0,-999,-999
83069001,20140306000000,43.094,6.1463,2,0,5.4,18.6,12,25,78,54,2.3,-999,0,-999,-999
83069001,20140307000000,43.094,6.1463,2,0,6.2,19.4,12.4,25,85,54,3.7,-999,0,-999,-999
83069001,20140308000000,43.094,6.1463,2,0,4.1,19,11.3,34,87,64,2.3,-999,0,-999,-999
83069001,20140309000000,43.094,6.1463,2,0,5,17.2,11,42,89,67,2.4,-999,0,-999,-999
83069001,20140310000000,43.094,6.1463,2,0,4.2,16.7,10.4,35,89,72,2.1,-999,0,-999,-999
83069001,20140311000000,43.094,6.1463,2,0,6.3,17.4,10.7,40,88,69,2.4,-999,0,-999,-999
83069001,20140312000000,43.094,6.1463,2,0,4.7,16.2,10.1,37,90,66,3.1,-999,0,-999,-999
83069001,20140313000000,43.094,6.1463,2,0,2.9,17.9,10.3,27,85,58,2,-999,0,-999,-999
83069001,20140314000000,43.094,6.1463,2,0,2.7,17.8,10.7,32,89,69,1.8,-999,0,-999,-999
83069001,20140315000000,43.094,6.1463,2,0,3.7,19.1,12.6,37,91,68,2,-999,0,-999,-999
83069001,20140316000000,43.094,6.1463,2,0,6.8,16.4,12.1,63,95,80,1.9,-999,0.2,-999,-999
83069001,20140317000000,43.094,6.1463,2,0,5.1,16.6,11.3,76,96,87,3,-999,0.2,-999,-999
83069001,20140318000000,43.094,6.1463,2,0,7.7,17.5,12.6,65,95,84,2.9,-999,0.2,-999,-999
83069001,20140319000000,43.094,6.1463,2,0,7.1,17.8,12.2,59,96,83,3.1,-999,0.2,-999,-999
83069001,20140320000000,43.094,6.1463,2,0,8.2,17.5,13.6,71,92,83,3.3,-999,0,-999,-999
83069001,20140321000000,43.094,6.1463,2,0,10.3,16.5,13.7,61,92,80,2,-999,0,-999,-999
83069001,20140322000000,43.094,6.1463,2,0,12.4,14.1,13,77,93,87,3.9,-999,11.9,-999,-999
83069001,20140323000000,43.094,6.1463,2,0,8.3,14.7,11.2,27,82,47,8.5,-999,0,-999,-999
83069001,20140324000000,43.094,6.1463,2,0,8.1,15.4,11.4,29,52,39,6.7,-999,0,-999,-999
83069001,20140325000000,43.094,6.1463,2,0,8.9,16,11.8,32,82,51,4.5,-999,0.2,-999,-999
83069001,20140326000000,43.094,6.1463,2,0,8.4,13.9,10.8,51,79,66,5,-999,0,-999,-999
83069001,20140327000000,43.094,6.1463,2,0,7.6,16.3,11.7,40,76,60,2.7,-999,0,-999,-999
83069001,20140328000000,43.094,6.1463,2,0,2.5,15.8,10,38,88,71,2.6,-999,0,-999,-999
83069001,20140329000000,43.094,6.1463,2,0,5.4,18.4,14.2,43,86,60,7.4,-999,0,-999,-999
83069001,20140330000000,43.094,6.1463,2,0,13.9,18.1,14.2,56,92,72,4.6,-999,0.2,-999,-999
83069001,20140331000000,43.094,6.1463,2,0,6,18.1,12.3,51,93,77,1.9,-999,0,-999,-999
83069001,20140401000000,43.094,6.1463,2,0,7.5,17.4,12.8,58,94,82,1.9,-999,0.2,-999,-999
83069001,20140402000000,43.094,6.1463,2,0,11,17.3,14.7,63,89,75,4.9,-999,0,-999,-999
83069001,20140403000000,43.094,6.1463,2,0,14.3,18,16,45,75,60,7.8,-999,1,-999,-999
83069001,20140404000000,43.094,6.1463,2,0,12.8,17.5,14.8,48,90,75,2.9,-999,0,-999,-999
83069001,20140405000000,43.094,6.1463,2,0,9.4,21,15.6,46,91,72,2.5,-999,0,-999,-999
83069001,20140406000000,43.094,6.1463,2,0,10.7,21.2,15.9,42,86,67,2.1,-999,0.2,-999,-999
83069001,20140407000000,43.094,6.1463,2,0,7.8,20.4,14.7,50,95,80,2.6,-999,0,-999,-999
83069001,20140408000000,43.094,6.1463,2,0,10.4,22.8,16.3,30,96,69,3.9,-999,0,-999,-999
83069001,20140409000000,43.094,6.1463,2,0,11.9,20,15.3,37,86,53,3,-999,0,-999,-999
83069001,20140410000000,43.094,6.1463,2,0,6.2,18.1,13.1,63,92,81,2.2,-999,0.2,-999,-999
83069001,20140411000000,43.094,6.1463,2,0,10.2,17.8,13.8,65,96,82,2.3,-999,0.2,-999,-999
83069001,20140412000000,43.094,6.1463,2,0,9.4,18.4,14.1,65,94,81,2.2,-999,0,-999,-999
83069001,20140413000000,43.094,6.1463,2,0,8.7,19.1,14.2,64,96,83,1.8,-999,0.2,-999,-999
83069001,20140414000000,43.094,6.1463,2,0,8.3,21,15.2,43,95,73,3,-999,0.2,-999,-999
83069001,20140415000000,43.094,6.1463,2,0,7.6,21.3,15.1,35,95,62,2.8,-999,0,-999,-999
83069001,20140416000000,43.094,6.1463,2,0,6.3,18.1,12.4,42,85,62,3.5,-999,0,-999,-999
83069001,20140417000000,43.094,6.1463,2,0,6.5,17.4,13.1,34,83,63,4.6,-999,0,-999,-999
83069001,20140418000000,43.094,6.1463,2,0,6,21.8,14.9,26,93,59,3.9,-999,0,-999,-999
83069001,20140419000000,43.094,6.1463,2,0,10.7,18.1,14,27,88,54,3.8,-999,0,-999,-999
83069001,20140420000000,43.094,6.1463,2,0,8,17.7,12.9,54,92,78,2.6,-999,1.6,-999,-999
83069001,20140421000000,43.094,6.1463,2,0,10,18.4,14.5,61,90,78,3.5,-999,0,-999,-999
83069001,20140422000000,43.094,6.1463,2,0,10.6,19.1,15.1,65,91,82,3.1,-999,0.2,-999,-999
83069001,20140423000000,43.094,6.1463,2,0,9.7,21.9,16.2,55,92,74,2.9,-999,0,-999,-999
83069001,20140424000000,43.094,6.1463,2,0,9.4,23.3,16.9,42,89,68,3,-999,0,-999,-999
83069001,20140425000000,43.094,6.1463,2,0,9.2,19.2,15,65,91,80,2.6,-999,0,-999,-999
83069001,20140426000000,43.094,6.1463,2,0,10.7,22.4,17.1,45,81,61,4.2,-999,0.2,-999,-999
83069001,20140427000000,43.094,6.1463,2,0,12.6,21.9,17.2,25,69,44,8.3,-999,0,-999,-999
83069001,20140428000000,43.094,6.1463,2,0,12.2,21.7,16.9,29,58,42,8.4,-999,0,-999,-999
83069001,20140429000000,43.094,6.1463,2,0,10.5,23.1,17.9,34,75,50,4.1,-999,0,-999,-999
83069001,20140430000000,43.094,6.1463,2,0,14.3,22.3,17.5,26,77,48,5.8,-999,0,-999,-999
83069001,20140501000000,43.094,6.1463,2,0,6.1,22.1,16.2,38,86,55,4.5,-999,0,-999,-999
83069001,20140502000000,43.094,6.1463,2,0,13.7,20,15.5,38,88,60,4.3,-999,1.2,-999,-999
83069001,20140503000000,43.094,6.1463,2,0,8.4,23.5,16.1,38,91,62,3.3,-999,0,-999,-999
83069001,20140504000000,43.094,6.1463,2,0,11.9,21.4,16.2,40,81,55,2.8,-999,0,-999,-999
83069001,20140505000000,43.094,6.1463,2,0,7.9,21.5,15.2,37,88,69,2.8,-999,0.2,-999,-999
83069001,20140506000000,43.094,6.1463,2,0,6.2,20.1,15.4,40,90,69,1.9,-999,0,-999,-999
83069001,20140507000000,43.094,6.1463,2,0,13.4,20.7,17.4,43,83,70,4.8,-999,0,-999,-999
83069001,20140508000000,43.094,6.1463,2,0,10.3,21.6,16.5,49,91,73,2.3,-999,0,-999,-999
83069001,20140509000000,43.094,6.1463,2,0,9,22,16.4,60,91,77,2.3,-999,0.2,-999,-999
83069001,20140510000000,43.094,6.1463,2,0,10.8,23.2,17.4,45,93,73,3.4,-999,0,-999,-999
83069001,20140511000000,43.094,6.1463,2,0,11.8,25.1,19,27,88,55,5.4,-999,0,-999,-999
83069001,20140512000000,43.094,6.1463,2,0,14.8,21.6,17.6,21,74,45,6.9,-999,0,-999,-999
83069001,20140513000000,43.094,6.1463,2,0,13.3,22.8,18,19,54,32,7,-999,0,-999,-999
83069001,20140514000000,43.094,6.1463,2,0,13.1,25.6,19.2,17,46,29,5,-999,0,-999,-999
83069001,20140515000000,43.094,6.1463,2,0,13.7,21.5,16.9,23,81,45,3.5,-999,0,-999,-999
83069001,20140516000000,43.094,6.1463,2,0,10.1,23.2,16.8,27,81,52,4.2,-999,0,-999,-999
83069001,20140517000000,43.094,6.1463,2,0,8.5,19.9,15.8,59,86,73,4,-999,0,-999,-999
83069001,20140518000000,43.094,6.1463,2,0,9.3,20.5,16.7,58,91,73,4.3,-999,9.1,-999,-999
83069001,20140519000000,43.094,6.1463,2,0,14.2,17.1,15.6,72,94,85,5.5,-999,20.6,-999,-999
83069001,20140520000000,43.094,6.1463,2,0,15.2,20.8,18.3,62,81,72,5.7,-999,0.2,-999,-999
83069001,20140521000000,43.094,6.1463,2,0,16.8,22.4,19.9,56,78,67,7.3,-999,0,-999,-999
83069001,20140522000000,43.094,6.1463,2,0,18,19.6,18.3,75,94,83,4.7,-999,0.4,-999,-999
83069001,20140523000000,43.094,6.1463,2,0,11.9,21.2,17.5,54,96,76,2.5,-999,0,-999,-999
83069001,20140524000000,43.094,6.1463,2,0,11.4,21.2,16.8,41,84,65,3.5,-999,0,-999,-999
83069001,20140525000000,43.094,6.1463,2,0,11,20.8,16.2,33,89,68,1.9,-999,0.2,-999,-999
83069001,20140526000000,43.094,6.1463,2,0,11.1,21,17.1,44,80,64,5.3,-999,0,-999,-999
83069001,20140527000000,43.094,6.1463,2,0,13.4,21.4,17.8,41,63,53,7.9,-999,0,-999,-999
83069001,20140528000000,43.094,6.1463,2,0,11.9,21.1,17.6,42,80,59,6.4,-999,0,-999,-999
83069001,20140529000000,43.094,6.1463,2,0,9.1,22.8,17,44,92,70,2.4,-999,0,-999,-999
83069001,20140530000000,43.094,6.1463,2,0,10.8,24.6,18.7,39,89,60,3.2,-999,0,-999,-999
83069001,20140531000000,43.094,6.1463,2,0,11.6,23.4,18.2,55,89,72,2.9,-999,0,-999,-999
83069001,20140601000000,43.094,6.1463,2,0,13.3,21.8,18.3,59,91,75,2.9,-999,0.2,-999,-999
83069001,20140602000000,43.094,6.1463,2,0,10.9,22.4,18,59,91,76,2.4,-999,0,-999,-999
83069001,20140603000000,43.094,6.1463,2,0,13.2,22.9,19,45,91,73,3,-999,0,-999,-999
83069001,20140604000000,43.094,6.1463,2,0,14.4,22.6,18.9,56,87,74,3.1,-999,0,-999,-999
83069001,20140605000000,43.094,6.1463,2,0,13,23.3,18.9,40,82,63,3.9,-999,0,-999,-999
83069001,20140606000000,43.094,6.1463,2,0,12.6,23,18.8,60,86,75,3.5,-999,0,-999,-999
83069001,20140607000000,43.094,6.1463,2,0,12.6,26.5,20.1,41,85,63,2.6,-999,0,-999,-999
83069001,20140608000000,43.094,6.1463,2,0,13.6,29.2,22.3,28,80,52,1.9,-999,0,-999,-999
83069001,20140609000000,43.094,6.1463,2,0,14.5,30.7,23.4,24,79,53,1.9,-999,0,-999,-999
83069001,20140610000000,43.094,6.1463,2,0,16.6,29.2,23.8,40,85,63,2.3,-999,0,-999,-999
83069001,20140611000000,43.094,6.1463,2,0,16.1,29.3,24,38,86,61,2.7,-999,0,-999,-999
83069001,20140612000000,43.094,6.1463,2,0,16.6,-999,24.7,-999,-999,62,2.3,-999,0,-999,-999
83069001,20140613000000,43.094,6.1463,2,0,17.9,28.6,24,54,89,74,2.2,-999,0,-999,-999
83069001,20140614000000,43.094,6.1463,2,0,17.3,31.1,24.5,35,87,65,2.6,-999,0.4,-999,-999
83069001,20140615000000,43.094,6.1463,2,0,16.9,23.2,19.4,61,87,77,3.7,-999,11.3,-999,-999
83069001,20140616000000,43.094,6.1463,2,0,15.9,23.9,18.9,55,90,77,2.5,-999,5,-999,-999
83069001,20140617000000,43.094,6.1463,2,0,15.2,24.7,20.2,52,89,70,3,-999,0,-999,-999
83069001,20140618000000,43.094,6.1463,2,0,15.6,24.3,19.9,41,83,63,2.4,-999,0,-999,-999
83069001,20140619000000,43.094,6.1463,2,0,14.1,26.1,21.5,39,83,59,4.2,-999,0,-999,-999
83069001,20140620000000,43.094,6.1463,2,0,15.1,29.4,23.7,33,84,54,5.2,-999,0,-999,-999
83069001,20140621000000,43.094,6.1463,2,0,14.7,25.1,21,62,92,79,2.3,-999,0,-999,-999
83069001,20140622000000,43.094,6.1463,2,0,16.8,26.1,22,43,93,74,2.5,-999,0,-999,-999
83069001,20140623000000,43.094,6.1463,2,0,17.7,27.1,22.5,39,89,72,3.1,-999,0,-999,-999
83069001,20140624000000,43.094,6.1463,2,0,17.5,26.4,22.8,58,87,78,3.4,-999,0,-999,-999
83069001,20140625000000,43.094,6.1463,2,0,19.2,25.9,22.5,47,89,71,5,-999,0,-999,-999
83069001,20140626000000,43.094,6.1463,2,0,18.4,27.3,22.4,48,91,74,2.9,-999,0.2,-999,-999
83069001,20140627000000,43.094,6.1463,2,0,15.5,27.3,22.2,41,93,72,3.6,-999,0.2,-999,-999
83069001,20140628000000,43.094,6.1463,2,0,15.2,26.4,22.1,54,88,71,2.8,-999,0,-999,-999
83069001,20140629000000,43.094,6.1463,2,0,16.3,27.7,22.5,26,84,54,4.2,-999,1,-999,-999
83069001,20140630000000,43.094,6.1463,2,0,19,28.7,22.9,29,71,45,6.5,-999,0,-999,-999
83069001,20140701000000,43.094,6.1463,2,0,15.5,26.6,22.1,35,92,64,2.8,-999,0,-999,-999
83069001,20140702000000,43.094,6.1463,2,0,17.6,25.3,21.6,61,91,77,3,-999,0,-999,-999
83069001,20140703000000,43.094,6.1463,2,0,16.6,29,24.3,40,89,60,4.9,-999,0,-999,-999
83069001,20140704000000,43.094,6.1463,2,0,23.5,26.7,24.3,45,88,66,5.9,-999,0,-999,-999
83069001,20140705000000,43.094,6.1463,2,0,16.6,28.7,23.5,39,90,65,5.3,-999,0,-999,-999
83069001,20140706000000,43.094,6.1463,2,0,16.8,25.7,22,69,91,80,2.9,-999,0.2,-999,-999
83069001,20140707000000,43.094,6.1463,2,0,16.6,26.5,22.1,50,92,72,2.7,-999,0,-999,-999
83069001,20140708000000,43.094,6.1463,2,0,18.5,27.2,23.1,28,75,42,8.1,-999,0,-999,-999
83069001,20140709000000,43.094,6.1463,2,0,19.3,25.9,22.4,27,54,38,8.7,-999,0,-999,-999
83069001,20140710000000,43.094,6.1463,2,0,17.6,27.1,22.2,33,55,42,5.9,-999,0,-999,-999
83069001,20140711000000,43.094,6.1463,2,0,17.3,30.8,23.6,34,80,54,3.6,-999,0,-999,-999
83069001,20140712000000,43.094,6.1463,2,0,15.8,27.2,21,40,87,65,2.8,-999,0.4,-999,-999
83069001,20140713000000,43.094,6.1463,2,0,15,27.6,21.7,37,88,62,5.2,-999,0,-999,-999
83069001,20140714000000,43.094,6.1463,2,0,19.3,29.1,23.3,40,87,62,4.1,-999,0,-999,-999
83069001,20140715000000,43.094,6.1463,2,0,16.8,26.7,22.4,49,90,68,2.8,-999,0,-999,-999
83069001,20140716000000,43.094,6.1463,2,0,15.8,29.4,23.7,41,85,65,2.7,-999,0,-999,-999
83069001,20140717000000,43.094,6.1463,2,0,17.8,28.7,24.3,43,82,64,3,-999,0,-999,-999
83069001,20140718000000,43.094,6.1463,2,0,16.3,26.8,22.7,51,90,75,3.2,-999,0,-999,-999
83069001,20140719000000,43.094,6.1463,2,0,16.5,28.5,24.1,46,86,64,4.3,-999,1,-999,-999
83069001,20140720000000,43.094,6.1463,2,0,22.1,29.1,24.8,43,77,62,4.4,-999,0,-999,-999
83069001,20140721000000,43.094,6.1463,2,0,18.5,30.2,25.1,31,67,45,6.8,-999,0,-999,-999
83069001,20140722000000,43.094,6.1463,2,0,22,31.2,24.4,33,85,60,3.5,-999,0,-999,-999
83069001,20140723000000,43.094,6.1463,2,0,16.9,27.5,23.2,45,90,70,2.3,-999,0,-999,-999
83069001,20140724000000,43.094,6.1463,2,0,17.4,27.7,23.2,59,90,78,2.7,-999,0,-999,-999
83069001,20140725000000,43.094,6.1463,2,0,20.9,26.9,23.5,64,86,76,2.8,-999,0,-999,-999
83069001,20140726000000,43.094,6.1463,2,0,18.7,33.1,25.6,23,83,58,3.3,-999,0,-999,-999
83069001,20140727000000,43.094,6.1463,2,0,20.6,31,25.5,33,74,51,2.8,-999,0,-999,-999
83069001,20140728000000,43.094,6.1463,2,0,17.9,30.1,24,40,76,61,5.3,-999,0,-999,-999
83069001,20140729000000,43.094,6.1463,2,0,20,28.5,22.9,28,70,51,6,-999,0,-999,-999
83069001,20140730000000,43.094,6.1463,2,0,16.9,33.1,25.1,29,75,51,3.2,-999,0,-999,-999
83069001,20140731000000,43.094,6.1463,2,0,18.6,29.6,24.3,40,85,61,2.6,-999,0,-999,-999
83069001,20140801000000,43.094,6.1463,2,0,16.8,27.3,22.9,55,90,74,2.5,-999,0,-999,-999
83069001,20140802000000,43.094,6.1463,2,0,17.6,26.7,23.3,62,84,72,2.7,-999,1.4,-999,-999
83069001,20140803000000,43.094,6.1463,2,0,20.1,27,23.3,55,91,76,3.1,-999,0,-999,-999
83069001,20140804000000,43.094,6.1463,2,0,17.7,29.4,24,42,91,69,3.8,-999,0,-999,-999
83069001,20140805000000,43.094,6.1463,2,0,18.4,33.5,25.3,24,74,53,3.5,-999,0,-999,-999
83069001,20140806000000,43.094,6.1463,2,0,17.3,28.5,24.1,42,72,56,2.4,-999,0,-999,-999
83069001,20140807000000,43.094,6.1463,2,0,15.2,29.9,24,35,88,62,2.5,-999,0,-999,-999
83069001,20140808000000,43.094,6.1463,2,0,18.4,28,24.2,53,92,77,2.3,-999,0.4,-999,-999
83069001,20140809000000,43.094,6.1463,2,0,20.4,28.4,24.4,55,90,73,2.4,-999,0.2,-999,-999
83069001,20140810000000,43.094,6.1463,2,0,18.8,28.3,24.5,63,91,77,3.5,-999,0,-999,-999
83069001,20140811000000,43.094,6.1463,2,0,20.8,32.7,26.5,42,89,65,3.5,-999,0,-999,-999
83069001,20140812000000,43.094,6.1463,2,0,19.5,31.6,25.5,34,76,55,4,-999,0,-999,-999
83069001,20140813000000,43.094,6.1463,2,0,18.7,28.7,23.5,27,90,52,4.5,-999,11,-999,-999
83069001,20140814000000,43.094,6.1463,2,0,19.7,28.3,23.9,24,46,34,7.4,-999,0,-999,-999
83069001,20140815000000,43.094,6.1463,2,0,18.5,26.7,23.5,27,57,39,6.6,-999,0,-999,-999
83069001,20140816000000,43.094,6.1463,2,0,19.2,27.2,22.3,30,76,43,3.9,-999,0,-999,-999
83069001,20140817000000,43.094,6.1463,2,0,15.7,26,21.1,41,70,59,2.2,-999,0,-999,-999
83069001,20140818000000,43.094,6.1463,2,0,12.9,26,21.5,45,87,73,4,-999,0,-999,-999
83069001,20140819000000,43.094,6.1463,2,0,20.2,27.7,23.7,49,90,68,4.3,-999,0,-999,-999
83069001,20140820000000,43.094,6.1463,2,0,15.2,26.8,22.2,44,87,59,3.7,-999,0,-999,-999
83069001,20140821000000,43.094,6.1463,2,0,16.2,27.5,22.2,29,71,49,5,-999,0,-999,-999
83069001,20140822000000,43.094,6.1463,2,0,14.3,26.3,21.5,44,73,59,3.9,-999,0,-999,-999
83069001,20140823000000,43.094,6.1463,2,0,19,28.5,23.1,29,78,50,4.6,-999,0.2,-999,-999
83069001,20140824000000,43.094,6.1463,2,0,19.9,26.6,22.6,32,61,42,6.1,-999,0,-999,-999
83069001,20140825000000,43.094,6.1463,2,0,13.7,26.3,21.2,27,70,51,3.2,-999,0,-999,-999
83069001,20140826000000,43.094,6.1463,2,0,17.9,27.3,23.3,59,86,74,3.1,-999,0,-999,-999
83069001,20140827000000,43.094,6.1463,2,0,21.8,28.9,24.8,42,72,58,5.8,-999,0,-999,-999
83069001,20140828000000,43.094,6.1463,2,0,15.8,27.3,22.3,41,80,58,2.4,-999,0,-999,-999
83069001,20140829000000,43.094,6.1463,2,0,15.8,28.8,22.4,35,88,69,2.3,-999,0,-999,-999
83069001,20140830000000,43.094,6.1463,2,0,16.4,26.7,22,57,92,77,2,-999,0,-999,-999
83069001,20140831000000,43.094,6.1463,2,0,16.6,29.8,24,19,89,55,4.1,-999,0,-999,-999
83069001,20140901000000,43.094,6.1463,2,0,20.1,30.9,24.8,18,51,33,5.3,-999,0,-999,-999
83069001,20140902000000,43.094,6.1463,2,0,17.3,26.9,21.4,29,84,55,2.5,-999,0,-999,-999
83069001,20140903000000,43.094,6.1463,2,0,12.5,26.5,20.6,40,82,62,2.6,-999,0,-999,-999
83069001,20140904000000,43.094,6.1463,2,0,13.5,27.9,22.3,33,82,52,2.8,-999,0,-999,-999
83069001,20140905000000,43.094,6.1463,2,0,18,27.8,22.5,34,83,61,3.1,-999,0,-999,-999
83069001,20140906000000,43.094,6.1463,2,0,16,26.8,22.4,53,88,74,2.6,-999,0,-999,-999
83069001,20140907000000,43.094,6.1463,2,0,15.9,27.2,22.5,66,92,83,2.3,-999,0,-999,-999
83069001,20140908000000,43.094,6.1463,2,0,20.3,27.4,23.5,64,93,81,2.3,-999,0.2,-999,-999
83069001,20140909000000,43.094,6.1463,2,0,18.4,26.8,23,61,92,78,3.7,-999,0,-999,-999
83069001,20140910000000,43.094,6.1463,2,0,16.8,29,22.6,50,91,74,2.7,-999,0,-999,-999
83069001,20140911000000,43.094,6.1463,2,0,16.1,27.3,21.7,44,93,76,2.1,-999,0.2,-999,-999
83069001,20140912000000,43.094,6.1463,2,0,12.6,25.9,20.4,41,90,70,2.5,-999,0,-999,-999
83069001,20140913000000,43.094,6.1463,2,0,16.7,25.5,20.7,47,90,65,2.5,-999,0,-999,-999
83069001,20140914000000,43.094,6.1463,2,0,14.3,25.6,21,56,88,74,2.7,-999,1.6,-999,-999
83069001,20140915000000,43.094,6.1463,2,0,18.8,25.7,21.6,61,92,80,2.2,-999,0,-999,-999
83069001,20140916000000,43.094,6.1463,2,0,18.7,25.5,21.8,63,87,78,3.3,-999,0,-999,-999
83069001,20140917000000,43.094,6.1463,2,0,18.5,26.1,22.7,59,88,76,5.7,-999,1,-999,-999
83069001,20140918000000,43.094,6.1463,2,0,22,26.1,23.5,60,77,70,5.8,-999,1.4,-999,-999
83069001,20140919000000,43.094,6.1463,2,0,18.9,26.5,23.3,61,97,76,5.2,-999,29.3,-999,-999
83069001,20140920000000,43.094,6.1463,2,0,21.8,26.9,23.3,63,95,83,2.7,-999,0.2,-999,-999
83069001,20140921000000,43.094,6.1463,2,0,17.4,27.7,23.2,43,94,71,4.2,-999,0,-999,-999
83069001,20140922000000,43.094,6.1463,2,0,16,27.5,22,34,83,57,2.4,-999,0,-999,-999
83069001,20140923000000,43.094,6.1463,2,0,17.1,24.4,21.3,40,85,67,5.8,-999,4,-999,-999
83069001,20140924000000,43.094,6.1463,2,0,16.3,21.5,18.5,63,91,80,3,-999,2.2,-999,-999
83069001,20140925000000,43.094,6.1463,2,0,13.1,23.3,18.9,48,89,71,2.1,-999,0,-999,-999
83069001,20140926000000,43.094,6.1463,2,0,15.6,25.1,19.8,39,89,65,2.6,-999,0,-999,-999
83069001,20140927000000,43.094,6.1463,2,0,12.7,24.7,19.1,60,94,75,2.5,-999,0.2,-999,-999
83069001,20140928000000,43.094,6.1463,2,0,13.6,25.2,19.6,60,94,77,3.4,-999,0,-999,-999
83069001,20140929000000,43.094,6.1463,2,0,14.6,25.3,21.7,65,91,77,4,-999,0.2,-999,-999
83069001,20140930000000,43.094,6.1463,2,0,18.5,21.5,19.7,82,93,89,3,-999,50.3,-999,-999
83069001,20141001000000,43.094,6.1463,2,0,17.3,24.1,20.1,64,93,81,2,-999,0,-999,-999
83069001,20141002000000,43.094,6.1463,2,0,16.5,24.9,20.7,54,93,79,2.2,-999,0.2,-999,-999
83069001,20141003000000,43.094,6.1463,2,0,18.3,25.1,21.2,51,90,71,2.1,-999,0,-999,-999
83069001,20141004000000,43.094,6.1463,2,0,16.7,24.7,20.1,56,90,75,2.1,-999,0,-999,-999
83069001,20141005000000,43.094,6.1463,2,0,14.2,23.8,18.3,52,91,76,1.9,-999,0,-999,-999
83069001,20141006000000,43.094,6.1463,2,0,13.5,23.1,19,52,92,73,2.2,-999,75.3,-999,-999
83069001,20141007000000,43.094,6.1463,2,0,17.2,22.3,19.6,73,95,86,3.1,-999,8.9,-999,-999
83069001,20141008000000,43.094,6.1463,2,0,19.3,23.8,21.6,78,93,86,4.3,-999,0.8,-999,-999
83069001,20141009000000,43.094,6.1463,2,0,17.4,24.9,21.6,72,92,83,3.8,-999,0,-999,-999
83069001,20141010000000,43.094,6.1463,2,0,18.3,24.9,21.9,75,94,86,4.1,-999,9.6,-999,-999
83069001,20141011000000,43.094,6.1463,2,0,16.8,23.9,20.4,61,95,84,2.8,-999,30.5,-999,-999
83069001,20141012000000,43.094,6.1463,2,0,16.6,23.5,21.3,78,94,85,5.1,-999,0.2,-999,-999
83069001,20141013000000,43.094,6.1463,2,0,20.5,23.8,21.2,64,92,78,2.5,-999,30.1,-999,-999
83069001,20141014000000,43.094,6.1463,2,0,16,22.2,18.8,67,94,86,2.1,-999,0,-999,-999
83069001,20141015000000,43.094,6.1463,2,0,16.3,23.9,19.8,53,90,74,2.8,-999,0,-999,-999
83069001,20141016000000,43.094,6.1463,2,0,14.7,24,19.8,66,93,80,1.7,-999,0,-999,-999
83069001,20141017000000,43.094,6.1463,2,0,19.2,27.6,22.7,52,93,78,2.5,-999,0,-999,-999
83069001,20141018000000,43.094,6.1463,2,0,14.5,24.2,19.9,73,95,86,2.1,-999,0,-999,-999
83069001,20141019000000,43.094,6.1463,2,0,16.9,24.3,19.8,69,96,87,1.7,-999,0.2,-999,-999
83069001,20141020000000,43.094,6.1463,2,0,14.5,23.7,18.9,69,95,86,1.9,-999,0,-999,-999
83069001,20141021000000,43.094,6.1463,2,0,15.6,27.4,21.8,33,93,60,6.3,-999,0,-999,-999
83069001,20141022000000,43.094,6.1463,2,0,14.2,18.8,15.7,22,43,29,9.9,-999,0,-999,-999
83069001,20141023000000,43.094,6.1463,2,0,11.4,22.7,15.2,23,74,42,3.7,-999,0,-999,-999
83069001,20141024000000,43.094,6.1463,2,0,10.1,22.5,14.6,39,88,60,2.3,-999,0,-999,-999
83069001,20141025000000,43.094,6.1463,2,0,8.3,21.6,15.3,51,92,73,2.2,-999,0,-999,-999
83069001,20141026000000,43.094,6.1463,2,0,12.8,20.9,16.4,59,90,78,2.4,-999,0,-999,-999
83069001,20141027000000,43.094,6.1463,2,0,13.7,20.5,16.5,55,84,72,2.6,-999,0,-999,-999
83069001,20141028000000,43.094,6.1463,2,0,11.5,19.2,14.5,47,85,69,3.3,-999,0,-999,-999
83069001,20141029000000,43.094,6.1463,2,0,10.1,20,14.1,44,90,70,2.6,-999,0,-999,-999
83069001,20141030000000,43.094,6.1463,2,0,8.2,20.4,14,51,92,78,1.9,-999,0.2,-999,-999
83069001,20141031000000,43.094,6.1463,2,0,10.1,20.5,14.5,59,94,81,1.8,-999,0.2,-999,-999
83069001,20141101000000,43.094,6.1463,2,0,10.5,20.3,14.4,64,94,83,1.9,-999,0.4,-999,-999
83069001,20141102000000,43.094,6.1463,2,0,8.9,20.4,14.3,59,94,83,1.7,-999,0.2,-999,-999
83069001,20141103000000,43.094,6.1463,2,0,10.2,20.9,17.1,63,96,80,3.6,-999,1.4,-999,-999
83069001,20141104000000,43.094,6.1463,2,0,16.3,20.2,17.8,67,92,83,6.1,-999,32.6,-999,-999
83069001,20141105000000,43.094,6.1463,2,0,12.3,15.7,13.4,73,94,84,2.1,-999,0,-999,-999
83069001,20141106000000,43.094,6.1463,2,0,8,18.9,12.9,53,78,67,2.8,-999,0,-999,-999
83069001,20141107000000,43.094,6.1463,2,0,9.4,19.2,14.1,48,80,62,3,-999,0,-999,-999
83069001,20141108000000,43.094,6.1463,2,0,7.2,19.9,12.8,45,88,71,2,-999,4.4,-999,-999
83069001,20141109000000,43.094,6.1463,2,0,10.4,17.7,14,76,94,89,3.8,-999,51.4,-999,-999
83069001,20141110000000,43.094,6.1463,2,0,11.9,18.8,14.7,72,94,89,2.1,-999,2.8,-999,-999
83069001,20141111000000,43.094,6.1463,2,0,12.7,18.2,16.1,77,95,86,4.2,-999,39.3,-999,-999
83069001,20141112000000,43.094,6.1463,2,0,11.5,15.7,13.8,54,96,83,2.8,-999,12,-999,-999
83069001,20141113000000,43.094,6.1463,2,0,8.1,18.1,13,50,93,73,2.5,-999,0.2,-999,-999
83069001,20141114000000,43.094,6.1463,2,0,8.6,18.9,15.4,77,94,87,3.9,-999,8.5,-999,-999
83069001,20141115000000,43.094,6.1463,2,0,13.5,18.7,15.5,62,90,83,3.9,-999,19.2,-999,-999
83069001,20141116000000,43.094,6.1463,2,0,6.9,18.1,11.6,40,90,71,2.3,-999,5.5,-999,-999
83069001,20141117000000,43.094,6.1463,2,0,7.7,15.9,12.1,54,92,73,3.3,-999,4.3,-999,-999
83069001,20141118000000,43.094,6.1463,2,0,9,16.8,12.4,52,89,67,3.6,-999,0,-999,-999
83069001,20141119000000,43.094,6.1463,2,0,5.7,18.9,11.2,41,92,72,2.3,-999,0,-999,-999
83069001,20141120000000,43.094,6.1463,2,0,7.4,18,12.3,60,95,81,1.9,-999,0.2,-999,-999
83069001,20141121000000,43.094,6.1463,2,0,8.5,16.9,13.6,75,93,85,1.8,-999,0,-999,-999
83069001,20141122000000,43.094,6.1463,2,0,13.6,18,15.3,73,90,83,3,-999,0,-999,-999
83069001,20141123000000,43.094,6.1463,2,0,13.5,20.2,17.2,70,87,80,3.5,-999,0,-999,-999
83069001,20141124000000,43.094,6.1463,2,0,16.4,19.4,17.7,73,89,81,3.9,-999,7.6,-999,-999
83069001,20141125000000,43.094,6.1463,2,0,13.9,18.5,15.7,78,95,91,2.6,-999,157.8,-999,-999
83069001,20141126000000,43.094,6.1463,2,0,13.7,16.9,15.4,78,95,89,4.1,-999,19.5,-999,-999
83069001,20141127000000,43.094,6.1463,2,0,13,17.1,15,73,95,87,3.8,-999,16.2,-999,-999
83069001,20141128000000,43.094,6.1463,2,0,14.7,18.2,17,69,82,75,9.7,-999,0,-999,-999
83069001,20141129000000,43.094,6.1463,2,0,17,19.1,18.1,67,81,73,9.4,-999,0.6,-999,-999
83069001,20141130000000,43.094,6.1463,2,0,16.6,19.5,17.6,62,87,74,7.8,-999,6.8,-999,-999
83069001,20141201000000,43.094,6.1463,2,0,13,14,13.7,78,94,91,2.2,-999,30.1,-999,-999
83069001,20141202000000,43.094,6.1463,2,0,11.6,18.3,13.4,64,92,82,2.4,-999,0,-999,-999
83069001,20141203000000,43.094,6.1463,2,0,10.8,18,13.3,61,93,82,1.8,-999,0.2,-999,-999
83069001,20141204000000,43.094,6.1463,2,0,11,15.7,13,74,93,88,3,-999,19.7,-999,-999
83069001,20141205000000,43.094,6.1463,2,0,12.9,15.7,13.9,74,93,84,5.4,-999,93,-999,-999
83069001,20141206000000,43.094,6.1463,2,0,8.3,10.8,9.4,81,93,88,3.4,-999,24.4,-999,-999
83069001,20141207000000,43.094,6.1463,2,0,8.9,14.5,10.7,49,87,69,3.1,-999,0,-999,-999
83069001,20141208000000,43.094,6.1463,2,0,6.1,15.5,10.3,37,76,58,2.7,-999,0,-999,-999
83069001,20141209000000,43.094,6.1463,2,0,7.2,14,9.8,37,73,47,4.5,-999,0.2,-999,-999
83069001,20141210000000,43.094,6.1463,2,0,4.4,12.8,8,37,79,55,2.7,-999,0,-999,-999
83069001,20141211000000,43.094,6.1463,2,0,4,15.4,10.9,31,91,53,4.2,-999,0,-999,-999
83069001,20141212000000,43.094,6.1463,2,0,3.2,14.6,10.8,44,78,68,2.7,-999,0,-999,-999
83069001,20141213000000,43.094,6.1463,2,0,13.5,17.1,15.5,64,85,76,4.2,-999,8.3,-999,-999
83069001,20141214000000,43.094,6.1463,2,0,13.4,16.6,15.1,73,90,82,4,-999,0,-999,-999
83069001,20141215000000,43.094,6.1463,2,0,10.2,17,13.3,71,92,84,2.9,-999,3.4,-999,-999
83069001,20141216000000,43.094,6.1463,2,0,8.9,15.5,11.4,65,93,83,1.7,-999,0,-999,-999
83069001,20141217000000,43.094,6.1463,2,0,6.8,14.4,11.3,47,79,62,3.4,-999,0,-999,-999
83069001,20141218000000,43.094,6.1463,2,0,7.3,17.8,12,54,93,77,1.7,-999,0.2,-999,-999
83069001,20141219000000,43.094,6.1463,2,0,6.8,17.3,10.7,64,95,86,1.4,-999,0.2,-999,-999
83069001,20141220000000,43.094,6.1463,2,0,5.5,19.7,15.4,34,86,48,4.9,-999,0,-999,-999
83069001,20141221000000,43.094,6.1463,2,0,7.3,17.1,10.9,44,92,68,2.4,-999,0.2,-999,-999
83069001,20141222000000,43.094,6.1463,2,0,5.7,16.3,10.2,66,93,83,2.4,-999,0,-999,-999
83069001,20141223000000,43.094,6.1463,2,0,5.3,14.9,10.2,65,95,82,2.2,-999,0,-999,-999
83069001,20141224000000,43.094,6.1463,2,0,9.6,15.2,11.1,63,90,77,2.1,-999,0.2,-999,-999
83069001,20141225000000,43.094,6.1463,2,0,1.7,15.2,8.9,40,92,67,2.4,-999,0,-999,-999
83069001,20141226000000,43.094,6.1463,2,0,6.3,12.7,9,35,58,45,4.2,-999,0,-999,-999
83069001,20141227000000,43.094,6.1463,2,0,3.5,13,8.4,35,89,61,5.9,-999,11.3,-999,-999
83069001,20141228000000,43.094,6.1463,2,0,4.3,10.3,6.6,38,66,49,5.3,-999,0,-999,-999
83069001,20141229000000,43.094,6.1463,2,0,2.3,12.2,6.4,22,56,37,3.9,-999,0,-999,-999
83069001,20141230000000,43.094,6.1463,2,0,2,12.1,5.9,34,67,45,3.7,-999,0,-999,-999
83069001,20141231000000,43.094,6.1463,2,0,3,12.7,7,49,87,66,3.4,-999,0.2,-999,-999
83069001,20150101000000,43.094,6.1463,2,0,2.9,14,7.1,45,92,72,2.4,-999,0,-999,-999
83069001,20150102000000,43.094,6.1463,2,0,0.4,15.3,7,51,91,77,1.7,-999,0,-999,-999
83069001,20150103000000,43.094,6.1463,2,0,1.9,20.5,11.6,44,92,69,4,-999,0,-999,-999
83069001,20150104000000,43.094,6.1463,2,0,13.3,19.2,15.1,33,72,47,6.5,-999,0,-999,-999
83069001,20150105000000,43.094,6.1463,2,0,2.4,16.8,8.3,37,92,71,1.7,-999,0.2,-999,-999
83069001,20150106000000,43.094,6.1463,2,0,1.9,14.6,7.3,45,93,77,1.8,-999,0,-999,-999
83069001,20150107000000,43.094,6.1463,2,0,2.8,15.4,8,54,93,78,2.2,-999,0.2,-999,-999
83069001,20150108000000,43.094,6.1463,2,0,3.5,15.4,10.2,41,86,64,3.8,-999,0,-999,-999
83069001,20150109000000,43.094,6.1463,2,0,5.3,21.8,13.8,35,80,54,5.1,-999,0,-999,-999
83069001,20150110000000,43.094,6.1463,2,0,15.1,21.9,18.6,42,63,53,5.7,-999,0,-999,-999
83069001,20150111000000,43.094,6.1463,2,0,12.7,18.3,14.5,22,64,40,6.3,-999,0,-999,-999
83069001,20150112000000,43.094,6.1463,2,0,4.8,17.4,9.5,29,84,51,2.1,-999,0,-999,-999
83069001,20150113000000,43.094,6.1463,2,0,1.7,15.9,9.4,68,94,81,1.9,-999,0,-999,-999
83069001,20150114000000,43.094,6.1463,2,0,6.5,16.6,11.8,42,94,71,3.7,-999,0,-999,-999
83069001,20150115000000,43.094,6.1463,2,0,3.9,15.7,11.3,62,89,81,2.7,-999,0,-999,-999
83069001,20150116000000,43.094,6.1463,2,0,13.7,15.5,14.3,78,89,85,4.2,-999,0.4,-999,-999
83069001,20150117000000,43.094,6.1463,2,0,7.8,12.7,9.1,37,83,59,4.6,-999,0,-999,-999
83069001,20150118000000,43.094,6.1463,2,0,-1.3,12.9,5.9,39,95,70,1.9,-999,4.7,-999,-999
83069001,20150119000000,43.094,6.1463,2,0,2.5,9.8,8,81,91,86,2.9,-999,12.9,-999,-999
83069001,20150120000000,43.094,6.1463,2,0,7.3,12,9.1,62,92,81,2.8,-999,6.3,-999,-999
83069001,20150121000000,43.094,6.1463,2,0,8,11.9,10,69,93,81,6.3,-999,34.9,-999,-999
83069001,20150122000000,43.094,6.1463,2,0,2.7,12.7,7.3,56,93,78,2.7,-999,0,-999,-999
83069001,20150123000000,43.094,6.1463,2,0,3.1,14.5,8.9,39,73,55,3.5,-999,0,-999,-999
83069001,20150124000000,43.094,6.1463,2,0,5.1,12.6,8.8,26,58,47,4.6,-999,0,-999,-999
83069001,20150125000000,43.094,6.1463,2,0,6.2,14.6,8.4,30,66,45,3.8,-999,0,-999,-999
83069001,20150126000000,43.094,6.1463,2,0,3.6,10.5,6.6,43,73,56,2.6,-999,0,-999,-999
83069001,20150127000000,43.094,6.1463,2,0,2.5,13.3,6.8,46,87,64,2.4,-999,0,-999,-999
83069001,20150128000000,43.094,6.1463,2,0,4.6,13.8,7.9,34,71,50,2.8,-999,0,-999,-999
83069001,20150129000000,43.094,6.1463,2,0,4.3,13.6,11.5,52,90,68,8,-999,4.8,-999,-999
83069001,20150130000000,43.094,6.1463,2,0,6.7,10.4,8.9,31,82,52,7.7,-999,0,-999,-999
83069001,20150131000000,43.094,6.1463,2,0,0.2,12.6,7.2,40,83,56,4,-999,0,-999,-999
83069001,20150201000000,43.094,6.1463,2,0,5.1,10.7,7.3,31,60,43,7.2,-999,0,-999,-999
83069001,20150202000000,43.094,6.1463,2,0,3.7,11.6,7,34,62,43,4.6,-999,0,-999,-999
83069001,20150203000000,43.094,6.1463,2,0,-1.4,9.7,5.1,47,90,73,3.9,-999,18.6,-999,-999
83069001,20150204000000,43.094,6.1463,2,0,3.8,8.9,6.6,69,88,82,5.3,-999,24,-999,-999
83069001,20150205000000,43.094,6.1463,2,0,4.3,5.8,5.2,64,88,78,3.5,-999,6.8,-999,-999
83069001,20150206000000,43.094,6.1463,2,0,2.4,7,5,56,86,69,2.7,-999,1.4,-999,-999
83069001,20150207000000,43.094,6.1463,2,0,4.7,13.5,8.4,49,87,70,3.4,-999,0,-999,-999
83069001,20150208000000,43.094,6.1463,2,0,2.2,13.3,7.1,36,86,65,2.8,-999,0,-999,-999
83069001,20150209000000,43.094,6.1463,2,0,3.1,13,7,36,87,60,3.1,-999,0,-999,-999
83069001,20150210000000,43.094,6.1463,2,0,0.8,13.7,6.8,53,94,74,2,-999,0,-999,-999
83069001,20150211000000,43.094,6.1463,2,0,1.9,14.5,8,58,97,84,2,-999,0.2,-999,-999
83069001,20150212000000,43.094,6.1463,2,0,1.9,13.9,8.4,67,98,87,2.5,-999,0,-999,-999
83069001,20150213000000,43.094,6.1463,2,0,6.7,12.2,10.2,85,97,92,1.8,-999,14.2,-999,-999
83069001,20150214000000,43.094,6.1463,2,0,7.3,12.6,8.9,81,97,93,2.2,-999,11.8,-999,-999
83069001,20150215000000,43.094,6.1463,2,0,4.9,10.9,7.6,84,97,93,3.9,-999,36.9,-999,-999
83069001,20150216000000,43.094,6.1463,2,0,4.3,16.5,10.8,40,92,72,4.5,-999,2.8,-999,-999
83069001,20150217000000,43.094,6.1463,2,0,9.6,16.9,11.4,42,92,73,2.3,-999,0,-999,-999
83069001,20150218000000,43.094,6.1463,2,0,5,16.2,9.7,43,91,72,2.7,-999,0,-999,-999
83069001,20150219000000,43.094,6.1463,2,0,3.6,14.2,8.6,49,94,76,2.3,-999,0,-999,-999
83069001,20150220000000,43.094,6.1463,2,0,3.8,13.1,8.3,56,94,78,2.3,-999,6.9,-999,-999
83069001,20150221000000,43.094,6.1463,2,0,6.3,12.8,9.4,70,97,86,3,-999,3.2,-999,-999
83069001,20150222000000,43.094,6.1463,2,0,3.9,15.4,9,39,85,60,3.6,-999,0,-999,-999
83069001,20150223000000,43.094,6.1463,2,0,3.4,16.4,10.3,32,80,58,3.9,-999,0,-999,-999
83069001,20150224000000,43.094,6.1463,2,0,10.1,13.5,11.4,27,56,36,8.8,-999,0,-999,-999
83069001,20150225000000,43.094,6.1463,2,0,9.4,18.3,11.8,14,72,37,5.2,-999,0,-999,-999
83069001,20150226000000,43.094,6.1463,2,0,5.5,16,9.8,19,82,47,2.5,-999,0,-999,-999
83069001,20150227000000,43.094,6.1463,2,0,5.5,12.5,7.9,58,93,79,1.9,-999,0.8,-999,-999
83069001,20150228000000,43.094,6.1463,2,0,3.8,15,8.7,53,88,71,2,-999,0,-999,-999
83069001,20150301000000,43.094,6.1463,2,0,3.8,14.8,10.4,45,90,81,4.1,-999,0,-999,-999
83069001,20150302000000,43.094,6.1463,2,0,12.4,20.2,16.5,38,88,63,6.8,-999,0,-999,-999
83069001,20150303000000,43.094,6.1463,2,0,11,17.7,14.1,23,69,48,4.7,-999,0,-999,-999
83069001,20150304000000,43.094,6.1463,2,0,6,17.7,10.3,28,95,62,4.3,-999,6.9,-999,-999
83069001,20150305000000,43.094,6.1463,2,0,4,15.7,10.3,18,88,39,4.4,-999,0,-999,-999
83069001,20150306000000,43.094,6.1463,2,0,3.9,15,8.9,21,77,46,3.7,-999,0,-999,-999
83069001,20150307000000,43.094,6.1463,2,0,1.6,14.5,8.5,44,89,66,2.8,-999,0,-999,-999
83069001,20150308000000,43.094,6.1463,2,0,4.4,16.1,10.3,35,90,68,2.5,-999,0,-999,-999
83069001,20150309000000,43.094,6.1463,2,0,2,15.6,9.3,41,91,69,2,-999,0,-999,-999
83069001,20150310000000,43.094,6.1463,2,0,3.2,15.1,9.5,65,96,84,2.1,-999,0.2,-999,-999
83069001,20150311000000,43.094,6.1463,2,0,4.2,15,9.6,76,98,90,1.8,-999,0.2,-999,-999
83069001,20150312000000,43.094,6.1463,2,0,5.1,16.2,10.7,51,98,76,2.6,-999,0,-999,-999
83069001,20150313000000,43.094,6.1463,2,0,3.6,16.3,10.7,46,88,71,3.1,-999,0,-999,-999
83069001,20150314000000,43.094,6.1463,2,0,7,14.7,10.9,63,94,77,3.1,-999,20.4,-999,-999
83069001,20150315000000,43.094,6.1463,2,0,7.6,11,9.6,75,92,85,8.5,-999,15.7,-999,-999
83069001,20150316000000,43.094,6.1463,2,0,4.9,14.5,10.2,62,96,81,4.2,-999,5,-999,-999
83069001,20150317000000,43.094,6.1463,2,0,9.3,14.3,12.4,63,89,76,4.7,-999,0,-999,-999
83069001,20150318000000,43.094,6.1463,2,0,11,16.4,12.8,59,95,75,2.5,-999,0.2,-999,-999
83069001,20150319000000,43.094,6.1463,2,0,4.8,17.1,11.2,50,96,77,2.3,-999,0,-999,-999
83069001,20150320000000,43.094,6.1463,2,0,7.5,16.9,13.7,50,88,67,4.7,-999,0,-999,-999
83069001,20150321000000,43.094,6.1463,2,0,12.1,14,12.6,60,93,79,4.3,-999,3.6,-999,-999
83069001,20150322000000,43.094,6.1463,2,0,9,13.6,10.8,63,95,83,3.2,-999,1.4,-999,-999
83069001,20150323000000,43.094,6.1463,2,0,5.4,16.6,11.3,54,94,75,2.9,-999,0,-999,-999
83069001,20150324000000,43.094,6.1463,2,0,6.7,15.7,11.9,62,96,82,4.7,-999,4.6,-999,-999
83069001,20150325000000,43.094,6.1463,2,0,10.8,16.2,12.2,61,93,79,3,-999,3.8,-999,-999
83069001,20150326000000,43.094,6.1463,2,0,6.5,17.7,12.8,44,87,58,2.4,-999,0,-999,-999
83069001,20150327000000,43.094,6.1463,2,0,8.9,21.5,15.7,17,63,33,7,-999,0,-999,-999
83069001,20150328000000,43.094,6.1463,2,0,9.2,19.6,15.7,21,72,40,4.6,-999,0,-999,-999
83069001,20150329000000,43.094,6.1463,2,0,15,23,18.3,30,62,43,6.7,-999,0,-999,-999
83069001,20150330000000,43.094,6.1463,2,0,14.4,23.5,18.9,32,64,47,10.1,-999,0,-999,-999
83069001,20150331000000,43.094,6.1463,2,0,16.4,23.4,19.4,30,58,43,9.1,-999,0,-999,-999
83069001,20150401000000,43.094,6.1463,2,0,13.3,19.3,15.4,17,42,28,8.4,-999,0,-999,-999
83069001,20150402000000,43.094,6.1463,2,0,9.7,22.5,15.7,22,50,35,5.9,-999,0,-999,-999
83069001,20150403000000,43.094,6.1463,2,0,9.3,17.2,13.4,42,94,70,2.4,-999,0,-999,-999
83069001,20150404000000,43.094,6.1463,2,0,7.2,20.7,14.5,28,96,59,3.8,-999,0.4,-999,-999
83069001,20150405000000,43.094,6.1463,2,0,7.1,16,11.8,44,87,62,3.1,-999,0.2,-999,-999
83069001,20150406000000,43.094,6.1463,2,0,7.1,15.3,11.4,33,83,58,3.6,-999,0,-999,-999
83069001,20150407000000,43.094,6.1463,2,0,5.5,15.7,10.4,27,88,57,2.9,-999,0,-999,-999
83069001,20150408000000,43.094,6.1463,2,0,2,17.7,11.2,30,89,60,4.8,-999,0,-999,-999
83069001,20150409000000,43.094,6.1463,2,0,3.5,16.4,10.8,37,92,69,2.9,-999,0,-999,-999
83069001,20150410000000,43.094,6.1463,2,0,2.8,17.6,10.9,27,94,71,2,-999,0.2,-999,-999
83069001,20150411000000,43.094,6.1463,2,0,5.8,17.2,12,52,94,79,2.1,-999,0,-999,-999
83069001,20150412000000,43.094,6.1463,2,0,5.8,18.7,12.5,49,97,83,2.5,-999,0.2,-999,-999
83069001,20150413000000,43.094,6.1463,2,0,6.7,19.8,14.6,37,96,72,2.9,-999,0,-999,-999
83069001,20150414000000,43.094,6.1463,2,0,6.1,17.9,13.9,63,96,83,2.1,-999,0.2,-999,-999
83069001,20150415000000,43.094,6.1463,2,0,7.7,17.7,13.2,72,98,88,2.2,-999,0,-999,-999
83069001,20150416000000,43.094,6.1463,2,0,7.4,18.2,13.9,56,97,86,2.8,-999,2,-999,-999
83069001,20150417000000,43.094,6.1463,2,0,12.4,19.1,15.9,67,97,82,3.2,-999,0,-999,-999
83069001,20150418000000,43.094,6.1463,2,0,11.7,22,16.9,49,94,71,3.9,-999,0.4,-999,-999
83069001,20150419000000,43.094,6.1463,2,0,11.9,14.4,12.8,73,94,84,4.6,-999,5.6,-999,-999
83069001,20150420000000,43.094,6.1463,2,0,9.5,17.7,13.1,49,93,74,3,-999,0,-999,-999
83069001,20150421000000,43.094,6.1463,2,0,7.6,20.9,14.3,48,97,81,2,-999,0.2,-999,-999
83069001,20150422000000,43.094,6.1463,2,0,6,19.3,14,55,94,77,2.1,-999,0,-999,-999
83069001,20150423000000,43.094,6.1463,2,0,8.4,19,14.5,60,94,81,3.5,-999,0.2,-999,-999
83069001,20150424000000,43.094,6.1463,2,0,9.5,19.5,15.3,65,97,84,2.2,-999,0.6,-999,-999
83069001,20150425000000,43.094,6.1463,2,0,12.6,19.1,15.4,72,96,90,2.5,-999,0.6,-999,-999
83069001,20150426000000,43.094,6.1463,2,0,12.7,20.4,16.4,65,95,82,4.7,-999,0.4,-999,-999
83069001,20150427000000,43.094,6.1463,2,0,13.4,16.4,14.6,84,96,94,3.6,-999,16.3,-999,-999
83069001,20150428000000,43.094,6.1463,2,0,10.7,21.7,15.8,28,96,50,4.8,-999,0,-999,-999
83069001,20150429000000,43.094,6.1463,2,0,9.5,18.7,14.4,47,84,61,3.5,-999,0,-999,-999
83069001,20150430000000,43.094,6.1463,2,0,7.6,21.5,15.3,36,90,63,3.9,-999,0,-999,-999
83069001,20150501000000,43.094,6.1463,2,0,10.6,18.7,15.8,73,94,86,3.2,-999,0,-999,-999
83069001,20150502000000,43.094,6.1463,2,0,13.6,24.3,19.1,33,92,67,4.7,-999,0,-999,-999
83069001,20150503000000,43.094,6.1463,2,0,12.6,19.9,16.6,75,95,87,3.1,-999,0,-999,-999
83069001,20150504000000,43.094,6.1463,2,0,14.9,21.7,18.6,55,92,73,4.4,-999,0,-999,-999
83069001,20150505000000,43.094,6.1463,2,0,18.3,23,19.6,52,90,66,3.8,-999,0,-999,-999
83069001,20150506000000,43.094,6.1463,2,0,15.3,27.1,20.1,34,93,67,3.9,-999,0,-999,-999
83069001,20150507000000,43.094,6.1463,2,0,13.8,24.4,18.5,34,77,56,3.9,-999,0,-999,-999
83069001,20150508000000,43.094,6.1463,2,0,8.7,21,16.3,51,92,77,2.9,-999,0,-999,-999
83069001,20150509000000,43.094,6.1463,2,0,14.6,29,22.6,16,71,42,4.1,-999,0,-999,-999
83069001,20150510000000,43.094,6.1463,2,0,15.9,25.1,20.1,31,88,53,2.5,-999,0,-999,-999
83069001,20150511000000,43.094,6.1463,2,0,9.8,25.6,17.9,33,94,72,1.7,-999,0.2,-999,-999
83069001,20150512000000,43.094,6.1463,2,0,9.7,23.1,16.5,51,98,85,2.2,-999,0.2,-999,-999
83069001,20150513000000,43.094,6.1463,2,0,10.6,21.1,17.5,66,95,85,3.1,-999,0,-999,-999
83069001,20150514000000,43.094,6.1463,2,0,16,23,19.1,68,96,87,3.1,-999,0.2,-999,-999
83069001,20150515000000,43.094,6.1463,2,0,14.7,21.6,17.4,25,96,41,7.9,-999,0,-999,-999
83069001,20150516000000,43.094,6.1463,2,0,11.6,23.7,18,31,84,54,3.1,-999,0,-999,-999
83069001,20150517000000,43.094,6.1463,2,0,13.9,26.4,20.8,32,89,56,3.1,-999,0,-999,-999
83069001,20150518000000,43.094,6.1463,2,0,12.5,22.9,18.3,49,90,67,3.8,-999,0,-999,-999
83069001,20150519000000,43.094,6.1463,2,0,9.4,24.7,17.9,44,93,68,3.5,-999,0.4,-999,-999
83069001,20150520000000,43.094,6.1463,2,0,15.3,22.6,18.2,16,61,32,7.1,-999,0,-999,-999
83069001,20150521000000,43.094,6.1463,2,0,11.9,23.4,16,19,74,47,4.8,-999,0,-999,-999
83069001,20150522000000,43.094,6.1463,2,0,7.7,21.4,15.9,28,90,58,3.3,-999,0,-999,-999
83069001,20150523000000,43.094,6.1463,2,0,12.2,22.2,17.5,33,91,58,3,-999,0,-999,-999
83069001,20150524000000,43.094,6.1463,2,0,13,21.7,18.1,50,87,68,3,-999,0,-999,-999
83069001,20150525000000,43.094,6.1463,2,0,10.7,22.5,17.6,58,94,77,2.2,-999,0,-999,-999
83069001,20150526000000,43.094,6.1463,2,0,11.1,23.4,17.7,43,95,73,2.2,-999,0,-999,-999
83069001,20150527000000,43.094,6.1463,2,0,14.3,23.2,18.9,36,91,57,2.8,-999,0.2,-999,-999
83069001,20150528000000,43.094,6.1463,2,0,10.5,22.5,17.7,40,92,70,2.8,-999,0,-999,-999
83069001,20150529000000,43.094,6.1463,2,0,9.7,21.6,17.1,61,94,79,2.4,-999,0,-999,-999
83069001,20150530000000,43.094,6.1463,2,0,12.1,26.5,19.4,38,97,72,2.7,-999,0.2,-999,-999
83069001,20150531000000,43.094,6.1463,2,0,12.6,23.4,18.6,59,96,81,2.6,-999,0.2,-999,-999
83069001,20150601000000,43.094,6.1463,2,0,12.3,24.3,18.6,52,97,82,2.3,-999,0.2,-999,-999
83069001,20150602000000,43.094,6.1463,2,0,13.2,23.5,19.4,60,97,82,3,-999,0.2,-999,-999
83069001,20150603000000,43.094,6.1463,2,0,13.4,25.3,20.2,48,97,78,2.5,-999,0,-999,-999
83069001,20150604000000,43.094,6.1463,2,0,15.4,26.4,21.7,46,94,73,1.7,-999,0,-999,-999
83069001,20150605000000,43.094,6.1463,2,0,13.8,29,22.4,36,95,65,2.4,-999,0,-999,-999
83069001,20150606000000,43.094,6.1463,2,0,16,31,24.8,29,86,57,1.8,-999,0,-999,-999
83069001,20150607000000,43.094,6.1463,2,0,18,30.2,24.3,33,81,60,2.2,-999,0,-999,-999
83069001,20150608000000,43.094,6.1463,2,0,17.4,28.7,23.6,41,85,67,2.3,-999,0,-999,-999
83069001,20150609000000,43.094,6.1463,2,0,18.6,27.1,23.4,56,86,71,3.7,-999,40,-999,-999
83069001,20150610000000,43.094,6.1463,2,0,18.2,26.2,22.4,69,97,84,3.7,-999,0,-999,-999
83069001,20150611000000,43.094,6.1463,2,0,18.2,27.6,23.8,52,90,68,3.9,-999,2,-999,-999
83069001,20150612000000,43.094,6.1463,2,0,19.2,27.1,22.5,45,92,72,6.7,-999,4.4,-999,-999
83069001,20150613000000,43.094,6.1463,2,0,17.1,25,21.8,73,93,82,3.7,-999,39.3,-999,-999
83069001,20150614000000,43.094,6.1463,2,0,17.5,24.8,21.3,62,97,82,4,-999,0,-999,-999
83069001,20150615000000,43.094,6.1463,2,0,17.9,25,22.1,55,95,75,4.9,-999,0,-999,-999
83069001,20150616000000,43.094,6.1463,2,0,16.2,25.9,20.5,48,95,79,2.5,-999,4.1,-999,-999
83069001,20150617000000,43.094,6.1463,2,0,16.1,26.1,21.8,44,91,69,3.2,-999,0,-999,-999
83069001,20150618000000,43.094,6.1463,2,0,16.2,26.2,22.8,46,90,67,2.9,-999,0,-999,-999
83069001,20150619000000,43.094,6.1463,2,0,18.3,29.8,23.6,33,93,63,2.5,-999,0,-999,-999
83069001,20150620000000,43.094,6.1463,2,0,16.8,30.9,24,22,67,42,4,-999,0,-999,-999
83069001,20150621000000,43.094,6.1463,2,0,17.9,26.8,22.3,33,88,57,2.7,-999,0,-999,-999
83069001,20150622000000,43.094,6.1463,2,0,14.3,26.5,22,50,90,74,3.2,-999,0,-999,-999
83069001,20150623000000,43.094,6.1463,2,0,20.3,31.3,24.9,14,89,51,4.8,-999,0,-999,-999
83069001,20150624000000,43.094,6.1463,2,0,17.9,25.7,22.2,33,83,58,3.3,-999,0,-999,-999
83069001,20150625000000,43.094,6.1463,2,0,16.4,27.3,22.9,32,77,52,3,-999,0,-999,-999
83069001,20150626000000,43.094,6.1463,2,0,14.1,26.9,21.7,46,89,69,2.5,-999,0,-999,-999
83069001,20150627000000,43.094,6.1463,2,0,15.6,28.9,22.8,38,94,74,2.1,-999,0,-999,-999
83069001,20150628000000,43.094,6.1463,2,0,18.6,27.8,23.6,46,93,72,2.1,-999,0.2,-999,-999
83069001,20150629000000,43.094,6.1463,2,0,15.7,27.1,22.8,61,94,81,2.4,-999,0,-999,-999
83069001,20150630000000,43.094,6.1463,2,0,19.1,27.2,23.4,72,97,85,2.4,-999,0.2,-999,-999
83069001,20150701000000,43.094,6.1463,2,0,17,29.2,23.9,44,97,76,1.9,-999,0.2,-999,-999
83069001,20150702000000,43.094,6.1463,2,0,17.4,30.4,24.8,32,94,69,2.3,-999,0,-999,-999
83069001,20150703000000,43.094,6.1463,2,0,19,30,25.5,48,86,70,2.6,-999,0,-999,-999
83069001,20150704000000,43.094,6.1463,2,0,20.1,30.1,26.4,34,89,63,3.2,-999,0,-999,-999
83069001,20150705000000,43.094,6.1463,2,0,18.8,31.1,26.1,33,84,63,2.7,-999,0,-999,-999
83069001,20150706000000,43.094,6.1463,2,0,17.7,31.1,25.3,42,94,73,2.4,-999,0,-999,-999
83069001,20150707000000,43.094,6.1463,2,0,20.7,30.1,25.8,54,96,80,2.5,-999,0,-999,-999
83069001,20150708000000,43.094,6.1463,2,0,19.5,35.9,28.4,16,90,43,4.9,-999,0,-999,-999
83069001,20150709000000,43.094,6.1463,2,0,22.3,31.6,26.4,20,76,39,3.3,-999,0,-999,-999
83069001,20150710000000,43.094,6.1463,2,0,18.3,29.6,25,44,84,62,2.9,-999,0,-999,-999
83069001,20150711000000,43.094,6.1463,2,0,17.1,31.1,25.6,35,86,63,3.7,-999,0,-999,-999
83069001,20150712000000,43.094,6.1463,2,0,19.1,32.5,25.9,33,92,66,3.3,-999,0,-999,-999
83069001,20150713000000,43.094,6.1463,2,0,16.7,32.2,25.1,30,94,68,2.3,-999,0,-999,-999
83069001,20150714000000,43.094,6.1463,2,0,19.1,29.9,25.4,38,94,70,2.2,-999,0,-999,-999
83069001,20150715000000,43.094,6.1463,2,0,20,29.4,25,65,94,80,2.8,-999,0.2,-999,-999
83069001,20150716000000,43.094,6.1463,2,0,18.9,30.1,25.5,58,94,78,2.3,-999,0,-999,-999
83069001,20150717000000,43.094,6.1463,2,0,19.4,30.2,26,58,97,74,2.7,-999,0,-999,-999
83069001,20150718000000,43.094,6.1463,2,0,20.5,31.4,26.5,39,86,62,2.8,-999,0,-999,-999
83069001,20150719000000,43.094,6.1463,2,0,19.1,32.1,26.6,36,83,65,3.4,-999,0,-999,-999
83069001,20150720000000,43.094,6.1463,2,0,20.2,32.2,27,42,89,68,2.4,-999,0,-999,-999
83069001,20150721000000,43.094,6.1463,2,0,21.4,31.1,26.5,60,95,81,2.4,-999,0.2,-999,-999
83069001,20150722000000,43.094,6.1463,2,0,22.3,31.2,27.3,54,97,75,2.6,-999,0,-999,-999
83069001,20150723000000,43.094,6.1463,2,0,22.3,32.1,27.3,43,87,66,2.1,-999,0,-999,-999
83069001,20150724000000,43.094,6.1463,2,0,22.1,31,27.1,50,91,75,2.8,-999,0,-999,-999
83069001,20150725000000,43.094,6.1463,2,0,23,33.7,28.5,14,83,38,5.5,-999,0,-999,-999
83069001,20150726000000,43.094,6.1463,2,0,20.6,29.4,24.9,24,80,43,4.5,-999,0,-999,-999
83069001,20150727000000,43.094,6.1463,2,0,17.9,32.4,26.4,26,86,46,6.3,-999,0,-999,-999
83069001,20150728000000,43.094,6.1463,2,0,21.3,28.1,25.1,32,67,43,7.2,-999,0,-999,-999
83069001,20150729000000,43.094,6.1463,2,0,20.2,31,24.6,32,75,57,5.2,-999,0,-999,-999
83069001,20150730000000,43.094,6.1463,2,0,20.8,31.4,26,18,66,37,3.7,-999,0,-999,-999
83069001,20150731000000,43.094,6.1463,2,0,16.2,28.2,23.5,43,84,63,3.8,-999,0,-999,-999
83069001,20150801000000,43.094,6.1463,2,0,21.1,27.2,23.5,50,85,70,1.9,-999,0,-999,-999
83069001,20150802000000,43.094,6.1463,2,0,19.3,28.2,23.5,61,90,77,2.5,-999,0,-999,-999
83069001,20150803000000,43.094,6.1463,2,0,18.6,28.4,24,40,92,72,3.8,-999,0,-999,-999
83069001,20150804000000,43.094,6.1463,2,0,18.7,30.8,25.7,44,92,70,4.1,-999,0,-999,-999
83069001,20150805000000,43.094,6.1463,2,0,20,31.2,26.1,40,94,73,2.2,-999,0,-999,-999
83069001,20150806000000,43.094,6.1463,2,0,18.9,32,26.6,36,88,64,2.2,-999,0,-999,-999
83069001,20150807000000,43.094,6.1463,2,0,19,33.8,27.9,29,82,51,2.1,-999,0,-999,-999
83069001,20150808000000,43.094,6.1463,2,0,22.9,34.8,29.1,27,76,48,2.7,-999,0,-999,-999
83069001,20150809000000,43.094,6.1463,2,0,24.4,30.1,26,45,70,56,5.2,-999,0,-999,-999
83069001,20150810000000,43.094,6.1463,2,0,20.5,27.3,23.4,49,88,71,2.1,-999,1.2,-999,-999
83069001,20150811000000,43.094,6.1463,2,0,17.8,30.9,25.5,32,94,56,2.5,-999,0,-999,-999
83069001,20150812000000,43.094,6.1463,2,0,21,31.4,26.6,31,70,49,2.6,-999,0,-999,-999
83069001,20150813000000,43.094,6.1463,2,0,18.1,30.2,24.8,38,86,68,2.7,-999,0,-999,-999
83069001,20150814000000,43.094,6.1463,2,0,20.6,30.5,24.9,40,92,63,4.4,-999,0,-999,-999
83069001,20150815000000,43.094,6.1463,2,0,20.8,27.3,23.1,35,66,51,4.7,-999,0,-999,-999
83069001,20150816000000,43.094,6.1463,2,0,16.9,26.7,22.2,34,74,48,5.8,-999,0,-999,-999
83069001,20150817000000,43.094,6.1463,2,0,14.5,26.9,22.2,38,77,53,6.3,-999,0,-999,-999
83069001,20150818000000,43.094,6.1463,2,0,14.9,25.2,20.4,33,89,62,3.9,-999,0,-999,-999
83069001,20150819000000,43.094,6.1463,2,0,14.6,28.8,21.4,28,82,54,2.6,-999,0,-999,-999
83069001,20150820000000,43.094,6.1463,2,0,14.5,27.6,22.2,30,78,52,2.4,-999,0,-999,-999
83069001,20150821000000,43.094,6.1463,2,0,15,27,22.3,45,90,72,2.7,-999,0,-999,-999
83069001,20150822000000,43.094,6.1463,2,0,16.2,27.5,23.1,55,88,72,3.2,-999,0.4,-999,-999
83069001,20150823000000,43.094,6.1463,2,0,21.2,27.1,23.2,55,91,78,5.6,-999,3.8,-999,-999
83069001,20150824000000,43.094,6.1463,2,0,21,27.1,23.9,45,90,78,3.6,-999,0,-999,-999
83069001,20150825000000,43.094,6.1463,2,0,18.3,27.6,22.8,24,75,44,5.2,-999,0,-999,-999
83069001,20150826000000,43.094,6.1463,2,0,14.4,26.5,21.3,50,95,72,2.8,-999,0,-999,-999
83069001,20150827000000,43.094,6.1463,2,0,14,27.5,21.2,41,95,74,2,-999,0.2,-999,-999
83069001,20150828000000,43.094,6.1463,2,0,14.8,27.9,22,34,94,72,2.1,-999,0,-999,-999
83069001,20150829000000,43.094,6.1463,2,0,16.2,30.3,23.3,34,90,65,2.2,-999,0,-999,-999
83069001,20150830000000,43.094,6.1463,2,0,16.2,28.7,22.7,49,90,72,2.1,-999,0,-999,-999
83069001,20150831000000,43.094,6.1463,2,0,15.9,28.7,22.7,40,87,71,2.2,-999,0.4,-999,-999
83069001,20150901000000,43.094,6.1463,2,0,18.1,30,24.5,39,91,63,2.6,-999,0.8,-999,-999
83069001,20150902000000,43.094,6.1463,2,0,17.1,28.3,23.4,32,83,55,6.1,-999,0,-999,-999
83069001,20150903000000,43.094,6.1463,2,0,17.6,27.6,23.1,27,69,50,3.7,-999,0,-999,-999
83069001,20150904000000,43.094,6.1463,2,0,15.5,26,22.3,29,63,44,3,-999,0,-999,-999
83069001,20150905000000,43.094,6.1463,2,0,16.5,26,21.5,20,57,34,6,-999,0,-999,-999
83069001,20150906000000,43.094,6.1463,2,0,14.8,26.2,19.9,30,82,52,2.8,-999,0,-999,-999
83069001,20150907000000,43.094,6.1463,2,0,12.3,24.7,19.4,49,84,67,2.2,-999,0,-999,-999
83069001,20150908000000,43.094,6.1463,2,0,12.5,25.3,19.7,44,85,62,3.4,-999,0,-999,-999
83069001,20150909000000,43.094,6.1463,2,0,14.2,25.5,20.1,44,85,60,2.5,-999,0,-999,-999
83069001,20150910000000,43.094,6.1463,2,0,13,25.8,20.5,27,86,65,3.1,-999,0.8,-999,-999
83069001,20150911000000,43.094,6.1463,2,0,16,24.8,21.2,51,98,74,2.5,-999,0.8,-999,-999
83069001,20150912000000,43.094,6.1463,2,0,19.1,25.7,22.4,64,86,75,5.1,-999,2.2,-999,-999
83069001,20150913000000,43.094,6.1463,2,0,16.8,24.1,21.7,68,94,82,5,-999,4.1,-999,-999
83069001,20150914000000,43.094,6.1463,2,0,19.7,30.4,23.7,28,96,65,3.3,-999,0,-999,-999
83069001,20150915000000,43.094,6.1463,2,0,15.7,25.7,21.9,40,87,65,3.9,-999,0.6,-999,-999
83069001,20150916000000,43.094,6.1463,2,0,20.6,26.2,23.5,75,95,87,4.3,-999,0,-999,-999
83069001,20150917000000,43.094,6.1463,2,0,23,27.1,23,37,95,73,3.8,-999,0,-999,-999
83069001,20150918000000,43.094,6.1463,2,0,12.4,27.3,20.5,17,88,50,3.9,-999,0,-999,-999
83069001,20150919000000,43.094,6.1463,2,0,13.1,27.9,20.8,22,67,42,4.1,-999,0,-999,-999
83069001,20150920000000,43.094,6.1463,2,0,16,26,19.8,27,83,49,2.7,-999,0,-999,-999
83069001,20150921000000,43.094,6.1463,2,0,9.8,24,17.8,48,93,73,2.4,-999,0,-999,-999
83069001,20150922000000,43.094,6.1463,2,0,11.9,24.8,19.4,43,94,62,4.9,-999,0,-999,-999
83069001,20150923000000,43.094,6.1463,2,0,17,24.1,19.4,22,60,38,5.7,-999,0,-999,-999
83069001,20150924000000,43.094,6.1463,2,0,12.2,22.9,17.4,24,80,48,3,-999,0,-999,-999
83069001,20150925000000,43.094,6.1463,2,0,11.5,25.9,19.1,26,72,51,3.1,-999,0,-999,-999
83069001,20150926000000,43.094,6.1463,2,0,11.9,24.7,18.4,45,94,72,2.1,-999,0,-999,-999
83069001,20150927000000,43.094,6.1463,2,0,14,25,19.6,45,92,73,1.9,-999,0,-999,-999
83069001,20150928000000,43.094,6.1463,2,0,15.3,24.2,18.7,45,95,78,2.4,-999,10.1,-999,-999
83069001,20150929000000,43.094,6.1463,2,0,14.8,22,18.6,40,95,56,6.2,-999,0,-999,-999
83069001,20150930000000,43.094,6.1463,2,0,18.6,21,19.6,42,53,47,8.3,-999,0,-999,-999
83069001,20151001000000,43.094,6.1463,2,0,15.3,21.5,18,32,75,52,3,-999,6.3,-999,-999
83069001,20151002000000,43.094,6.1463,2,0,13.5,18,15.2,69,96,89,1.8,-999,10.4,-999,-999
83069001,20151003000000,43.094,6.1463,2,0,13.1,20.8,17.6,80,98,91,4.7,-999,8.7,-999,-999
83069001,20151004000000,43.094,6.1463,2,0,13.4,23.5,18.5,39,99,74,2,-999,0,-999,-999
83069001,20151005000000,43.094,6.1463,2,0,14.8,22.8,19.4,70,93,83,2.6,-999,0,-999,-999
83069001,20151006000000,43.094,6.1463,2,0,17.9,23,20.1,70,91,82,3.8,-999,1.2,-999,-999
83069001,20151007000000,43.094,6.1463,2,0,16.1,24.1,19.8,32,82,49,4.4,-999,0,-999,-999
83069001,20151008000000,43.094,6.1463,2,0,14.2,23.4,18,56,95,72,2.8,-999,0,-999,-999
83069001,20151009000000,43.094,6.1463,2,0,12.9,21.3,18,72,97,85,2.8,-999,0.4,-999,-999
83069001,20151010000000,43.094,6.1463,2,0,14.7,23.3,17.8,44,96,74,2.6,-999,0,-999,-999
83069001,20151011000000,43.094,6.1463,2,0,11,21.9,16.1,55,96,78,2.9,-999,0,-999,-999
83069001,20151012000000,43.094,6.1463,2,0,10.6,19.6,17.1,78,96,88,2.5,-999,8.7,-999,-999
83069001,20151013000000,43.094,6.1463,2,0,15.6,21.5,18.2,67,94,84,2.5,-999,0,-999,-999
83069001,20151014000000,43.094,6.1463,2,0,11.7,20.7,14.7,27,87,54,3.5,-999,0,-999,-999
83069001,20151015000000,43.094,6.1463,2,0,6.4,17.6,12,33,71,50,5.9,-999,0,-999,-999
83069001,20151016000000,43.094,6.1463,2,0,5.4,17.2,11.1,39,83,56,3.2,-999,0,-999,-999
83069001,20151017000000,43.094,6.1463,2,0,5.2,17.6,12.6,39,84,67,1.8,-999,0.2,-999,-999
83069001,20151018000000,43.094,6.1463,2,0,13,19,15.6,71,94,87,1.9,-999,0,-999,-999
83069001,20151019000000,43.094,6.1463,2,0,14.8,20.7,16.3,67,98,87,2.2,-999,0.2,-999,-999
83069001,20151020000000,43.094,6.1463,2,0,11.8,20.2,16,48,98,79,2.1,-999,0,-999,-999
83069001,20151021000000,43.094,6.1463,2,0,12.7,18.7,14.4,56,92,74,2.3,-999,0,-999,-999
83069001,20151022000000,43.094,6.1463,2,0,9,20.1,13.6,40,91,63,2.5,-999,0,-999,-999
83069001,20151023000000,43.094,6.1463,2,0,7.3,21.1,14.6,45,97,70,2.1,-999,0.2,-999,-999
83069001,20151024000000,43.094,6.1463,2,0,7.3,21.2,14.6,49,97,82,1.6,-999,0.2,-999,-999
83069001,20151025000000,43.094,6.1463,2,0,9.9,19.7,14.7,73,96,88,1.9,-999,0.2,-999,-999
83069001,20151026000000,43.094,6.1463,2,0,12.2,20.3,16.9,68,96,83,4.3,-999,0.2,-999,-999
83069001,20151027000000,43.094,6.1463,2,0,14.2,19.1,17,63,92,79,5.2,-999,8,-999,-999
83069001,20151028000000,43.094,6.1463,2,0,14.2,19.2,15.9,63,97,86,4.1,-999,19.1,-999,-999
83069001,20151029000000,43.094,6.1463,2,0,10.1,20.3,14.5,40,96,69,2.3,-999,0.2,-999,-999
83069001,20151030000000,43.094,6.1463,2,0,9.8,21.2,15.1,53,95,81,2,-999,0.2,-999,-999
83069001,20151031000000,43.094,6.1463,2,0,9.7,21.9,16.7,40,95,68,3.9,-999,0,-999,-999
83069001,20151101000000,43.094,6.1463,2,0,8.2,21,14.7,40,91,68,4,-999,0,-999,-999
83069001,20151102000000,43.094,6.1463,2,0,9.8,19.2,17.6,47,72,60,8,-999,0.6,-999,-999
83069001,20151103000000,43.094,6.1463,2,0,13.8,16.4,15.3,62,96,86,4.9,-999,38.5,-999,-999
83069001,20151104000000,43.094,6.1463,2,0,12.8,19.4,15.2,72,99,91,1.9,-999,12,-999,-999
83069001,20151105000000,43.094,6.1463,2,0,9.8,19.6,14.5,72,99,92,1.8,-999,0.4,-999,-999
83069001,20151106000000,43.094,6.1463,2,0,7.4,19.9,13.6,66,100,91,1.6,-999,0.2,-999,-999
83069001,20151107000000,43.094,6.1463,2,0,9.2,19.5,14.2,72,100,92,1.9,-999,0.4,-999,-999
83069001,20151108000000,43.094,6.1463,2,0,8.1,18.6,12.8,75,100,93,1.9,-999,0.2,-999,-999
83069001,20151109000000,43.094,6.1463,2,0,9.4,20.6,14.3,65,99,88,3.2,-999,0.4,-999,-999
83069001,20151110000000,43.094,6.1463,2,0,10,19.9,14.3,64,99,88,1.9,-999,0,-999,-999
83069001,20151111000000,43.094,6.1463,2,0,10.1,20.4,16.4,61,99,85,1.2,-999,0,-999,-999
83069001,20151112000000,43.094,6.1463,2,0,12.9,19.9,15.4,65,98,85,2.1,-999,0.2,-999,-999
83069001,20151113000000,43.094,6.1463,2,0,11.4,18.4,14.2,69,97,86,1.8,-999,0,-999,-999
83069001,20151114000000,43.094,6.1463,2,0,5.3,20.2,12.1,49,98,82,1.7,-999,0.2,-999,-999
83069001,20151115000000,43.094,6.1463,2,0,5.8,18.8,12.3,45,99,86,1.6,-999,0.2,-999,-999
83069001,20151116000000,43.094,6.1463,2,0,6.7,18.9,13.4,72,100,90,1.5,-999,0.2,-999,-999
83069001,20151117000000,43.094,6.1463,2,0,10.8,19.3,13.3,67,99,89,1.8,-999,0.2,-999,-999
83069001,20151118000000,43.094,6.1463,2,0,7.1,19.8,12.5,58,100,89,1.4,-999,0.4,-999,-999
83069001,20151119000000,43.094,6.1463,2,0,8,20.8,13.6,47,99,81,2,-999,0,-999,-999
83069001,20151120000000,43.094,6.1463,2,0,8.4,19.9,18.6,45,73,57,9.3,-999,0.2,-999,-999
83069001,20151121000000,43.094,6.1463,2,0,8.6,15.9,12.6,29,88,50,10.5,-999,0,-999,-999
83069001,20151122000000,43.094,6.1463,2,0,7.4,13.5,9.1,30,73,49,4.7,-999,0,-999,-999
83069001,20151123000000,43.094,6.1463,2,0,4.9,11.7,8.5,35,65,53,2.5,-999,0,-999,-999
83069001,20151124000000,43.094,6.1463,2,0,4.7,15.1,8.2,32,83,53,2.3,-999,0,-999,-999
83069001,20151125000000,43.094,6.1463,2,0,1.7,14.4,10.6,35,69,53,5.7,-999,0,-999,-999
83069001,20151126000000,43.094,6.1463,2,0,8.9,15.1,10.8,23,48,35,6.3,-999,0,-999,-999
83069001,20151127000000,43.094,6.1463,2,0,5.3,15.7,8.6,28,68,46,2.8,-999,0,-999,-999
83069001,20151128000000,43.094,6.1463,2,0,3,18.2,10.4,29,69,41,3.6,-999,0,-999,-999
83069001,20151129000000,43.094,6.1463,2,0,4,17.7,12.6,28,57,41,4.2,-999,0,-999,-999
83069001,20151130000000,43.094,6.1463,2,0,10,18.1,14.1,39,61,48,4.5,-999,0,-999,-999
83069001,20151201000000,43.094,6.1463,2,0,2.5,17.7,9.6,35,95,69,1.8,-999,0,-999,-999
83069001,20151202000000,43.094,6.1463,2,0,4.1,16.5,10.6,63,95,83,1.7,-999,0,-999,-999
83069001,20151203000000,43.094,6.1463,2,0,9.3,15.3,12.3,58,91,79,1.5,-999,0,-999,-999
83069001,20151204000000,43.094,6.1463,2,0,10.3,17,12.2,63,96,79,1.9,-999,0.2,-999,-999
83069001,20151205000000,43.094,6.1463,2,0,8.2,12.8,11.5,89,99,96,1.9,-999,8,-999,-999
83069001,20151206000000,43.094,6.1463,2,0,11.6,13.7,12.5,93,99,97,2,-999,15.7,-999,-999
83069001,20151207000000,43.094,6.1463,2,0,10,15.2,12.9,82,99,92,3,-999,9,-999,-999
83069001,20151208000000,43.094,6.1463,2,0,10.1,16.6,12.3,73,99,90,2.1,-999,0,-999,-999
83069001,20151209000000,43.094,6.1463,2,0,7.9,18.1,11.7,48,99,82,1.8,-999,0.2,-999,-999
83069001,20151210000000,43.094,6.1463,2,0,5.2,17.5,9.8,59,98,84,1.8,-999,0.2,-999,-999
83069001,20151211000000,43.094,6.1463,2,0,3.5,15.8,10,59,98,78,3.2,-999,0,-999,-999
83069001,20151212000000,43.094,6.1463,2,0,2.7,15.3,8.8,51,94,78,2.5,-999,0,-999,-999
83069001,20151213000000,43.094,6.1463,2,0,5.2,14.3,11.6,72,98,88,1.1,-999,0,-999,-999
83069001,20151214000000,43.094,6.1463,2,0,10.4,15.6,11.5,66,98,88,1.7,-999,0,-999,-999
83069001,20151215000000,43.094,6.1463,2,0,7.5,16.5,12.1,73,99,90,1.4,-999,0.4,-999,-999
83069001,20151216000000,43.094,6.1463,2,0,6.6,16.7,11.6,64,99,89,1.7,-999,0.2,-999,-999
83069001,20151217000000,43.094,6.1463,2,0,8.5,16,12,80,100,93,1.5,-999,0,-999,-999
83069001,20151218000000,43.094,6.1463,2,0,7.7,16.7,11.8,73,100,92,1.7,-999,0.2,-999,-999
83069001,20151219000000,43.094,6.1463,2,0,7.2,15.5,12.8,74,100,87,1.6,-999,0.2,-999,-999
83069001,20151220000000,43.094,6.1463,2,0,12.8,16.4,13.2,75,99,90,2.1,-999,0,-999,-999
83069001,20151221000000,43.094,6.1463,2,0,8.2,16,12.4,84,99,94,1.4,-999,0.4,-999,-999
83069001,20151222000000,43.094,6.1463,2,0,6.2,16.6,11.2,77,100,95,0.8,-999,0,-999,-999
83069001,20151223000000,43.094,6.1463,2,0,7.7,16,11.8,87,100,97,1.7,-999,0.4,-999,-999
83069001,20151224000000,43.094,6.1463,2,0,8.5,16,12.2,79,100,95,1.3,-999,0,-999,-999
83069001,20151225000000,43.094,6.1463,2,0,7.3,15.1,11.6,85,100,95,1.4,-999,0.2,-999,-999
83069001,20151226000000,43.094,6.1463,2,0,8.3,17.5,10.5,56,99,89,2,-999,0.4,-999,-999
83069001,20151227000000,43.094,6.1463,2,0,5.1,16.1,10.8,70,99,90,1.8,-999,0,-999,-999
83069001,20151228000000,43.094,6.1463,2,0,9,14,10.9,66,98,84,1.3,-999,0,-999,-999
83069001,20151229000000,43.094,6.1463,2,0,5.8,15.9,11.4,70,97,90,1.9,-999,0.6,-999,-999
83069001,20151230000000,43.094,6.1463,2,0,3.4,16.2,11.5,66,99,82,4.1,-999,0,-999,-999
83069001,20151231000000,43.094,6.1463,2,0,10.8,14.2,11.9,66,92,77,2.9,-999,0,-999,-999
83069001,20160101000000,43.094,6.1463,2,0,5.8,14,10.6,73,97,88,3.3,-999,5.4,-999,-999
83069001,20160102000000,43.094,6.1463,2,0,10.2,13.8,11.4,49,99,84,3.4,-999,9.5,-999,-999
83069001,20160103000000,43.094,6.1463,2,0,8.8,12.2,9.8,48,88,64,4.7,-999,0.4,-999,-999
83069001,20160104000000,43.094,6.1463,2,0,6.9,14.6,11.8,53,89,72,4.1,-999,0,-999,-999
83069001,20160105000000,43.094,6.1463,2,0,5.9,13.6,10.1,50,96,72,2.8,-999,0,-999,-999
83069001,20160106000000,43.094,6.1463,2,0,5.9,12.8,10,52,78,61,5.6,-999,0,-999,-999
83069001,20160107000000,43.094,6.1463,2,0,5.5,16,11.8,50,86,72,3.5,-999,0,-999,-999
83069001,20160108000000,43.094,6.1463,2,0,8.5,18.2,12.7,48,97,80,1.7,-999,0,-999,-999
83069001,20160109000000,43.094,6.1463,2,0,8.8,16.2,13.3,81,96,89,2.5,-999,0,-999,-999
83069001,20160110000000,43.094,6.1463,2,0,6,16.8,12,72,98,88,2.2,-999,0,-999,-999
83069001,20160111000000,43.094,6.1463,2,0,10.3,16.6,13.7,42,91,68,5.8,-999,0,-999,-999
83069001,20160112000000,43.094,6.1463,2,0,9.4,13.6,11.2,44,64,54,7.9,-999,0,-999,-999
83069001,20160113000000,43.094,6.1463,2,0,7.9,12.7,8.5,28,64,43,5.3,-999,0,-999,-999
83069001,20160114000000,43.094,6.1463,2,0,3.5,12.8,9,36,91,71,2.7,-999,0.2,-999,-999
83069001,20160115000000,43.094,6.1463,2,0,6.4,11.9,8.5,18,47,34,7.3,-999,0,-999,-999
83069001,20160116000000,43.094,6.1463,2,0,4.9,11.7,7.3,23,49,34,7.6,-999,0,-999,-999
83069001,20160117000000,43.094,6.1463,2,0,4.3,11.5,6.4,24,51,37,5.3,-999,0,-999,-999
83069001,20160118000000,43.094,6.1463,2,0,1.4,10.1,5.7,46,90,65,4.8,-999,1.4,-999,-999
83069001,20160119000000,43.094,6.1463,2,0,3.9,10.9,7,46,89,68,2.9,-999,0,-999,-999
83069001,20160120000000,43.094,6.1463,2,0,4.3,13.1,8.2,63,94,82,1.9,-999,0,-999,-999
83069001,20160121000000,43.094,6.1463,2,0,2.3,13,7.5,58,96,80,2.4,-999,0,-999,-999
83069001,20160122000000,43.094,6.1463,2,0,3.4,13.3,8.8,60,95,79,2,-999,0,-999,-999
83069001,20160123000000,43.094,6.1463,2,0,7.6,14.3,9.1,67,96,83,1.7,-999,0,-999,-999
83069001,20160124000000,43.094,6.1463,2,0,1.5,14.6,8,65,98,84,1.7,-999,0,-999,-999
83069001,20160125000000,43.094,6.1463,2,0,4.9,13.5,11.4,63,91,79,1.8,-999,0,-999,-999
83069001,20160126000000,43.094,6.1463,2,0,10.5,14.8,12.9,71,90,79,2.6,-999,0,-999,-999
83069001,20160127000000,43.094,6.1463,2,0,13.1,15.4,13.3,68,89,80,2.8,-999,0,-999,-999
83069001,20160128000000,43.094,6.1463,2,0,10.8,15.7,12.9,71,92,85,1.4,-999,0,-999,-999
83069001,20160129000000,43.094,6.1463,2,0,10.7,17.1,12.3,67,96,86,2,-999,0,-999,-999
83069001,20160130000000,43.094,6.1463,2,0,6.2,15.9,11.1,55,97,82,3.9,-999,0,-999,-999
83069001,20160131000000,43.094,6.1463,2,0,11.1,18.6,14.2,59,78,69,8.5,-999,0,-999,-999
83069001,20160201000000,43.094,6.1463,2,0,12.4,17.9,14.3,52,97,76,3.7,-999,0.2,-999,-999
83069001,20160202000000,43.094,6.1463,2,0,8.5,16.2,12.5,68,96,83,2,-999,0,-999,-999
83069001,20160203000000,43.094,6.1463,2,0,5.2,17.5,10.8,30,97,59,6.7,-999,0,-999,-999
83069001,20160204000000,43.094,6.1463,2,0,7.5,14.2,11.4,30,51,38,6.9,-999,0,-999,-999
83069001,20160205000000,43.094,6.1463,2,0,6,15.8,12.3,47,87,67,3.3,-999,0,-999,-999
83069001,20160206000000,43.094,6.1463,2,0,9.6,14.6,13.1,69,87,79,4.5,-999,0,-999,-999
83069001,20160207000000,43.094,6.1463,2,0,10.9,14.1,12.4,37,92,74,5.5,-999,10.7,-999,-999
83069001,20160208000000,43.094,6.1463,2,0,6.1,15.5,12.7,40,80,61,6.2,-999,0,-999,-999
83069001,20160209000000,43.094,6.1463,2,0,7.3,14.8,12.2,31,95,77,3.8,-999,0.2,-999,-999
83069001,20160210000000,43.094,6.1463,2,0,7.9,11.3,9,39,77,53,6,-999,0,-999,-999
83069001,20160211000000,43.094,6.1463,2,0,0.3,13,8.1,34,85,65,3.3,-999,0.4,-999,-999
83069001,20160212000000,43.094,6.1463,2,0,4.7,14.1,9.4,54,99,81,3,-999,8.3,-999,-999
83069001,20160213000000,43.094,6.1463,2,0,9.9,14.4,12,51,93,74,3.5,-999,1.6,-999,-999
83069001,20160214000000,43.094,6.1463,2,0,8.9,15.5,11.4,41,93,70,4.4,-999,0,-999,-999
83069001,20160215000000,43.094,6.1463,2,0,3.4,17.2,9.5,36,83,61,3.1,-999,0,-999,-999
83069001,20160216000000,43.094,6.1463,2,0,5.6,14.1,9.6,41,81,59,2.7,-999,0,-999,-999
83069001,20160217000000,43.094,6.1463,2,0,3.8,10.8,7,44,88,72,3.2,-999,0,-999,-999
83069001,20160218000000,43.094,6.1463,2,0,1.6,11.9,7.6,56,89,72,2.7,-999,1.2,-999,-999
83069001,20160219000000,43.094,6.1463,2,0,6.4,13.6,9.8,23,63,41,5.9,-999,0,-999,-999
83069001,20160220000000,43.094,6.1463,2,0,2.6,15.7,10.4,29,65,49,5.1,-999,0,-999,-999
83069001,20160221000000,43.094,6.1463,2,0,11.1,19,14.2,49,86,65,3.9,-999,0,-999,-999
83069001,20160222000000,43.094,6.1463,2,0,7.3,14.5,11.8,79,94,86,1.9,-999,0.2,-999,-999
83069001,20160223000000,43.094,6.1463,2,0,10.9,18.2,14.4,37,94,56,7,-999,0,-999,-999
83069001,20160224000000,43.094,6.1463,2,0,12.5,17.9,13.4,45,95,64,4.3,-999,0,-999,-999
83069001,20160225000000,43.094,6.1463,2,0,7,17.8,12.2,45,95,71,3.1,-999,0,-999,-999
83069001,20160226000000,43.094,6.1463,2,0,6.1,12.9,9.7,37,91,59,3.4,-999,6,-999,-999
83069001,20160227000000,43.094,6.1463,2,0,7.7,11.2,9.7,80,94,87,8,-999,43.2,-999,-999
83069001,20160228000000,43.094,6.1463,2,0,7.2,12.1,9.6,73,92,84,3.6,-999,14.5,-999,-999
83069001,20160229000000,43.094,6.1463,2,0,8.6,15.5,11,54,93,71,2.3,-999,0,-999,-999
83069001,20160301000000,43.094,6.1463,2,0,6.6,17.6,11.8,26,62,44,3.6,-999,0,-999,-999
83069001,20160302000000,43.094,6.1463,2,0,7.9,16,13,30,75,53,6.3,-999,0,-999,-999
83069001,20160303000000,43.094,6.1463,2,0,8.7,14.8,11.4,29,52,39,9,-999,0,-999,-999
83069001,20160304000000,43.094,6.1463,2,0,6.2,-999,-999,-999,-999,-999,-999,-999,-999,-999,-999
83069001,20160305000000,43.094,6.1463,2,0,6,12,-999,-999,-999,-999,-999,-999,2,-999,-999
83069001,20160306000000,43.094,6.1463,2,0,5,13,-999,35,75,-999,-999,-999,0,-999,-999
83069001,20160307000000,43.094,6.1463,2,0,-0.3,14.2,8.3,22,73,47,4.8,-999,0,-999,-999
83069001,20160308000000,43.094,6.1463,2,0,4.9,13.5,8.4,26,53,37,6.1,-999,0,-999,-999
83069001,20160309000000,43.094,6.1463,2,0,2.1,12.7,8,30,73,51,2.5,-999,0,-999,-999
83069001,20160310000000,43.094,6.1463,2,0,5.3,15.5,9.9,33,78,58,2.5,-999,0.2,-999,-999
83069001,20160311000000,43.094,6.1463,2,0,3.9,16.4,10,38,86,65,2.5,-999,0,-999,-999
83069001,20160312000000,43.094,6.1463,2,0,5.8,16.9,11.7,37,86,62,3.3,-999,0,-999,-999
83069001,20160313000000,43.094,6.1463,2,0,8.3,17.1,12.3,42,73,59,2.6,-999,0,-999,-999
83069001,20160314000000,43.094,6.1463,2,0,7.4,15.7,10.9,47,85,64,3.3,-999,0,-999,-999
83069001,20160315000000,43.094,6.1463,2,0,4,15.3,10.9,39,85,63,5,-999,9.9,-999,-999
83069001,20160316000000,43.094,6.1463,2,0,7.6,10.4,9.3,58,94,83,7.2,-999,38.5,-999,-999
83069001,20160317000000,43.094,6.1463,2,0,8.8,14.8,11.7,52,83,65,5.9,-999,0,-999,-999
83069001,20160318000000,43.094,6.1463,2,0,6.1,15.9,11,47,93,73,2.3,-999,0,-999,-999
83069001,20160319000000,43.094,6.1463,2,0,4.1,15.2,10,66,95,81,2,-999,0.2,-999,-999
83069001,20160320000000,43.094,6.1463,2,0,5.1,14.7,10.7,68,95,84,2.4,-999,0.2,-999,-999
83069001,20160321000000,43.094,6.1463,2,0,7.7,17.3,12.9,52,91,76,2.1,-999,0,-999,-999
83069001,20160322000000,43.094,6.1463,2,0,9.3,18.3,13.5,48,81,64,2.8,-999,0,-999,-999
83069001,20160323000000,43.094,6.1463,2,0,7.4,17.1,11.6,46,94,70,2.9,-999,3,-999,-999
83069001,20160324000000,43.094,6.1463,2,0,6.1,16.8,11.2,34,92,64,3.5,-999,0,-999,-999
83069001,20160325000000,43.094,6.1463,2,0,5.2,16.6,12,47,78,60,3.7,-999,0,-999,-999
83069001,20160326000000,43.094,6.1463,2,0,3.1,16.2,10.8,50,94,75,1.7,-999,0,-999,-999
83069001,20160327000000,43.094,6.1463,2,0,6.7,15.1,10.9,83,96,89,2.3,-999,0.2,-999,-999
83069001,20160328000000,43.094,6.1463,2,0,6.5,16.2,11.9,55,96,81,1.9,-999,0.2,-999,-999
83069001,20160329000000,43.094,6.1463,2,0,4.9,18.7,12.5,45,96,83,1.8,-999,0,-999,-999
83069001,20160330000000,43.094,6.1463,2,0,10.9,16.9,14,74,92,85,3.8,-999,0.2,-999,-999
83069001,20160331000000,43.094,6.1463,2,0,10.7,18.6,15.5,63,90,75,6.6,-999,0,-999,-999
83069001,20160401000000,43.094,6.1463,2,0,13.5,17.3,15.7,63,93,80,3.8,-999,3.6,-999,-999
83069001,20160402000000,43.094,6.1463,2,0,13.7,19.5,16,49,92,74,4.3,-999,0,-999,-999
83069001,20160403000000,43.094,6.1463,2,0,12.2,16,14.7,77,95,87,3.5,-999,0.8,-999,-999
83069001,20160404000000,43.094,6.1463,2,0,13.2,16.1,14.6,80,96,87,4.6,-999,0.2,-999,-999
83069001,20160405000000,43.094,6.1463,2,0,14.1,19.6,16.1,66,90,76,4.5,-999,0,-999,-999
83069001,20160406000000,43.094,6.1463,2,0,12.4,22,16.4,47,91,75,2,-999,0.2,-999,-999
83069001,20160407000000,43.094,6.1463,2,0,11.3,24,17.2,33,87,53,3.2,-999,0,-999,-999
83069001,20160408000000,43.094,6.1463,2,0,7.3,18.9,13,33,64,48,4.2,-999,0,-999,-999
83069001,20160409000000,43.094,6.1463,2,0,7.7,16.2,11.4,48,92,68,3.2,-999,0,-999,-999
83069001,20160410000000,43.094,6.1463,2,0,3.8,18.2,11.9,34,94,71,2,-999,0.2,-999,-999
83069001,20160411000000,43.094,6.1463,2,0,5.6,17.8,13.1,61,96,81,3.8,-999,0,-999,-999
83069001,20160412000000,43.094,6.1463,2,0,8,18.5,13.9,69,93,83,2.3,-999,0.2,-999,-999
83069001,20160413000000,43.094,6.1463,2,0,9,18.1,13.8,59,96,82,2.7,-999,0,-999,-999
83069001,20160414000000,43.094,6.1463,2,0,10.3,20.8,15,35,86,58,4.7,-999,0,-999,-999
83069001,20160415000000,43.094,6.1463,2,0,6.1,19,13.1,61,93,82,2.2,-999,0.2,-999,-999
83069001,20160416000000,43.094,6.1463,2,0,6.7,18.8,14.7,57,93,81,4,-999,0,-999,-999
83069001,20160417000000,43.094,6.1463,2,0,14.8,19.2,16.1,62,95,85,2.7,-999,1,-999,-999
83069001,20160418000000,43.094,6.1463,2,0,7.2,21.7,15.3,24,88,46,4.7,-999,0,-999,-999
83069001,20160419000000,43.094,6.1463,2,0,8.1,19,14,34,73,48,3.2,-999,0,-999,-999
83069001,20160420000000,43.094,6.1463,2,0,7.3,21.6,15.9,37,75,55,3.7,-999,0,-999,-999
83069001,20160421000000,43.094,6.1463,2,0,14.1,18.7,16,55,90,73,4.7,-999,1.4,-999,-999
83069001,20160422000000,43.094,6.1463,2,0,9.1,18.8,15.2,64,91,76,5.1,-999,0,-999,-999
83069001,20160423000000,43.094,6.1463,2,0,10.3,22.8,17.4,33,92,57,5.8,-999,0,-999,-999
83069001,20160424000000,43.094,6.1463,2,0,13.3,19.8,15,26,46,33,8.9,-999,0,-999,-999
83069001,20160425000000,43.094,6.1463,2,0,9.5,19.7,14.5,19,42,30,6,-999,0,-999,-999
83069001,20160426000000,43.094,6.1463,2,0,11.6,17.5,14.6,35,67,48,8.1,-999,0,-999,-999
83069001,20160427000000,43.094,6.1463,2,0,11.5,19.7,15,18,62,43,7,-999,0,-999,-999
83069001,20160428000000,43.094,6.1463,2,0,12.2,18.8,13.6,29,86,58,2.7,-999,0,-999,-999
83069001,20160429000000,43.094,6.1463,2,0,5.2,17.9,12.6,44,86,66,2.7,-999,0,-999,-999
83069001,20160430000000,43.094,6.1463,2,0,4.4,17.1,11.9,42,88,64,3.8,-999,0,-999,-999
83069001,20160501000000,43.094,6.1463,2,0,8.1,15.8,11.5,39,87,61,4.2,-999,2,-999,-999
83069001,20160502000000,43.094,6.1463,2,0,8.3,22.4,15.5,28,74,49,3.1,-999,0,-999,-999
83069001,20160503000000,43.094,6.1463,2,0,8.5,27.4,20,22,72,36,5.4,-999,0,-999,-999
83069001,20160504000000,43.094,6.1463,2,0,12.5,21.6,16.7,28,72,41,2.9,-999,0,-999,-999
83069001,20160505000000,43.094,6.1463,2,0,5.4,20.3,14.4,47,81,63,3.5,-999,0,-999,-999
83069001,20160506000000,43.094,6.1463,2,0,10.3,21.6,16.9,42,77,60,4.7,-999,0,-999,-999
83069001,20160507000000,43.094,6.1463,2,0,10.3,20.9,16.6,45,80,67,4.3,-999,0,-999,-999
83069001,20160508000000,43.094,6.1463,2,0,12.7,19,15.7,61,94,81,5.5,-999,5.4,-999,-999
83069001,20160509000000,43.094,6.1463,2,0,14.1,19.9,17.4,50,90,68,8.1,-999,0.6,-999,-999
83069001,20160510000000,43.094,6.1463,2,0,16.4,20.7,17.9,67,91,77,6.5,-999,15.3,-999,-999
83069001,20160511000000,43.094,6.1463,2,0,15.7,18,16.1,72,94,88,4.1,-999,0.4,-999,-999
83069001,20160512000000,43.094,6.1463,2,0,12.9,19.8,16.5,49,92,69,6.7,-999,0,-999,-999
83069001,20160513000000,43.094,6.1463,2,0,12.4,22.3,17.4,42,85,63,5.2,-999,0.4,-999,-999
83069001,20160514000000,43.094,6.1463,2,0,13.8,22.7,18.4,41,87,65,3.8,-999,0,-999,-999
83069001,20160515000000,43.094,6.1463,2,0,13,25.5,19.4,23,58,39,4.6,-999,0,-999,-999
83069001,20160516000000,43.094,6.1463,2,0,11.6,22.6,17.9,26,69,40,4.1,-999,0,-999,-999
83069001,20160517000000,43.094,6.1463,2,0,10.4,20.9,16.6,39,86,58,2.7,-999,0,-999,-999
83069001,20160518000000,43.094,6.1463,2,0,8.4,20,16.3,55,91,74,3.2,-999,0,-999,-999
83069001,20160519000000,43.094,6.1463,2,0,15.6,22.6,19,24,87,42,7.9,-999,0,-999,-999
83069001,20160520000000,43.094,6.1463,2,0,11.6,24.6,18.4,26,80,47,3.3,-999,0,-999,-999
83069001,20160521000000,43.094,6.1463,2,0,7.9,20.6,16,55,92,80,2.6,-999,0.2,-999,-999
83069001,20160522000000,43.094,6.1463,2,0,10.8,20.7,17.1,52,95,76,3.2,-999,0.8,-999,-999
83069001,20160523000000,43.094,6.1463,2,0,12.7,22,17.5,23,80,38,8,-999,0,-999,-999
83069001,20160524000000,43.094,6.1463,2,0,13,21.6,17.2,37,75,54,6.5,-999,0,-999,-999
83069001,20160525000000,43.094,6.1463,2,0,9.5,20.7,15.8,60,90,75,2.3,-999,0,-999,-999
83069001,20160526000000,43.094,6.1463,2,0,11.1,21.4,17.7,40,89,67,4.3,-999,0,-999,-999
83069001,20160527000000,43.094,6.1463,2,0,14.8,23.4,19.8,43,82,55,4.5,-999,0,-999,-999
83069001,20160528000000,43.094,6.1463,2,0,10.4,22.6,17.7,44,90,74,2.5,-999,6.5,-999,-999
83069001,20160529000000,43.094,6.1463,2,0,15.6,22,18.9,60,94,77,5.4,-999,21.6,-999,-999
83069001,20160530000000,43.094,6.1463,2,0,16.3,23.5,19.2,46,82,62,6.9,-999,0,-999,-999
83069001,20160531000000,43.094,6.1463,2,0,16.2,22.4,18.8,48,80,62,7.1,-999,0,-999,-999
83069001,20160601000000,43.094,6.1463,2,0,15.8,21.9,18.2,56,83,68,5.5,-999,0,-999,-999
83069001,20160602000000,43.094,6.1463,2,0,11.7,22.5,18.2,54,92,73,5.1,-999,0,-999,-999
83069001,20160603000000,43.094,6.1463,2,0,15.3,22.5,19.1,61,91,74,3.8,-999,0,-999,-999
83069001,20160604000000,43.094,6.1463,2,0,13.4,21.3,18.2,74,92,85,2.4,-999,0,-999,-999
83069001,20160605000000,43.094,6.1463,2,0,14.3,22.3,19.2,68,94,82,2.3,-999,0,-999,-999
83069001,20160606000000,43.094,6.1463,2,0,14.4,23.6,19.2,64,94,83,2.7,-999,0.2,-999,-999
83069001,20160607000000,43.094,6.1463,2,0,14.9,23.6,20.5,59,93,78,3.4,-999,0,-999,-999
83069001,20160608000000,43.094,6.1463,2,0,15.5,27.9,21.9,46,93,72,2.7,-999,0,-999,-999
83069001,20160609000000,43.094,6.1463,2,0,14.2,25.1,20.8,54,95,72,3.6,-999,0,-999,-999
83069001,20160610000000,43.094,6.1463,2,0,14.4,26,21.1,44,88,65,2.1,-999,0.2,-999,-999
83069001,20160611000000,43.094,6.1463,2,0,17,27.2,21.8,45,88,65,4.7,-999,0,-999,-999
83069001,20160612000000,43.094,6.1463,2,0,15.9,27.4,22.4,32,74,49,6.4,-999,0,-999,-999
83069001,20160613000000,43.094,6.1463,2,0,20.9,28.2,23.8,34,65,48,6.9,-999,0,-999,-999
83069001,20160614000000,43.094,6.1463,2,0,19.2,24.9,21.9,37,68,47,8.2,-999,0,-999,-999
83069001,20160615000000,43.094,6.1463,2,0,16,20.2,18.1,52,94,79,3.3,-999,19,-999,-999
83069001,20160616000000,43.094,6.1463,2,0,18,20.8,18.8,68,95,81,4.2,-999,6.9,-999,-999
83069001,20160617000000,43.094,6.1463,2,0,14.3,21.3,17.9,52,83,67,4.7,-999,0,-999,-999
83069001,20160618000000,43.094,6.1463,2,0,12.2,22.9,18.6,45,83,63,4,-999,0,-999,-999
83069001,20160619000000,43.094,6.1463,2,0,15.5,28.5,20.3,31,84,57,3.7,-999,0.4,-999,-999
83069001,20160620000000,43.094,6.1463,2,0,15.3,25,20.4,35,85,58,3,-999,0,-999,-999
83069001,20160621000000,43.094,6.1463,2,0,14.9,24.6,20,54,88,74,2.2,-999,0,-999,-999
83069001,20160622000000,43.094,6.1463,2,0,15.6,26.1,21.5,44,90,66,2.6,-999,0,-999,-999
83069001,20160623000000,43.094,6.1463,2,0,15,29.7,23.6,32,87,54,2.2,-999,0,-999,-999
83069001,20160624000000,43.094,6.1463,2,0,18.6,27.4,23,34,80,63,4.4,-999,0,-999,-999
83069001,20160625000000,43.094,6.1463,2,0,17.7,32.1,25.7,38,82,56,4.7,-999,0,-999,-999
83069001,20160626000000,43.094,6.1463,2,0,16.9,29.8,24.7,27,82,46,5,-999,0,-999,-999
83069001,20160627000000,43.094,6.1463,2,0,16.5,29.9,23.2,26,79,47,3,-999,0,-999,-999
83069001,20160628000000,43.094,6.1463,2,0,14.3,27,21.6,44,85,64,2.6,-999,0,-999,-999
83069001,20160629000000,43.094,6.1463,2,0,14.7,25.2,21.1,58,92,77,2,-999,0,-999,-999
83069001,20160630000000,43.094,6.1463,2,0,17.4,25.6,21.8,64,95,82,2.2,-999,0,-999,-999
83069001,20160701000000,43.094,6.1463,2,0,18,27.1,23.1,59,91,78,2.7,-999,0.2,-999,-999
83069001,20160702000000,43.094,6.1463,2,0,17.5,29.8,24.6,45,93,67,5.6,-999,0,-999,-999
83069001,20160703000000,43.094,6.1463,2,0,19,32.1,25.5,24,81,44,4.2,-999,0,-999,-999
83069001,20160704000000,43.094,6.1463,2,0,16.3,27.9,23,49,89,70,2.8,-999,0,-999,-999
83069001,20160705000000,43.094,6.1463,2,0,17.8,32,25.1,27,91,62,3.2,-999,0,-999,-999
83069001,20160706000000,43.094,6.1463,2,0,18.2,31.2,25.2,30,79,53,2.5,-999,0,-999,-999
83069001,20160707000000,43.094,6.1463,2,0,15.4,28.9,24.1,43,82,65,2.3,-999,0,-999,-999
83069001,20160708000000,43.094,6.1463,2,0,18.6,31.1,25.5,38,87,62,3.8,-999,0,-999,-999
83069001,20160709000000,43.094,6.1463,2,0,19.1,29.3,24.8,59,90,75,2.4,-999,0,-999,-999
83069001,20160710000000,43.094,6.1463,2,0,20.1,28.3,24.5,64,93,79,2.5,-999,0.2,-999,-999
83069001,20160711000000,43.094,6.1463,2,0,17.8,29.2,24.6,43,93,71,2.5,-999,0,-999,-999
83069001,20160712000000,43.094,6.1463,2,0,18.9,31.9,26.1,33,86,62,3.7,-999,0,-999,-999
83069001,20160713000000,43.094,6.1463,2,0,19.3,28.7,24,20,65,31,8.2,-999,0,-999,-999
83069001,20160714000000,43.094,6.1463,2,0,17.2,27.4,21.8,20,47,32,8.5,-999,0,-999,-999
83069001,20160715000000,43.094,6.1463,2,0,17.5,27.5,21.6,23,85,44,4.5,-999,0,-999,-999
83069001,20160716000000,43.094,6.1463,2,0,13.6,26.7,20.9,23,78,51,3.8,-999,0,-999,-999
83069001,20160717000000,43.094,6.1463,2,0,11.6,25.3,20.4,37,78,61,3.2,-999,0,-999,-999
83069001,20160718000000,43.094,6.1463,2,0,11.7,26.6,19.9,30,85,65,3.5,-999,0,-999,-999
83069001,20160719000000,43.094,6.1463,2,0,11.4,28.7,22.2,23,75,47,3.7,-999,0,-999,-999
83069001,20160720000000,43.094,6.1463,2,0,12.4,27.7,22.3,32,84,61,3.4,-999,0,-999,-999
83069001,20160721000000,43.094,6.1463,2,0,17.5,27.6,23.4,56,93,76,2.4,-999,0.4,-999,-999
83069001,20160722000000,43.094,6.1463,2,0,20,27.3,23.6,60,92,77,3.2,-999,0.2,-999,-999
83069001,20160723000000,43.094,6.1463,2,0,20.4,28.2,24.3,44,83,61,3.5,-999,0.4,-999,-999
83069001,20160724000000,43.094,6.1463,2,0,19.3,29.2,24,42,82,63,3.4,-999,1.2,-999,-999
83069001,20160725000000,43.094,6.1463,2,0,18.8,30.1,24.8,39,86,63,2.8,-999,0,-999,-999
83069001,20160726000000,43.094,6.1463,2,0,18.1,31.4,24.9,41,90,69,2.3,-999,0,-999,-999
83069001,20160727000000,43.094,6.1463,2,0,18,33.7,26,27,91,64,3.6,-999,0.2,-999,-999
83069001,20160728000000,43.094,6.1463,2,0,17.7,30.8,25.1,38,93,61,3.6,-999,0,-999,-999
83069001,20160729000000,43.094,6.1463,2,0,17.6,28.2,24.2,50,86,67,3.2,-999,0,-999,-999
83069001,20160730000000,43.094,6.1463,2,0,17.3,27.7,23.3,59,85,76,2.2,-999,0,-999,-999
83069001,20160731000000,43.094,6.1463,2,0,17.5,29.7,24.6,43,86,66,3.3,-999,0,-999,-999
83069001,20160801000000,43.094,6.1463,2,0,20.2,32.7,25.9,25,80,50,4,-999,0,-999,-999
83069001,20160802000000,43.094,6.1463,2,0,16.5,30.3,24.4,33,72,55,2.7,-999,0,-999,-999
83069001,20160803000000,43.094,6.1463,2,0,16.8,29,23.9,44,80,67,2.6,-999,0,-999,-999
83069001,20160804000000,43.094,6.1463,2,0,15.9,28.1,23.8,58,87,75,2.4,-999,1.2,-999,-999
83069001,20160805000000,43.094,6.1463,2,0,20.9,31.3,25.8,25,87,45,6,-999,0,-999,-999
83069001,20160806000000,43.094,6.1463,2,0,17.7,29.2,23.5,28,81,50,3.3,-999,0,-999,-999
83069001,20160807000000,43.094,6.1463,2,0,17.5,31,25.1,28,78,42,3.1,-999,0,-999,-999
83069001,20160808000000,43.094,6.1463,2,0,18.7,29.9,24.8,31,72,50,3.7,-999,0,-999,-999
83069001,20160809000000,43.094,6.1463,2,0,15.9,29.5,24.4,29,80,55,2.9,-999,0,-999,-999
83069001,20160810000000,43.094,6.1463,2,0,18.9,32.3,24.5,16,72,41,3.7,-999,0,-999,-999
83069001,20160811000000,43.094,6.1463,2,0,18.9,27.5,22.7,28,79,51,3.5,-999,0,-999,-999
83069001,20160812000000,43.094,6.1463,2,0,15.2,28.5,22.4,31,79,54,3.1,-999,0,-999,-999
83069001,20160813000000,43.094,6.1463,2,0,15.2,27.9,22.8,29,70,48,2.8,-999,0,-999,-999
83069001,20160814000000,43.094,6.1463,2,0,16,28.4,23.5,32,70,48,3.3,-999,0,-999,-999
83069001,20160815000000,43.094,6.1463,2,0,13.7,28,23.1,28,73,51,3.6,-999,0,-999,-999
83069001,20160816000000,43.094,6.1463,2,0,14.8,26.6,22.4,39,85,72,3.6,-999,0,-999,-999
83069001,20160817000000,43.094,6.1463,2,0,16.4,27.1,23,64,92,80,3.1,-999,0,-999,-999
83069001,20160818000000,43.094,6.1463,2,0,16.7,31.1,24.6,38,92,68,3.3,-999,0,-999,-999
83069001,20160819000000,43.094,6.1463,2,0,18.9,27.4,23.3,58,89,76,3.5,-999,0,-999,-999
83069001,20160820000000,43.094,6.1463,2,0,17.8,28.4,23.9,53,91,73,3,-999,0,-999,-999
83069001,20160821000000,43.094,6.1463,2,0,20.6,34,26.4,16,66,34,4.9,-999,0,-999,-999
83069001,20160822000000,43.094,6.1463,2,0,19.3,29.1,24.1,31,81,51,3.2,-999,0,-999,-999
83069001,20160823000000,43.094,6.1463,2,0,17.2,29.9,24.2,-999,-999,54,3.3,-999,-999,-999,-999
83069001,20160824000000,43.094,6.1463,2,0,17.4,30.7,24.8,30,76,54,3,-999,0,-999,-999
83069001,20160825000000,43.094,6.1463,2,0,17,29.8,24.9,38,71,56,2.8,-999,0,-999,-999
83069001,20160826000000,43.094,6.1463,2,0,17.7,30.7,24.6,37,74,59,2.8,-999,0,-999,-999
83069001,20160827000000,43.094,6.1463,2,0,16.6,30.1,24.1,35,83,62,1.8,-999,0,-999,-999
83069001,20160828000000,43.094,6.1463,2,0,16,27.8,23.6,52,88,76,3.8,-999,0,-999,-999
83069001,20160829000000,43.094,6.1463,2,0,18.6,33.9,25,34,91,71,2.7,-999,2.6,-999,-999
83069001,20160830000000,43.094,6.1463,2,0,19.6,25.4,21.9,57,90,77,2.4,-999,0,-999,-999
83069001,20160831000000,43.094,6.1463,2,0,19.1,29.6,24.5,44,80,62,3,-999,0,-999,-999
83069001,20160901000000,43.094,6.1463,2,0,17.7,28.5,23.9,51,90,73,2.7,-999,0.2,-999,-999
83069001,20160902000000,43.094,6.1463,2,0,17.4,29.3,23.7,48,93,72,2.7,-999,0,-999,-999
83069001,20160903000000,43.094,6.1463,2,0,16.1,28.8,23,50,88,74,2.2,-999,0,-999,-999
83069001,20160904000000,43.094,6.1463,2,0,15.6,30.1,24.5,40,90,67,3.3,-999,0,-999,-999
83069001,20160905000000,43.094,6.1463,2,0,24,36.5,28.5,21,90,47,4.8,-999,0,-999,-999
83069001,20160906000000,43.094,6.1463,2,0,21.8,29.7,25.6,37,83,54,3.8,-999,0,-999,-999
83069001,20160907000000,43.094,6.1463,2,0,19.1,28.4,24.2,38,76,57,3.9,-999,0,-999,-999
83069001,20160908000000,43.094,6.1463,2,0,19.3,30.9,24.9,31,74,52,4.5,-999,0,-999,-999
83069001,20160909000000,43.094,6.1463,2,0,16.9,30.5,24.3,38,82,60,2.3,-999,0,-999,-999
83069001,20160910000000,43.094,6.1463,2,0,20.8,30.8,25.7,37,71,52,2.3,-999,0,-999,-999
83069001,20160911000000,43.094,6.1463,2,0,18.8,30,24.4,36,80,59,2,-999,0,-999,-999
83069001,20160912000000,43.094,6.1463,2,0,16.9,29.4,23.7,44,81,67,2.4,-999,0,-999,-999
83069001,20160913000000,43.094,6.1463,2,0,18.4,28.7,23.5,49,90,68,2.6,-999,0,-999,-999
83069001,20160914000000,43.094,6.1463,2,0,17.8,26.5,22.9,70,91,83,5.7,-999,6.8,-999,-999
83069001,20160915000000,43.094,6.1463,2,0,17.9,24.8,22,43,93,66,2.9,-999,1.8,-999,-999
83069001,20160916000000,43.094,6.1463,2,0,16.9,25.9,20.9,40,91,62,4.8,-999,0,-999,-999
83069001,20160917000000,43.094,6.1463,2,0,19.3,24.7,20.8,30,59,45,6.2,-999,0,-999,-999
83069001,20160918000000,43.094,6.1463,2,0,14.6,26.4,20,33,69,52,3.1,-999,0,-999,-999
83069001,20160919000000,43.094,6.1463,2,0,14.1,28.2,21,32,77,56,2.6,-999,0,-999,-999
83069001,20160920000000,43.094,6.1463,2,0,15.4,25.7,20.4,43,90,66,2.5,-999,0,-999,-999
83069001,20160921000000,43.094,6.1463,2,0,14.9,26.4,19.7,35,90,65,3.7,-999,0,-999,-999
83069001,20160922000000,43.094,6.1463,2,0,13.3,24.9,19,43,90,71,2.3,-999,0,-999,-999
83069001,20160923000000,43.094,6.1463,2,0,14.2,24.9,19.3,39,88,69,2.8,-999,0,-999,-999
83069001,20160924000000,43.094,6.1463,2,0,13.1,25.6,19.8,59,90,73,3.1,-999,0,-999,-999
83069001,20160925000000,43.094,6.1463,2,0,16.3,25.5,21,52,85,68,3.4,-999,0,-999,-999
83069001,20160926000000,43.094,6.1463,2,0,14.3,25.8,19.9,60,91,77,2.9,-999,0,-999,-999
83069001,20160927000000,43.094,6.1463,2,0,14.7,25.8,20.1,51,89,72,2.6,-999,0,-999,-999
83069001,20160928000000,43.094,6.1463,2,0,15.9,26.6,20.6,43,92,65,3,-999,0,-999,-999
83069001,20160929000000,43.094,6.1463,2,0,11.5,25.7,18.8,45,92,73,2.7,-999,0.2,-999,-999
83069001,20160930000000,43.094,6.1463,2,0,11.2,24.7,19.2,55,93,74,2.8,-999,0,-999,-999
83069001,20161001000000,43.094,6.1463,2,0,15.5,23.9,19.9,61,91,79,2.8,-999,1.6,-999,-999
83069001,20161002000000,43.094,6.1463,2,0,14.1,26.6,20.3,40,91,66,3.4,-999,0,-999,-999
83069001,20161003000000,43.094,6.1463,2,0,16.2,25.7,19.7,23,76,47,3.1,-999,0,-999,-999
83069001,20161004000000,43.094,6.1463,2,0,12,25.5,18.4,25,88,60,2.8,-999,0,-999,-999
83069001,20161005000000,43.094,6.1463,2,0,9.9,24.4,18.6,36,82,57,4.6,-999,0,-999,-999
83069001,20161006000000,43.094,6.1463,2,0,12.1,20.6,17,57,90,75,4.1,-999,1.8,-999,-999
83069001,20161007000000,43.094,6.1463,2,0,9.8,23.6,17.2,35,94,64,4.4,-999,0.2,-999,-999
83069001,20161008000000,43.094,6.1463,2,0,8.5,23.8,16.3,20,88,54,3,-999,0,-999,-999
83069001,20161009000000,43.094,6.1463,2,0,10.1,22.6,17.5,43,67,55,3.8,-999,0,-999,-999
83069001,20161010000000,43.094,6.1463,2,0,12.8,21.3,15.8,49,89,62,3.4,-999,0,-999,-999
83069001,20161011000000,43.094,6.1463,2,0,10.6,19.6,14.2,41,83,66,3.5,-999,0,-999,-999
83069001,20161012000000,43.094,6.1463,2,0,10.9,20.7,16.3,44,79,60,4.6,-999,2.8,-999,-999
83069001,20161013000000,43.094,6.1463,2,0,13.6,19.1,16.1,49,87,71,10.3,-999,13.3,-999,-999
83069001,20161014000000,43.094,6.1463,2,0,16.1,20.6,17.8,62,93,82,7.8,-999,9.9,-999,-999
83069001,20161015000000,43.094,6.1463,2,0,12.7,21.4,15.9,45,94,77,2.9,-999,0,-999,-999
83069001,20161016000000,43.094,6.1463,2,0,9.8,21.5,16.1,60,93,80,2.1,-999,0,-999,-999
83069001,20161017000000,43.094,6.1463,2,0,13.6,20.7,16.7,75,94,88,2.4,-999,17.5,-999,-999
83069001,20161018000000,43.094,6.1463,2,0,12.3,24.6,16.7,39,93,75,2.3,-999,0.2,-999,-999
83069001,20161019000000,43.094,6.1463,2,0,10.4,22.5,16,35,81,53,3.2,-999,0,-999,-999
83069001,20161020000000,43.094,6.1463,2,0,7.7,20.9,13.6,28,75,55,3,-999,0,-999,-999
83069001,20161021000000,43.094,6.1463,2,0,9.4,19.9,14.1,48,87,64,3.3,-999,0,-999,-999
83069001,20161022000000,43.094,6.1463,2,0,7.5,18.8,13.4,40,92,76,2.8,-999,10.5,-999,-999
83069001,20161023000000,43.094,6.1463,2,0,12.8,18.3,15.9,80,92,86,3.7,-999,2.6,-999,-999
83069001,20161024000000,43.094,6.1463,2,0,16.7,22.9,19.9,68,85,77,4.9,-999,0,-999,-999
83069001,20161025000000,43.094,6.1463,2,0,18.4,23.1,19.4,72,95,86,2.7,-999,0.6,-999,-999
83069001,20161026000000,43.094,6.1463,2,0,15.1,25.7,19.2,45,93,73,2.6,-999,0,-999,-999
83069001,20161027000000,43.094,6.1463,2,0,14.4,24.7,17.6,36,91,66,2.7,-999,0.2,-999,-999
83069001,20161028000000,43.094,6.1463,2,0,10.2,21.5,15.6,62,95,81,2.3,-999,0.4,-999,-999
83069001,20161029000000,43.094,6.1463,2,0,10.4,20.7,14.8,63,96,84,2.2,-999,0.2,-999,-999
83069001,20161030000000,43.094,6.1463,2,0,8.6,21.6,14.4,56,96,85,1.9,-999,0.4,-999,-999
83069001,20161031000000,43.094,6.1463,2,0,8.3,21,14.6,58,96,83,1.9,-999,0.2,-999,-999
83069001,20161101000000,43.094,6.1463,2,0,11,20.7,16.6,57,95,78,2.7,-999,0,-999,-999
83069001,20161102000000,43.094,6.1463,2,0,14.3,21.3,17,42,94,73,4.3,-999,0,-999,-999
83069001,20161103000000,43.094,6.1463,2,0,8.3,20.6,13.9,38,90,68,2.4,-999,0,-999,-999
83069001,20161104000000,43.094,6.1463,2,0,10.4,20.3,15.5,62,94,83,2.6,-999,3.4,-999,-999
83069001,20161105000000,43.094,6.1463,2,0,14.4,20.5,18.7,77,95,86,4.8,-999,0.4,-999,-999
83069001,20161106000000,43.094,6.1463,2,0,12.2,16,13.1,35,83,54,5.8,-999,0,-999,-999
83069001,20161107000000,43.094,6.1463,2,0,5.7,15.3,10,24,74,45,3.4,-999,0,-999,-999
83069001,20161108000000,43.094,6.1463,2,0,3.6,14.2,9.3,31,64,42,6.1,-999,0,-999,-999
83069001,20161109000000,43.094,6.1463,2,0,5.2,13.8,9.9,35,88,52,5,-999,1,-999,-999
83069001,20161110000000,43.094,6.1463,2,0,9.9,16.9,13.9,42,70,54,6.2,-999,0,-999,-999
83069001,20161111000000,43.094,6.1463,2,0,11.7,17.3,13.8,27,71,47,8.1,-999,0,-999,-999
83069001,20161112000000,43.094,6.1463,2,0,6.9,16.3,9.3,27,81,50,3.8,-999,0,-999,-999
