66048004,20140101000000,42.453333,3.136667,20,5,-999,-999,-999,-999,-999,-999,-999,-999,0,-999,-999
66048004,20140102000000,42.453333,3.136667,20,5,-999,-999,-999,-999,-999,-999,-999,-999,0,-999,-999
66048004,20140103000000,42.453333,3.136667,20,5,-999,-999,-999,-999,-999,-999,-999,-999,0,-999,-999
66048004,20140104000000,42.453333,3.136667,20,5,-999,-999,-999,-999,-999,-999,-999,-999,0,-999,-999
66048004,20140105000000,42.453333,3.136667,20,5,-999,-999,-999,-999,-999,-999,-999,-999,0,-999,-999
66048004,20140106000000,42.453333,3.136667,20,5,-999,-999,-999,-999,-999,-999,-999,-999,0,-999,-999
66048004,20140107000000,42.453333,3.136667,20,5,-999,-999,-999,-999,-999,-999,-999,-999,0,-999,-999
66048004,20140108000000,42.453333,3.136667,20,5,-999,-999,-999,-999,-999,-999,-999,-999,0,-999,-999
66048004,20140113000000,42.453333,3.136667,20,5,-999,-999,-999,-999,-999,-999,-999,-999,2.5,-999,-999
66048004,20140114000000,42.453333,3.136667,20,5,-999,-999,-999,-999,-999,-999,-999,-999,0,-999,-999
66048004,20140115000000,42.453333,3.136667,20,5,-999,-999,-999,-999,-999,-999,-999,-999,0,-999,-999
66048004,20140116000000,42.453333,3.136667,20,5,-999,-999,-999,-999,-999,-999,-999,-999,0,-999,-999
66048004,20140117000000,42.453333,3.136667,20,5,-999,-999,-999,-999,-999,-999,-999,-999,0,-999,-999
66048004,20140118000000,42.453333,3.136667,20,5,-999,-999,-999,-999,-999,-999,-999,-999,9,-999,-999
66048004,20140119000000,42.453333,3.136667,20,5,-999,-999,-999,-999,-999,-999,-999,-999,3,-999,-999
66048004,20140120000000,42.453333,3.136667,20,5,-999,-999,-999,-999,-999,-999,-999,-999,0.5,-999,-999
66048004,20140121000000,42.453333,3.136667,20,5,-999,-999,-999,-999,-999,-999,-999,-999,0,-999,-999
66048004,20140122000000,42.453333,3.136667,20,5,-999,-999,-999,-999,-999,-999,-999,-999,4,-999,-999
66048004,20140124000000,42.453333,3.136667,20,5,-999,-999,-999,-999,-999,-999,-999,-999,18,-999,-999
66048004,20140125000000,42.453333,3.136667,20,5,-999,-999,-999,-999,-999,-999,-999,-999,0,-999,-999
66048004,20140126000000,42.453333,3.136667,20,5,-999,-999,-999,-999,-999,-999,-999,-999,0,-999,-999
66048004,20140127000000,42.453333,3.136667,20,5,-999,-999,-999,-999,-999,-999,-999,-999,0,-999,-999
66048004,20140128000000,42.453333,3.136667,20,5,-999,-999,-999,-999,-999,-999,-999,-999,0,-999,-999
66048004,20140129000000,42.453333,3.136667,20,5,-999,-999,-999,-999,-999,-999,-999,-999,3,-999,-999
66048004,20140130000000,42.453333,3.136667,20,5,-999,-999,-999,-999,-999,-999,-999,-999,0.5,-999,-999
66048004,20140131000000,42.453333,3.136667,20,5,-999,-999,-999,-999,-999,-999,-999,-999,0,-999,-999
66048004,20140201000000,42.453333,3.136667,20,5,-999,-999,-999,-999,-999,-999,-999,-999,0.5,-999,-999
66048004,20140202000000,42.453333,3.136667,20,5,-999,-999,-999,-999,-999,-999,-999,-999,0,-999,-999
66048004,20140203000000,42.453333,3.136667,20,5,-999,-999,-999,-999,-999,-999,-999,-999,0,-999,-999
66048004,20140204000000,42.453333,3.136667,20,5,-999,-999,-999,-999,-999,-999,-999,-999,0,-999,-999
66048004,20140205000000,42.453333,3.136667,20,5,-999,-999,-999,-999,-999,-999,-999,-999,0,-999,-999
66048004,20140206000000,42.453333,3.136667,20,5,-999,-999,-999,-999,-999,-999,-999,-999,0,-999,-999
66048004,20140207000000,42.453333,3.136667,20,5,-999,-999,-999,-999,-999,-999,-999,-999,1.5,-999,-999
66048004,20140208000000,42.453333,3.136667,20,5,-999,-999,-999,-999,-999,-999,-999,-999,1.5,-999,-999
66048004,20140209000000,42.453333,3.136667,20,5,-999,-999,-999,-999,-999,-999,-999,-999,0.5,-999,-999
66048004,20140210000000,42.453333,3.136667,20,5,-999,-999,-999,-999,-999,-999,-999,-999,0,-999,-999
66048004,20140211000000,42.453333,3.136667,20,5,-999,-999,-999,-999,-999,-999,-999,-999,0,-999,-999
66048004,20140212000000,42.453333,3.136667,20,5,-999,-999,-999,-999,-999,-999,-999,-999,0,-999,-999
66048004,20140213000000,42.453333,3.136667,20,5,-999,-999,-999,-999,-999,-999,-999,-999,0,-999,-999
66048004,20140214000000,42.453333,3.136667,20,5,-999,-999,-999,-999,-999,-999,-999,-999,0,-999,-999
66048004,20140215000000,42.453333,3.136667,20,5,-999,-999,-999,-999,-999,-999,-999,-999,2,-999,-999
66048004,20140218000000,42.453333,3.136667,20,5,-999,-999,-999,-999,-999,-999,-999,-999,1,-999,-999
66048004,20140219000000,42.453333,3.136667,20,5,-999,-999,-999,-999,-999,-999,-999,-999,0,-999,-999
66048004,20140220000000,42.453333,3.136667,20,5,-999,-999,-999,-999,-999,-999,-999,-999,0,-999,-999
66048004,20140221000000,42.453333,3.136667,20,5,-999,-999,-999,-999,-999,-999,-999,-999,0,-999,-999
66048004,20140222000000,42.453333,3.136667,20,5,-999,-999,-999,-999,-999,-999,-999,-999,0,-999,-999
66048004,20140223000000,42.453333,3.136667,20,5,-999,-999,-999,-999,-999,-999,-999,-999,0,-999,-999
66048004,20140224000000,42.453333,3.136667,20,5,-999,-999,-999,-999,-999,-999,-999,-999,0,-999,-999
66048004,20140225000000,42.453333,3.136667,20,5,-999,-999,-999,-999,-999,-999,-999,-999,4.5,-999,-999
66048004,20140226000000,42.453333,3.136667,20,5,-999,-999,-999,-999,-999,-999,-999,-999,0,-999,-999
66048004,20140227000000,42.453333,3.136667,20,5,-999,-999,-999,-999,-999,-999,-999,-999,1,-999,-999
66048004,20140228000000,42.453333,3.136667,20,5,-999,-999,-999,-999,-999,-999,-999,-999,0.5,-999,-999
66048004,20140301000000,42.453333,3.136667,20,5,-999,-999,-999,-999,-999,-999,-999,-999,0,-999,-999
66048004,20140302000000,42.453333,3.136667,20,5,-999,-999,-999,-999,-999,-999,-999,-999,0.5,-999,-999
66048004,20140303000000,42.453333,3.136667,20,5,-999,-999,-999,-999,-999,-999,-999,-999,1.5,-999,-999
66048004,20140304000000,42.453333,3.136667,20,5,-999,-999,-999,-999,-999,-999,-999,-999,0,-999,-999
66048004,20140306000000,42.453333,3.136667,20,5,-999,-999,-999,-999,-999,-999,-999,-999,0,-999,-999
66048004,20140307000000,42.453333,3.136667,20,5,-999,-999,-999,-999,-999,-999,-999,-999,0,-999,-999
66048004,20140308000000,42.453333,3.136667,20,5,-999,-999,-999,-999,-999,-999,-999,-999,0,-999,-999
66048004,20140309000000,42.453333,3.136667,20,5,-999,-999,-999,-999,-999,-999,-999,-999,0,-999,-999
66048004,20140310000000,42.453333,3.136667,20,5,-999,-999,-999,-999,-999,-999,-999,-999,0,-999,-999
66048004,20140311000000,42.453333,3.136667,20,5,-999,-999,-999,-999,-999,-999,-999,-999,0,-999,-999
66048004,20140312000000,42.453333,3.136667,20,5,-999,-999,-999,-999,-999,-999,-999,-999,0,-999,-999
66048004,20140313000000,42.453333,3.136667,20,5,-999,-999,-999,-999,-999,-999,-999,-999,0,-999,-999
66048004,20140314000000,42.453333,3.136667,20,5,-999,-999,-999,-999,-999,-999,-999,-999,0,-999,-999
66048004,20140315000000,42.453333,3.136667,20,5,-999,-999,-999,-999,-999,-999,-999,-999,0,-999,-999
66048004,20140316000000,42.453333,3.136667,20,5,-999,-999,-999,-999,-999,-999,-999,-999,0,-999,-999
66048004,20140317000000,42.453333,3.136667,20,5,-999,-999,-999,-999,-999,-999,-999,-999,0,-999,-999
66048004,20140318000000,42.453333,3.136667,20,5,-999,-999,-999,-999,-999,-999,-999,-999,0,-999,-999
66048004,20140319000000,42.453333,3.136667,20,5,-999,-999,-999,-999,-999,-999,-999,-999,0,-999,-999
66048004,20140320000000,42.453333,3.136667,20,5,-999,-999,-999,-999,-999,-999,-999,-999,0,-999,-999
66048004,20140321000000,42.453333,3.136667,20,5,-999,-999,-999,-999,-999,-999,-999,-999,0,-999,-999
66048004,20140322000000,42.453333,3.136667,20,5,-999,-999,-999,-999,-999,-999,-999,-999,3,-999,-999
66048004,20140323000000,42.453333,3.136667,20,5,-999,-999,-999,-999,-999,-999,-999,-999,0,-999,-999
66048004,20140324000000,42.453333,3.136667,20,5,-999,-999,-999,-999,-999,-999,-999,-999,0,-999,-999
66048004,20140325000000,42.453333,3.136667,20,5,-999,-999,-999,-999,-999,-999,-999,-999,2,-999,-999
66048004,20140326000000,42.453333,3.136667,20,5,-999,-999,-999,-999,-999,-999,-999,-999,2.5,-999,-999
66048004,20140327000000,42.453333,3.136667,20,5,-999,-999,-999,-999,-999,-999,-999,-999,0,-999,-999
66048004,20140328000000,42.453333,3.136667,20,5,-999,-999,-999,-999,-999,-999,-999,-999,0,-999,-999
66048004,20140329000000,42.453333,3.136667,20,5,-999,-999,-999,-999,-999,-999,-999,-999,0,-999,-999
66048004,20140330000000,42.453333,3.136667,20,5,-999,-999,-999,-999,-999,-999,-999,-999,4,-999,-999
66048004,20140331000000,42.453333,3.136667,20,5,-999,-999,-999,-999,-999,-999,-999,-999,0.5,-999,-999
66048004,20140401000000,42.453333,3.136667,20,5,-999,-999,-999,-999,-999,-999,-999,-999,0,-999,-999
66048004,20140402000000,42.453333,3.136667,20,5,-999,-999,-999,-999,-999,-999,-999,-999,0.5,-999,-999
66048004,20140403000000,42.453333,3.136667,20,5,-999,-999,-999,-999,-999,-999,-999,-999,43,-999,-999
66048004,20140404000000,42.453333,3.136667,20,5,-999,-999,-999,-999,-999,-999,-999,-999,0,-999,-999
66048004,20140405000000,42.453333,3.136667,20,5,-999,-999,-999,-999,-999,-999,-999,-999,0,-999,-999
66048004,20140406000000,42.453333,3.136667,20,5,-999,-999,-999,-999,-999,-999,-999,-999,0,-999,-999
66048004,20140407000000,42.453333,3.136667,20,5,-999,-999,-999,-999,-999,-999,-999,-999,0,-999,-999
66048004,20140408000000,42.453333,3.136667,20,5,-999,-999,-999,-999,-999,-999,-999,-999,0,-999,-999
66048004,20140409000000,42.453333,3.136667,20,5,-999,-999,-999,-999,-999,-999,-999,-999,0,-999,-999
66048004,20140410000000,42.453333,3.136667,20,5,-999,-999,-999,-999,-999,-999,-999,-999,0,-999,-999
66048004,20140411000000,42.453333,3.136667,20,5,-999,-999,-999,-999,-999,-999,-999,-999,0.5,-999,-999
66048004,20140412000000,42.453333,3.136667,20,5,-999,-999,-999,-999,-999,-999,-999,-999,0,-999,-999
66048004,20140413000000,42.453333,3.136667,20,5,-999,-999,-999,-999,-999,-999,-999,-999,0,-999,-999
66048004,20140414000000,42.453333,3.136667,20,5,-999,-999,-999,-999,-999,-999,-999,-999,0,-999,-999
66048004,20140415000000,42.453333,3.136667,20,5,-999,-999,-999,-999,-999,-999,-999,-999,0,-999,-999
66048004,20140417000000,42.453333,3.136667,20,5,-999,-999,-999,-999,-999,-999,-999,-999,0,-999,-999
66048004,20140418000000,42.453333,3.136667,20,5,-999,-999,-999,-999,-999,-999,-999,-999,0,-999,-999
66048004,20140419000000,42.453333,3.136667,20,5,-999,-999,-999,-999,-999,-999,-999,-999,1,-999,-999
66048004,20140420000000,42.453333,3.136667,20,5,-999,-999,-999,-999,-999,-999,-999,-999,4.5,-999,-999
66048004,20140421000000,42.453333,3.136667,20,5,-999,-999,-999,-999,-999,-999,-999,-999,2.5,-999,-999
66048004,20140422000000,42.453333,3.136667,20,5,-999,-999,-999,-999,-999,-999,-999,-999,1.5,-999,-999
66048004,20140423000000,42.453333,3.136667,20,5,-999,-999,-999,-999,-999,-999,-999,-999,0,-999,-999
66048004,20140424000000,42.453333,3.136667,20,5,-999,-999,-999,-999,-999,-999,-999,-999,0,-999,-999
66048004,20140425000000,42.453333,3.136667,20,5,-999,-999,-999,-999,-999,-999,-999,-999,0,-999,-999
66048004,20140426000000,42.453333,3.136667,20,5,-999,-999,-999,-999,-999,-999,-999,-999,4.5,-999,-999
66048004,20140427000000,42.453333,3.136667,20,5,-999,-999,-999,-999,-999,-999,-999,-999,0,-999,-999
66048004,20140429000000,42.453333,3.136667,20,5,-999,-999,-999,-999,-999,-999,-999,-999,3,-999,-999
66048004,20140430000000,42.453333,3.136667,20,5,-999,-999,-999,-999,-999,-999,-999,-999,0,-999,-999
66048004,20140501000000,42.453333,3.136667,20,5,-999,-999,-999,-999,-999,-999,-999,-999,0,-999,-999
66048004,20140502000000,42.453333,3.136667,20,5,-999,-999,-999,-999,-999,-999,-999,-999,0,-999,-999
66048004,20140503000000,42.453333,3.136667,20,5,-999,-999,-999,-999,-999,-999,-999,-999,0,-999,-999
66048004,20140504000000,42.453333,3.136667,20,5,-999,-999,-999,-999,-999,-999,-999,-999,0,-999,-999
66048004,20140505000000,42.453333,3.136667,20,5,-999,-999,-999,-999,-999,-999,-999,-999,0,-999,-999
66048004,20140506000000,42.453333,3.136667,20,5,-999,-999,-999,-999,-999,-999,-999,-999,2,-999,-999
66048004,20140507000000,42.453333,3.136667,20,5,-999,-999,-999,-999,-999,-999,-999,-999,0,-999,-999
66048004,20140508000000,42.453333,3.136667,20,5,-999,-999,-999,-999,-999,-999,-999,-999,0,-999,-999
66048004,20140509000000,42.453333,3.136667,20,5,-999,-999,-999,-999,-999,-999,-999,-999,0,-999,-999
66048004,20140510000000,42.453333,3.136667,20,5,-999,-999,-999,-999,-999,-999,-999,-999,3,-999,-999
66048004,20140512000000,42.453333,3.136667,20,5,-999,-999,-999,-999,-999,-999,-999,-999,4.5,-999,-999
66048004,20140513000000,42.453333,3.136667,20,5,-999,-999,-999,-999,-999,-999,-999,-999,0,-999,-999
66048004,20140514000000,42.453333,3.136667,20,5,-999,-999,-999,-999,-999,-999,-999,-999,0,-999,-999
66048004,20140515000000,42.453333,3.136667,20,5,-999,-999,-999,-999,-999,-999,-999,-999,0,-999,-999
66048004,20140517000000,42.453333,3.136667,20,5,-999,-999,-999,-999,-999,-999,-999,-999,0,-999,-999
66048004,20140518000000,42.453333,3.136667,20,5,-999,-999,-999,-999,-999,-999,-999,-999,0,-999,-999
66048004,20140519000000,42.453333,3.136667,20,5,-999,-999,-999,-999,-999,-999,-999,-999,0,-999,-999
66048004,20140520000000,42.453333,3.136667,20,5,-999,-999,-999,-999,-999,-999,-999,-999,3,-999,-999
66048004,20140521000000,42.453333,3.136667,20,5,-999,-999,-999,-999,-999,-999,-999,-999,1,-999,-999
66048004,20140522000000,42.453333,3.136667,20,5,-999,-999,-999,-999,-999,-999,-999,-999,0,-999,-999
66048004,20140525000000,42.453333,3.136667,20,5,-999,-999,-999,-999,-999,-999,-999,-999,3,-999,-999
66048004,20140527000000,42.453333,3.136667,20,5,-999,-999,-999,-999,-999,-999,-999,-999,0,-999,-999
66048004,20140529000000,42.453333,3.136667,20,5,-999,-999,-999,-999,-999,-999,-999,-999,0,-999,-999
66048004,20140531000000,42.453333,3.136667,20,5,-999,-999,-999,-999,-999,-999,-999,-999,0,-999,-999
66048004,20140602000000,42.453333,3.136667,20,5,-999,-999,-999,-999,-999,-999,-999,-999,0,-999,-999
66048004,20140603000000,42.453333,3.136667,20,5,-999,-999,-999,-999,-999,-999,-999,-999,0,-999,-999
66048004,20140604000000,42.453333,3.136667,20,5,-999,-999,-999,-999,-999,-999,-999,-999,0,-999,-999
66048004,20140605000000,42.453333,3.136667,20,5,-999,-999,-999,-999,-999,-999,-999,-999,0,-999,-999
66048004,20140606000000,42.453333,3.136667,20,5,-999,-999,-999,-999,-999,-999,-999,-999,0,-999,-999
66048004,20140607000000,42.453333,3.136667,20,5,-999,-999,-999,-999,-999,-999,-999,-999,0,-999,-999
66048004,20140608000000,42.453333,3.136667,20,5,-999,-999,-999,-999,-999,-999,-999,-999,0,-999,-999
66048004,20140609000000,42.453333,3.136667,20,5,-999,-999,-999,-999,-999,-999,-999,-999,0,-999,-999
66048004,20140610000000,42.453333,3.136667,20,5,-999,-999,-999,-999,-999,-999,-999,-999,0,-999,-999
66048004,20140611000000,42.453333,3.136667,20,5,-999,-999,-999,-999,-999,-999,-999,-999,0,-999,-999
66048004,20140612000000,42.453333,3.136667,20,5,-999,-999,-999,-999,-999,-999,-999,-999,0,-999,-999
66048004,20140616000000,42.453333,3.136667,20,5,-999,-999,-999,-999,-999,-999,-999,-999,0,-999,-999
66048004,20140617000000,42.453333,3.136667,20,5,-999,-999,-999,-999,-999,-999,-999,-999,0.5,-999,-999
66048004,20140618000000,42.453333,3.136667,20,5,-999,-999,-999,-999,-999,-999,-999,-999,0,-999,-999
66048004,20140619000000,42.453333,3.136667,20,5,-999,-999,-999,-999,-999,-999,-999,-999,0,-999,-999
66048004,20140620000000,42.453333,3.136667,20,5,-999,-999,-999,-999,-999,-999,-999,-999,0,-999,-999
66048004,20140621000000,42.453333,3.136667,20,5,-999,-999,-999,-999,-999,-999,-999,-999,0,-999,-999
66048004,20140622000000,42.453333,3.136667,20,5,-999,-999,-999,-999,-999,-999,-999,-999,0,-999,-999
66048004,20140623000000,42.453333,3.136667,20,5,-999,-999,-999,-999,-999,-999,-999,-999,0,-999,-999
66048004,20140624000000,42.453333,3.136667,20,5,-999,-999,-999,-999,-999,-999,-999,-999,22.5,-999,-999
66048004,20140625000000,42.453333,3.136667,20,5,-999,-999,-999,-999,-999,-999,-999,-999,1,-999,-999
66048004,20140626000000,42.453333,3.136667,20,5,-999,-999,-999,-999,-999,-999,-999,-999,0,-999,-999
66048004,20140627000000,42.453333,3.136667,20,5,-999,-999,-999,-999,-999,-999,-999,-999,0,-999,-999
66048004,20140628000000,42.453333,3.136667,20,5,-999,-999,-999,-999,-999,-999,-999,-999,0,-999,-999
66048004,20140629000000,42.453333,3.136667,20,5,-999,-999,-999,-999,-999,-999,-999,-999,5.5,-999,-999
66048004,20140630000000,42.453333,3.136667,20,5,-999,-999,-999,-999,-999,-999,-999,-999,0,-999,-999
66048004,20140701000000,42.453333,3.136667,20,5,-999,-999,-999,-999,-999,-999,-999,-999,0,-999,-999
66048004,20140702000000,42.453333,3.136667,20,5,-999,-999,-999,-999,-999,-999,-999,-999,0,-999,-999
66048004,20140703000000,42.453333,3.136667,20,5,-999,-999,-999,-999,-999,-999,-999,-999,2.5,-999,-999
66048004,20140704000000,42.453333,3.136667,20,5,-999,-999,-999,-999,-999,-999,-999,-999,0.5,-999,-999
66048004,20140707000000,42.453333,3.136667,20,5,-999,-999,-999,-999,-999,-999,-999,-999,14,-999,-999
66048004,20140709000000,42.453333,3.136667,20,5,-999,-999,-999,-999,-999,-999,-999,-999,0,-999,-999
66048004,20140710000000,42.453333,3.136667,20,5,-999,-999,-999,-999,-999,-999,-999,-999,0,-999,-999
66048004,20140711000000,42.453333,3.136667,20,5,-999,-999,-999,-999,-999,-999,-999,-999,0,-999,-999
66048004,20140712000000,42.453333,3.136667,20,5,-999,-999,-999,-999,-999,-999,-999,-999,0,-999,-999
66048004,20140713000000,42.453333,3.136667,20,5,-999,-999,-999,-999,-999,-999,-999,-999,0.5,-999,-999
66048004,20140714000000,42.453333,3.136667,20,5,-999,-999,-999,-999,-999,-999,-999,-999,0,-999,-999
66048004,20140715000000,42.453333,3.136667,20,5,-999,-999,-999,-999,-999,-999,-999,-999,0,-999,-999
66048004,20140716000000,42.453333,3.136667,20,5,-999,-999,-999,-999,-999,-999,-999,-999,0,-999,-999
66048004,20140717000000,42.453333,3.136667,20,5,-999,-999,-999,-999,-999,-999,-999,-999,0,-999,-999
66048004,20140718000000,42.453333,3.136667,20,5,-999,-999,-999,-999,-999,-999,-999,-999,0,-999,-999
66048004,20140719000000,42.453333,3.136667,20,5,-999,-999,-999,-999,-999,-999,-999,-999,0,-999,-999
66048004,20140720000000,42.453333,3.136667,20,5,-999,-999,-999,-999,-999,-999,-999,-999,3,-999,-999
66048004,20140721000000,42.453333,3.136667,20,5,-999,-999,-999,-999,-999,-999,-999,-999,0,-999,-999
66048004,20140722000000,42.453333,3.136667,20,5,-999,-999,-999,-999,-999,-999,-999,-999,0,-999,-999
66048004,20140723000000,42.453333,3.136667,20,5,-999,-999,-999,-999,-999,-999,-999,-999,0,-999,-999
66048004,20140725000000,42.453333,3.136667,20,5,-999,-999,-999,-999,-999,-999,-999,-999,2,-999,-999
66048004,20140726000000,42.453333,3.136667,20,5,-999,-999,-999,-999,-999,-999,-999,-999,0,-999,-999
66048004,20140727000000,42.453333,3.136667,20,5,-999,-999,-999,-999,-999,-999,-999,-999,0,-999,-999
66048004,20140728000000,42.453333,3.136667,20,5,-999,-999,-999,-999,-999,-999,-999,-999,7,-999,-999
66048004,20140730000000,42.453333,3.136667,20,5,-999,-999,-999,-999,-999,-999,-999,-999,0,-999,-999
66048004,20140731000000,42.453333,3.136667,20,5,-999,-999,-999,-999,-999,-999,-999,-999,0,-999,-999
66048004,20140801000000,42.453333,3.136667,20,5,-999,-999,-999,-999,-999,-999,-999,-999,4,-999,-999
66048004,20140802000000,42.453333,3.136667,20,5,-999,-999,-999,-999,-999,-999,-999,-999,20,-999,-999
66048004,20140803000000,42.453333,3.136667,20,5,-999,-999,-999,-999,-999,-999,-999,-999,0,-999,-999
66048004,20140804000000,42.453333,3.136667,20,5,-999,-999,-999,-999,-999,-999,-999,-999,1,-999,-999
66048004,20140805000000,42.453333,3.136667,20,5,-999,-999,-999,-999,-999,-999,-999,-999,0,-999,-999
66048004,20140806000000,42.453333,3.136667,20,5,-999,-999,-999,-999,-999,-999,-999,-999,0,-999,-999
66048004,20140807000000,42.453333,3.136667,20,5,-999,-999,-999,-999,-999,-999,-999,-999,0,-999,-999
66048004,20140808000000,42.453333,3.136667,20,5,-999,-999,-999,-999,-999,-999,-999,-999,0,-999,-999
66048004,20140809000000,42.453333,3.136667,20,5,-999,-999,-999,-999,-999,-999,-999,-999,0,-999,-999
66048004,20140810000000,42.453333,3.136667,20,5,-999,-999,-999,-999,-999,-999,-999,-999,0,-999,-999
66048004,20140811000000,42.453333,3.136667,20,5,-999,-999,-999,-999,-999,-999,-999,-999,0,-999,-999
66048004,20140812000000,42.453333,3.136667,20,5,-999,-999,-999,-999,-999,-999,-999,-999,9.5,-999,-999
66048004,20140813000000,42.453333,3.136667,20,5,-999,-999,-999,-999,-999,-999,-999,-999,0.5,-999,-999
66048004,20140814000000,42.453333,3.136667,20,5,-999,-999,-999,-999,-999,-999,-999,-999,0,-999,-999
66048004,20140815000000,42.453333,3.136667,20,5,-999,-999,-999,-999,-999,-999,-999,-999,0,-999,-999
66048004,20140816000000,42.453333,3.136667,20,5,-999,-999,-999,-999,-999,-999,-999,-999,0,-999,-999
66048004,20140817000000,42.453333,3.136667,20,5,-999,-999,-999,-999,-999,-999,-999,-999,0,-999,-999
66048004,20140818000000,42.453333,3.136667,20,5,-999,-999,-999,-999,-999,-999,-999,-999,0,-999,-999
66048004,20140819000000,42.453333,3.136667,20,5,-999,-999,-999,-999,-999,-999,-999,-999,0,-999,-999
66048004,20140820000000,42.453333,3.136667,20,5,-999,-999,-999,-999,-999,-999,-999,-999,2,-999,-999
66048004,20140821000000,42.453333,3.136667,20,5,-999,-999,-999,-999,-999,-999,-999,-999,0,-999,-999
66048004,20140822000000,42.453333,3.136667,20,5,-999,-999,-999,-999,-999,-999,-999,-999,23,-999,-999
66048004,20140823000000,42.453333,3.136667,20,5,-999,-999,-999,-999,-999,-999,-999,-999,0,-999,-999
66048004,20140824000000,42.453333,3.136667,20,5,-999,-999,-999,-999,-999,-999,-999,-999,0,-999,-999
66048004,20140825000000,42.453333,3.136667,20,5,-999,-999,-999,-999,-999,-999,-999,-999,0,-999,-999
66048004,20140826000000,42.453333,3.136667,20,5,-999,-999,-999,-999,-999,-999,-999,-999,0,-999,-999
66048004,20140827000000,42.453333,3.136667,20,5,-999,-999,-999,-999,-999,-999,-999,-999,0,-999,-999
66048004,20140828000000,42.453333,3.136667,20,5,-999,-999,-999,-999,-999,-999,-999,-999,0,-999,-999
66048004,20140829000000,42.453333,3.136667,20,5,-999,-999,-999,-999,-999,-999,-999,-999,0,-999,-999
66048004,20140830000000,42.453333,3.136667,20,5,-999,-999,-999,-999,-999,-999,-999,-999,0,-999,-999
66048004,20140831000000,42.453333,3.136667,20,5,-999,-999,-999,-999,-999,-999,-999,-999,0,-999,-999
66048004,20140901000000,42.453333,3.136667,20,5,-999,-999,-999,-999,-999,-999,-999,-999,0,-999,-999
66048004,20140902000000,42.453333,3.136667,20,5,-999,-999,-999,-999,-999,-999,-999,-999,0,-999,-999
66048004,20140903000000,42.453333,3.136667,20,5,-999,-999,-999,-999,-999,-999,-999,-999,0.5,-999,-999
66048004,20140904000000,42.453333,3.136667,20,5,-999,-999,-999,-999,-999,-999,-999,-999,0,-999,-999
66048004,20140905000000,42.453333,3.136667,20,5,-999,-999,-999,-999,-999,-999,-999,-999,0,-999,-999
66048004,20140906000000,42.453333,3.136667,20,5,-999,-999,-999,-999,-999,-999,-999,-999,0,-999,-999
66048004,20140907000000,42.453333,3.136667,20,5,-999,-999,-999,-999,-999,-999,-999,-999,0,-999,-999
66048004,20140908000000,42.453333,3.136667,20,5,-999,-999,-999,-999,-999,-999,-999,-999,8.5,-999,-999
66048004,20140909000000,42.453333,3.136667,20,5,-999,-999,-999,-999,-999,-999,-999,-999,0,-999,-999
66048004,20140910000000,42.453333,3.136667,20,5,-999,-999,-999,-999,-999,-999,-999,-999,0,-999,-999
66048004,20140911000000,42.453333,3.136667,20,5,-999,-999,-999,-999,-999,-999,-999,-999,0,-999,-999
66048004,20140913000000,42.453333,3.136667,20,5,-999,-999,-999,-999,-999,-999,-999,-999,0,-999,-999
66048004,20140914000000,42.453333,3.136667,20,5,-999,-999,-999,-999,-999,-999,-999,-999,0,-999,-999
66048004,20140915000000,42.453333,3.136667,20,5,-999,-999,-999,-999,-999,-999,-999,-999,0,-999,-999
66048004,20140916000000,42.453333,3.136667,20,5,-999,-999,-999,-999,-999,-999,-999,-999,5.5,-999,-999
66048004,20140917000000,42.453333,3.136667,20,5,-999,-999,-999,-999,-999,-999,-999,-999,0,-999,-999
66048004,20140918000000,42.453333,3.136667,20,5,-999,-999,-999,-999,-999,-999,-999,-999,0,-999,-999
66048004,20140919000000,42.453333,3.136667,20,5,-999,-999,-999,-999,-999,-999,-999,-999,0,-999,-999
66048004,20140920000000,42.453333,3.136667,20,5,-999,-999,-999,-999,-999,-999,-999,-999,0,-999,-999
66048004,20140921000000,42.453333,3.136667,20,5,-999,-999,-999,-999,-999,-999,-999,-999,0,-999,-999
66048004,20140923000000,42.453333,3.136667,20,5,-999,-999,-999,-999,-999,-999,-999,-999,0,-999,-999
66048004,20140924000000,42.453333,3.136667,20,5,-999,-999,-999,-999,-999,-999,-999,-999,0.5,-999,-999
66048004,20140925000000,42.453333,3.136667,20,5,-999,-999,-999,-999,-999,-999,-999,-999,0,-999,-999
66048004,20140926000000,42.453333,3.136667,20,5,-999,-999,-999,-999,-999,-999,-999,-999,0,-999,-999
66048004,20140928000000,42.453333,3.136667,20,5,-999,-999,-999,-999,-999,-999,-999,-999,77,-999,-999
66048004,20140929000000,42.453333,3.136667,20,5,-999,-999,-999,-999,-999,-999,-999,-999,32.5,-999,-999
66048004,20140930000000,42.453333,3.136667,20,5,-999,-999,-999,-999,-999,-999,-999,-999,0.5,-999,-999
66048004,20141001000000,42.453333,3.136667,20,5,-999,-999,-999,-999,-999,-999,-999,-999,0,-999,-999
66048004,20141002000000,42.453333,3.136667,20,5,-999,-999,-999,-999,-999,-999,-999,-999,1.5,-999,-999
66048004,20141004000000,42.453333,3.136667,20,5,-999,-999,-999,-999,-999,-999,-999,-999,4.5,-999,-999
66048004,20141005000000,42.453333,3.136667,20,5,-999,-999,-999,-999,-999,-999,-999,-999,0.5,-999,-999
66048004,20141006000000,42.453333,3.136667,20,5,-999,-999,-999,-999,-999,-999,-999,-999,0,-999,-999
66048004,20141007000000,42.453333,3.136667,20,5,-999,-999,-999,-999,-999,-999,-999,-999,0,-999,-999
66048004,20141008000000,42.453333,3.136667,20,5,-999,-999,-999,-999,-999,-999,-999,-999,0,-999,-999
66048004,20141009000000,42.453333,3.136667,20,5,-999,-999,-999,-999,-999,-999,-999,-999,0,-999,-999
66048004,20141010000000,42.453333,3.136667,20,5,-999,-999,-999,-999,-999,-999,-999,-999,0,-999,-999
66048004,20141011000000,42.453333,3.136667,20,5,-999,-999,-999,-999,-999,-999,-999,-999,0.5,-999,-999
66048004,20141012000000,42.453333,3.136667,20,5,-999,-999,-999,-999,-999,-999,-999,-999,0,-999,-999
66048004,20141013000000,42.453333,3.136667,20,5,-999,-999,-999,-999,-999,-999,-999,-999,0,-999,-999
66048004,20141014000000,42.453333,3.136667,20,5,-999,-999,-999,-999,-999,-999,-999,-999,0,-999,-999
66048004,20141015000000,42.453333,3.136667,20,5,-999,-999,-999,-999,-999,-999,-999,-999,0,-999,-999
66048004,20141016000000,42.453333,3.136667,20,5,-999,-999,-999,-999,-999,-999,-999,-999,0,-999,-999
66048004,20141017000000,42.453333,3.136667,20,5,-999,-999,-999,-999,-999,-999,-999,-999,0,-999,-999
66048004,20141018000000,42.453333,3.136667,20,5,-999,-999,-999,-999,-999,-999,-999,-999,0.5,-999,-999
66048004,20141019000000,42.453333,3.136667,20,5,-999,-999,-999,-999,-999,-999,-999,-999,0,-999,-999
66048004,20141020000000,42.453333,3.136667,20,5,-999,-999,-999,-999,-999,-999,-999,-999,0,-999,-999
66048004,20141021000000,42.453333,3.136667,20,5,-999,-999,-999,-999,-999,-999,-999,-999,0,-999,-999
66048004,20141022000000,42.453333,3.136667,20,5,-999,-999,-999,-999,-999,-999,-999,-999,0,-999,-999
66048004,20141023000000,42.453333,3.136667,20,5,-999,-999,-999,-999,-999,-999,-999,-999,0,-999,-999
66048004,20141024000000,42.453333,3.136667,20,5,-999,-999,-999,-999,-999,-999,-999,-999,0,-999,-999
66048004,20141025000000,42.453333,3.136667,20,5,-999,-999,-999,-999,-999,-999,-999,-999,0,-999,-999
66048004,20141026000000,42.453333,3.136667,20,5,-999,-999,-999,-999,-999,-999,-999,-999,0,-999,-999
66048004,20141027000000,42.453333,3.136667,20,5,-999,-999,-999,-999,-999,-999,-999,-999,0,-999,-999
66048004,20141028000000,42.453333,3.136667,20,5,-999,-999,-999,-999,-999,-999,-999,-999,0,-999,-999
66048004,20141029000000,42.453333,3.136667,20,5,-999,-999,-999,-999,-999,-999,-999,-999,0,-999,-999
66048004,20141030000000,42.453333,3.136667,20,5,-999,-999,-999,-999,-999,-999,-999,-999,0,-999,-999
66048004,20141031000000,42.453333,3.136667,20,5,-999,-999,-999,-999,-999,-999,-999,-999,0,-999,-999
66048004,20141101000000,42.453333,3.136667,20,5,-999,-999,-999,-999,-999,-999,-999,-999,0,-999,-999
66048004,20141102000000,42.453333,3.136667,20,5,-999,-999,-999,-999,-999,-999,-999,-999,0,-999,-999
66048004,20141103000000,42.453333,3.136667,20,5,-999,-999,-999,-999,-999,-999,-999,-999,3.5,-999,-999
66048004,20141104000000,42.453333,3.136667,20,5,-999,-999,-999,-999,-999,-999,-999,-999,0.5,-999,-999
66048004,20141106000000,42.453333,3.136667,20,5,-999,-999,-999,-999,-999,-999,-999,-999,0,-999,-999
66048004,20141107000000,42.453333,3.136667,20,5,-999,-999,-999,-999,-999,-999,-999,-999,0,-999,-999
66048004,20141108000000,42.453333,3.136667,20,5,-999,-999,-999,-999,-999,-999,-999,-999,0,-999,-999
66048004,20141109000000,42.453333,3.136667,20,5,-999,-999,-999,-999,-999,-999,-999,-999,0,-999,-999
66048004,20141110000000,42.453333,3.136667,20,5,-999,-999,-999,-999,-999,-999,-999,-999,0,-999,-999
66048004,20141111000000,42.453333,3.136667,20,5,-999,-999,-999,-999,-999,-999,-999,-999,0,-999,-999
66048004,20141112000000,42.453333,3.136667,20,5,-999,-999,-999,-999,-999,-999,-999,-999,0,-999,-999
66048004,20141113000000,42.453333,3.136667,20,5,-999,-999,-999,-999,-999,-999,-999,-999,0,-999,-999
66048004,20141114000000,42.453333,3.136667,20,5,-999,-999,-999,-999,-999,-999,-999,-999,0,-999,-999
66048004,20141115000000,42.453333,3.136667,20,5,-999,-999,-999,-999,-999,-999,-999,-999,0,-999,-999
66048004,20141116000000,42.453333,3.136667,20,5,-999,-999,-999,-999,-999,-999,-999,-999,0,-999,-999
66048004,20141117000000,42.453333,3.136667,20,5,-999,-999,-999,-999,-999,-999,-999,-999,0,-999,-999
66048004,20141118000000,42.453333,3.136667,20,5,-999,-999,-999,-999,-999,-999,-999,-999,0,-999,-999
66048004,20141119000000,42.453333,3.136667,20,5,-999,-999,-999,-999,-999,-999,-999,-999,0,-999,-999
66048004,20141120000000,42.453333,3.136667,20,5,-999,-999,-999,-999,-999,-999,-999,-999,0,-999,-999
66048004,20141121000000,42.453333,3.136667,20,5,-999,-999,-999,-999,-999,-999,-999,-999,0,-999,-999
66048004,20141122000000,42.453333,3.136667,20,5,-999,-999,-999,-999,-999,-999,-999,-999,0,-999,-999
66048004,20141123000000,42.453333,3.136667,20,5,-999,-999,-999,-999,-999,-999,-999,-999,3.5,-999,-999
66048004,20141124000000,42.453333,3.136667,20,5,-999,-999,-999,-999,-999,-999,-999,-999,2,-999,-999
66048004,20141125000000,42.453333,3.136667,20,5,-999,-999,-999,-999,-999,-999,-999,-999,5.5,-999,-999
66048004,20141126000000,42.453333,3.136667,20,5,-999,-999,-999,-999,-999,-999,-999,-999,8.5,-999,-999
66048004,20141127000000,42.453333,3.136667,20,5,-999,-999,-999,-999,-999,-999,-999,-999,1.5,-999,-999
66048004,20141129000000,42.453333,3.136667,20,5,-999,-999,-999,-999,-999,-999,-999,-999,116,-999,-999
66048004,20141130000000,42.453333,3.136667,20,5,-999,-999,-999,-999,-999,-999,-999,-999,38.5,-999,-999
66048004,20141201000000,42.453333,3.136667,20,5,-999,-999,-999,-999,-999,-999,-999,-999,3.5,-999,-999
66048004,20141202000000,42.453333,3.136667,20,5,-999,-999,-999,-999,-999,-999,-999,-999,0,-999,-999
66048004,20141203000000,42.453333,3.136667,20,5,-999,-999,-999,-999,-999,-999,-999,-999,0,-999,-999
66048004,20141204000000,42.453333,3.136667,20,5,-999,-999,-999,-999,-999,-999,-999,-999,12,-999,-999
66048004,20141205000000,42.453333,3.136667,20,5,-999,-999,-999,-999,-999,-999,-999,-999,0,-999,-999
66048004,20141206000000,42.453333,3.136667,20,5,-999,-999,-999,-999,-999,-999,-999,-999,1,-999,-999
66048004,20141207000000,42.453333,3.136667,20,5,-999,-999,-999,-999,-999,-999,-999,-999,0,-999,-999
66048004,20141208000000,42.453333,3.136667,20,5,-999,-999,-999,-999,-999,-999,-999,-999,0,-999,-999
66048004,20141209000000,42.453333,3.136667,20,5,-999,-999,-999,-999,-999,-999,-999,-999,0,-999,-999
66048004,20141210000000,42.453333,3.136667,20,5,-999,-999,-999,-999,-999,-999,-999,-999,0,-999,-999
66048004,20141211000000,42.453333,3.136667,20,5,-999,-999,-999,-999,-999,-999,-999,-999,0,-999,-999
66048004,20141212000000,42.453333,3.136667,20,5,-999,-999,-999,-999,-999,-999,-999,-999,0,-999,-999
66048004,20141213000000,42.453333,3.136667,20,5,-999,-999,-999,-999,-999,-999,-999,-999,0,-999,-999
66048004,20141214000000,42.453333,3.136667,20,5,-999,-999,-999,-999,-999,-999,-999,-999,10,-999,-999
66048004,20141215000000,42.453333,3.136667,20,5,-999,-999,-999,-999,-999,-999,-999,-999,11.5,-999,-999
66048004,20141216000000,42.453333,3.136667,20,5,-999,-999,-999,-999,-999,-999,-999,-999,0,-999,-999
66048004,20141217000000,42.453333,3.136667,20,5,-999,-999,-999,-999,-999,-999,-999,-999,3.5,-999,-999
66048004,20141218000000,42.453333,3.136667,20,5,-999,-999,-999,-999,-999,-999,-999,-999,0,-999,-999
66048004,20141219000000,42.453333,3.136667,20,5,-999,-999,-999,-999,-999,-999,-999,-999,0,-999,-999
66048004,20141220000000,42.453333,3.136667,20,5,-999,-999,-999,-999,-999,-999,-999,-999,0,-999,-999
66048004,20141221000000,42.453333,3.136667,20,5,-999,-999,-999,-999,-999,-999,-999,-999,0,-999,-999
66048004,20141222000000,42.453333,3.136667,20,5,-999,-999,-999,-999,-999,-999,-999,-999,0,-999,-999
66048004,20141223000000,42.453333,3.136667,20,5,-999,-999,-999,-999,-999,-999,-999,-999,0,-999,-999
66048004,20141224000000,42.453333,3.136667,20,5,-999,-999,-999,-999,-999,-999,-999,-999,0,-999,-999
66048004,20141225000000,42.453333,3.136667,20,5,-999,-999,-999,-999,-999,-999,-999,-999,0,-999,-999
66048004,20141226000000,42.453333,3.136667,20,5,-999,-999,-999,-999,-999,-999,-999,-999,0,-999,-999
66048004,20141227000000,42.453333,3.136667,20,5,-999,-999,-999,-999,-999,-999,-999,-999,5.5,-999,-999
66048004,20141228000000,42.453333,3.136667,20,5,-999,-999,-999,-999,-999,-999,-999,-999,2,-999,-999
66048004,20141230000000,42.453333,3.136667,20,5,-999,-999,-999,-999,-999,-999,-999,-999,0,-999,-999
66048004,20141231000000,42.453333,3.136667,20,5,-999,-999,-999,-999,-999,-999,-999,-999,0,-999,-999
66048004,20150101000000,42.453333,3.136667,20,5,-999,-999,-999,-999,-999,-999,-999,-999,0,-999,-999
66048004,20150102000000,42.453333,3.136667,20,5,-999,-999,-999,-999,-999,-999,-999,-999,0,-999,-999
66048004,20150103000000,42.453333,3.136667,20,5,-999,-999,-999,-999,-999,-999,-999,-999,0,-999,-999
66048004,20150104000000,42.453333,3.136667,20,5,-999,-999,-999,-999,-999,-999,-999,-999,0,-999,-999
66048004,20150105000000,42.453333,3.136667,20,5,-999,-999,-999,-999,-999,-999,-999,-999,0,-999,-999
66048004,20150106000000,42.453333,3.136667,20,5,-999,-999,-999,-999,-999,-999,-999,-999,0,-999,-999
66048004,20150107000000,42.453333,3.136667,20,5,-999,-999,-999,-999,-999,-999,-999,-999,0,-999,-999
66048004,20150108000000,42.453333,3.136667,20,5,-999,-999,-999,-999,-999,-999,-999,-999,0,-999,-999
66048004,20150109000000,42.453333,3.136667,20,5,-999,-999,-999,-999,-999,-999,-999,-999,0,-999,-999
66048004,20150110000000,42.453333,3.136667,20,5,-999,-999,-999,-999,-999,-999,-999,-999,0,-999,-999
66048004,20150111000000,42.453333,3.136667,20,5,-999,-999,-999,-999,-999,-999,-999,-999,0,-999,-999
66048004,20150112000000,42.453333,3.136667,20,5,-999,-999,-999,-999,-999,-999,-999,-999,0,-999,-999
66048004,20150114000000,42.453333,3.136667,20,5,-999,-999,-999,-999,-999,-999,-999,-999,0,-999,-999
66048004,20150115000000,42.453333,3.136667,20,5,-999,-999,-999,-999,-999,-999,-999,-999,0,-999,-999
66048004,20150116000000,42.453333,3.136667,20,5,-999,-999,-999,-999,-999,-999,-999,-999,2,-999,-999
66048004,20150119000000,42.453333,3.136667,20,5,-999,-999,-999,-999,-999,-999,-999,-999,10,-999,-999
66048004,20150120000000,42.453333,3.136667,20,5,-999,-999,-999,-999,-999,-999,-999,-999,0,-999,-999
66048004,20150121000000,42.453333,3.136667,20,5,-999,-999,-999,-999,-999,-999,-999,-999,0,-999,-999
66048004,20150122000000,42.453333,3.136667,20,5,-999,-999,-999,-999,-999,-999,-999,-999,0,-999,-999
66048004,20150123000000,42.453333,3.136667,20,5,-999,-999,-999,-999,-999,-999,-999,-999,0,-999,-999
66048004,20150124000000,42.453333,3.136667,20,5,-999,-999,-999,-999,-999,-999,-999,-999,0,-999,-999
66048004,20150125000000,42.453333,3.136667,20,5,-999,-999,-999,-999,-999,-999,-999,-999,0,-999,-999
66048004,20150126000000,42.453333,3.136667,20,5,-999,-999,-999,-999,-999,-999,-999,-999,0.5,-999,-999
66048004,20150128000000,42.453333,3.136667,20,5,-999,-999,-999,-999,-999,-999,-999,-999,0,-999,-999
66048004,20150129000000,42.453333,3.136667,20,5,-999,-999,-999,-999,-999,-999,-999,-999,13,-999,-999
66048004,20150130000000,42.453333,3.136667,20,5,-999,-999,-999,-999,-999,-999,-999,-999,2,-999,-999
66048004,20150131000000,42.453333,3.136667,20,5,-999,-999,-999,-999,-999,-999,-999,-999,0,-999,-999
66048004,20150201000000,42.453333,3.136667,20,5,-999,-999,-999,-999,-999,-999,-999,-999,0,-999,-999
66048004,20150202000000,42.453333,3.136667,20,5,-999,-999,-999,-999,-999,-999,-999,-999,0,-999,-999
66048004,20150203000000,42.453333,3.136667,20,5,-999,-999,-999,-999,-999,-999,-999,-999,2,-999,-999
66048004,20150204000000,42.453333,3.136667,20,5,-999,-999,-999,-999,-999,-999,-999,-999,0,-999,-999
66048004,20150205000000,42.453333,3.136667,20,5,-999,-999,-999,-999,-999,-999,-999,-999,0,-999,-999
66048004,20150206000000,42.453333,3.136667,20,5,-999,-999,-999,-999,-999,-999,-999,-999,0,-999,-999
66048004,20150207000000,42.453333,3.136667,20,5,-999,-999,-999,-999,-999,-999,-999,-999,0,-999,-999
66048004,20150208000000,42.453333,3.136667,20,5,-999,-999,-999,-999,-999,-999,-999,-999,0,-999,-999
66048004,20150209000000,42.453333,3.136667,20,5,-999,-999,-999,-999,-999,-999,-999,-999,0,-999,-999
66048004,20150210000000,42.453333,3.136667,20,5,-999,-999,-999,-999,-999,-999,-999,-999,0,-999,-999
66048004,20150211000000,42.453333,3.136667,20,5,-999,-999,-999,-999,-999,-999,-999,-999,0,-999,-999
66048004,20150212000000,42.453333,3.136667,20,5,-999,-999,-999,-999,-999,-999,-999,-999,2,-999,-999
66048004,20150213000000,42.453333,3.136667,20,5,-999,-999,-999,-999,-999,-999,-999,-999,0,-999,-999
66048004,20150214000000,42.453333,3.136667,20,5,-999,-999,-999,-999,-999,-999,-999,-999,4.5,-999,-999
66048004,20150215000000,42.453333,3.136667,20,5,-999,-999,-999,-999,-999,-999,-999,-999,1,-999,-999
66048004,20150216000000,42.453333,3.136667,20,5,-999,-999,-999,-999,-999,-999,-999,-999,0,-999,-999
66048004,20150217000000,42.453333,3.136667,20,5,-999,-999,-999,-999,-999,-999,-999,-999,0,-999,-999
66048004,20150218000000,42.453333,3.136667,20,5,-999,-999,-999,-999,-999,-999,-999,-999,0,-999,-999
66048004,20150219000000,42.453333,3.136667,20,5,-999,-999,-999,-999,-999,-999,-999,-999,0,-999,-999
66048004,20150220000000,42.453333,3.136667,20,5,-999,-999,-999,-999,-999,-999,-999,-999,0,-999,-999
66048004,20150221000000,42.453333,3.136667,20,5,-999,-999,-999,-999,-999,-999,-999,-999,2,-999,-999
66048004,20150222000000,42.453333,3.136667,20,5,-999,-999,-999,-999,-999,-999,-999,-999,0,-999,-999
66048004,20150223000000,42.453333,3.136667,20,5,-999,-999,-999,-999,-999,-999,-999,-999,13,-999,-999
66048004,20150224000000,42.453333,3.136667,20,5,-999,-999,-999,-999,-999,-999,-999,-999,0,-999,-999
66048004,20150225000000,42.453333,3.136667,20,5,-999,-999,-999,-999,-999,-999,-999,-999,0.5,-999,-999
66048004,20150226000000,42.453333,3.136667,20,5,-999,-999,-999,-999,-999,-999,-999,-999,13.5,-999,-999
66048004,20150227000000,42.453333,3.136667,20,5,-999,-999,-999,-999,-999,-999,-999,-999,0,-999,-999
66048004,20150228000000,42.453333,3.136667,20,5,-999,-999,-999,-999,-999,-999,-999,-999,2.5,-999,-999
66048004,20150301000000,42.453333,3.136667,20,5,-999,-999,-999,-999,-999,-999,-999,-999,0,-999,-999
66048004,20150302000000,42.453333,3.136667,20,5,-999,-999,-999,-999,-999,-999,-999,-999,0,-999,-999
66048004,20150303000000,42.453333,3.136667,20,5,-999,-999,-999,-999,-999,-999,-999,-999,0,-999,-999
66048004,20150304000000,42.453333,3.136667,20,5,-999,-999,-999,-999,-999,-999,-999,-999,1,-999,-999
66048004,20150305000000,42.453333,3.136667,20,5,-999,-999,-999,-999,-999,-999,-999,-999,0,-999,-999
66048004,20150306000000,42.453333,3.136667,20,5,-999,-999,-999,-999,-999,-999,-999,-999,0,-999,-999
66048004,20150307000000,42.453333,3.136667,20,5,-999,-999,-999,-999,-999,-999,-999,-999,0,-999,-999
66048004,20150308000000,42.453333,3.136667,20,5,-999,-999,-999,-999,-999,-999,-999,-999,0,-999,-999
66048004,20150309000000,42.453333,3.136667,20,5,-999,-999,-999,-999,-999,-999,-999,-999,0,-999,-999
66048004,20150310000000,42.453333,3.136667,20,5,-999,-999,-999,-999,-999,-999,-999,-999,0,-999,-999
66048004,20150311000000,42.453333,3.136667,20,5,-999,-999,-999,-999,-999,-999,-999,-999,0,-999,-999
66048004,20150312000000,42.453333,3.136667,20,5,-999,-999,-999,-999,-999,-999,-999,-999,0,-999,-999
66048004,20150313000000,42.453333,3.136667,20,5,-999,-999,-999,-999,-999,-999,-999,-999,8.5,-999,-999
66048004,20150314000000,42.453333,3.136667,20,5,-999,-999,-999,-999,-999,-999,-999,-999,0.5,-999,-999
66048004,20150315000000,42.453333,3.136667,20,5,-999,-999,-999,-999,-999,-999,-999,-999,19.5,-999,-999
66048004,20150316000000,42.453333,3.136667,20,5,-999,-999,-999,-999,-999,-999,-999,-999,8.5,-999,-999
66048004,20150317000000,42.453333,3.136667,20,5,-999,-999,-999,-999,-999,-999,-999,-999,4,-999,-999
66048004,20150318000000,42.453333,3.136667,20,5,-999,-999,-999,-999,-999,-999,-999,-999,0,-999,-999
66048004,20150319000000,42.453333,3.136667,20,5,-999,-999,-999,-999,-999,-999,-999,-999,0,-999,-999
66048004,20150320000000,42.453333,3.136667,20,5,-999,-999,-999,-999,-999,-999,-999,-999,0,-999,-999
66048004,20150321000000,42.453333,3.136667,20,5,-999,-999,-999,-999,-999,-999,-999,-999,81,-999,-999
66048004,20150322000000,42.453333,3.136667,20,5,-999,-999,-999,-999,-999,-999,-999,-999,3,-999,-999
66048004,20150323000000,42.453333,3.136667,20,5,-999,-999,-999,-999,-999,-999,-999,-999,0,-999,-999
66048004,20150324000000,42.453333,3.136667,20,5,-999,-999,-999,-999,-999,-999,-999,-999,15,-999,-999
66048004,20150325000000,42.453333,3.136667,20,5,-999,-999,-999,-999,-999,-999,-999,-999,0,-999,-999
66048004,20150326000000,42.453333,3.136667,20,5,-999,-999,-999,-999,-999,-999,-999,-999,0,-999,-999
66048004,20150327000000,42.453333,3.136667,20,5,-999,-999,-999,-999,-999,-999,-999,-999,0,-999,-999
66048004,20150328000000,42.453333,3.136667,20,5,-999,-999,-999,-999,-999,-999,-999,-999,0,-999,-999
66048004,20150329000000,42.453333,3.136667,20,5,-999,-999,-999,-999,-999,-999,-999,-999,0,-999,-999
66048004,20150330000000,42.453333,3.136667,20,5,-999,-999,-999,-999,-999,-999,-999,-999,0,-999,-999
66048004,20150331000000,42.453333,3.136667,20,5,-999,-999,-999,-999,-999,-999,-999,-999,0,-999,-999
66048004,20150401000000,42.453333,3.136667,20,5,-999,-999,-999,-999,-999,-999,-999,-999,0,-999,-999
66048004,20150402000000,42.453333,3.136667,20,5,-999,-999,-999,-999,-999,-999,-999,-999,0,-999,-999
66048004,20150403000000,42.453333,3.136667,20,5,-999,-999,-999,-999,-999,-999,-999,-999,1,-999,-999
66048004,20150404000000,42.453333,3.136667,20,5,-999,-999,-999,-999,-999,-999,-999,-999,0,-999,-999
66048004,20150405000000,42.453333,3.136667,20,5,-999,-999,-999,-999,-999,-999,-999,-999,0,-999,-999
66048004,20150406000000,42.453333,3.136667,20,5,-999,-999,-999,-999,-999,-999,-999,-999,0,-999,-999
66048004,20150407000000,42.453333,3.136667,20,5,-999,-999,-999,-999,-999,-999,-999,-999,2,-999,-999
66048004,20150408000000,42.453333,3.136667,20,5,-999,-999,-999,-999,-999,-999,-999,-999,0,-999,-999
66048004,20150409000000,42.453333,3.136667,20,5,-999,-999,-999,-999,-999,-999,-999,-999,0,-999,-999
66048004,20150410000000,42.453333,3.136667,20,5,-999,-999,-999,-999,-999,-999,-999,-999,0,-999,-999
66048004,20150411000000,42.453333,3.136667,20,5,-999,-999,-999,-999,-999,-999,-999,-999,0,-999,-999
66048004,20150412000000,42.453333,3.136667,20,5,-999,-999,-999,-999,-999,-999,-999,-999,0,-999,-999
66048004,20150413000000,42.453333,3.136667,20,5,-999,-999,-999,-999,-999,-999,-999,-999,0,-999,-999
66048004,20150414000000,42.453333,3.136667,20,5,-999,-999,-999,-999,-999,-999,-999,-999,0,-999,-999
66048004,20150415000000,42.453333,3.136667,20,5,-999,-999,-999,-999,-999,-999,-999,-999,0,-999,-999
66048004,20150416000000,42.453333,3.136667,20,5,-999,-999,-999,-999,-999,-999,-999,-999,0,-999,-999
66048004,20150417000000,42.453333,3.136667,20,5,-999,-999,-999,-999,-999,-999,-999,-999,2.5,-999,-999
66048004,20150418000000,42.453333,3.136667,20,5,-999,-999,-999,-999,-999,-999,-999,-999,4.5,-999,-999
66048004,20150513000000,42.453333,3.136667,20,5,-999,-999,-999,-999,-999,-999,-999,-999,0.5,-999,-999
66048004,20150514000000,42.453333,3.136667,20,5,-999,-999,-999,-999,-999,-999,-999,-999,0,-999,-999
66048004,20150515000000,42.453333,3.136667,20,5,-999,-999,-999,-999,-999,-999,-999,-999,0,-999,-999
66048004,20150517000000,42.453333,3.136667,20,5,-999,-999,-999,-999,-999,-999,-999,-999,0,-999,-999
66048004,20150519000000,42.453333,3.136667,20,5,-999,-999,-999,-999,-999,-999,-999,-999,4,-999,-999
66048004,20150520000000,42.453333,3.136667,20,5,-999,-999,-999,-999,-999,-999,-999,-999,0,-999,-999
66048004,20150522000000,42.453333,3.136667,20,5,-999,-999,-999,-999,-999,-999,-999,-999,0,-999,-999
66048004,20150524000000,42.453333,3.136667,20,5,-999,-999,-999,-999,-999,-999,-999,-999,0,-999,-999
66048004,20150525000000,42.453333,3.136667,20,5,-999,-999,-999,-999,-999,-999,-999,-999,0,-999,-999
66048004,20150526000000,42.453333,3.136667,20,5,-999,-999,-999,-999,-999,-999,-999,-999,0,-999,-999
66048004,20150527000000,42.453333,3.136667,20,5,-999,-999,-999,-999,-999,-999,-999,-999,0,-999,-999
66048004,20150528000000,42.453333,3.136667,20,5,-999,-999,-999,-999,-999,-999,-999,-999,0,-999,-999
66048004,20150529000000,42.453333,3.136667,20,5,-999,-999,-999,-999,-999,-999,-999,-999,0,-999,-999
66048004,20150531000000,42.453333,3.136667,20,5,-999,-999,-999,-999,-999,-999,-999,-999,0,-999,-999
66048004,20150601000000,42.453333,3.136667,20,5,-999,-999,-999,-999,-999,-999,-999,-999,0,-999,-999
66048004,20150602000000,42.453333,3.136667,20,5,-999,-999,-999,-999,-999,-999,-999,-999,2,-999,-999
66048004,20150603000000,42.453333,3.136667,20,5,-999,-999,-999,-999,-999,-999,-999,-999,0,-999,-999
66048004,20150604000000,42.453333,3.136667,20,5,-999,-999,-999,-999,-999,-999,-999,-999,0,-999,-999
66048004,20150605000000,42.453333,3.136667,20,5,-999,-999,-999,-999,-999,-999,-999,-999,0,-999,-999
66048004,20150607000000,42.453333,3.136667,20,5,-999,-999,-999,-999,-999,-999,-999,-999,0,-999,-999
66048004,20150608000000,42.453333,3.136667,20,5,-999,-999,-999,-999,-999,-999,-999,-999,0,-999,-999
66048004,20150610000000,42.453333,3.136667,20,5,-999,-999,-999,-999,-999,-999,-999,-999,0,-999,-999
66048004,20150611000000,42.453333,3.136667,20,5,-999,-999,-999,-999,-999,-999,-999,-999,0,-999,-999
66048004,20150612000000,42.453333,3.136667,20,5,-999,-999,-999,-999,-999,-999,-999,-999,22.5,-999,-999
66048004,20150614000000,42.453333,3.136667,20,5,-999,-999,-999,-999,-999,-999,-999,-999,11.5,-999,-999
66048004,20150615000000,42.453333,3.136667,20,5,-999,-999,-999,-999,-999,-999,-999,-999,0,-999,-999
66048004,20150616000000,42.453333,3.136667,20,5,-999,-999,-999,-999,-999,-999,-999,-999,0,-999,-999
66048004,20150617000000,42.453333,3.136667,20,5,-999,-999,-999,-999,-999,-999,-999,-999,0,-999,-999
66048004,20150618000000,42.453333,3.136667,20,5,-999,-999,-999,-999,-999,-999,-999,-999,0,-999,-999
66048004,20150619000000,42.453333,3.136667,20,5,-999,-999,-999,-999,-999,-999,-999,-999,0,-999,-999
66048004,20150621000000,42.453333,3.136667,20,5,-999,-999,-999,-999,-999,-999,-999,-999,0,-999,-999
66048004,20150622000000,42.453333,3.136667,20,5,-999,-999,-999,-999,-999,-999,-999,-999,0,-999,-999
66048004,20150623000000,42.453333,3.136667,20,5,-999,-999,-999,-999,-999,-999,-999,-999,0,-999,-999
66048004,20150624000000,42.453333,3.136667,20,5,-999,-999,-999,-999,-999,-999,-999,-999,0,-999,-999
66048004,20150625000000,42.453333,3.136667,20,5,-999,-999,-999,-999,-999,-999,-999,-999,0,-999,-999
66048004,20150626000000,42.453333,3.136667,20,5,-999,-999,-999,-999,-999,-999,-999,-999,0,-999,-999
66048004,20150627000000,42.453333,3.136667,20,5,-999,-999,-999,-999,-999,-999,-999,-999,0,-999,-999
66048004,20150628000000,42.453333,3.136667,20,5,-999,-999,-999,-999,-999,-999,-999,-999,0,-999,-999
66048004,20150629000000,42.453333,3.136667,20,5,-999,-999,-999,-999,-999,-999,-999,-999,0,-999,-999
66048004,20150701000000,42.453333,3.136667,20,5,-999,-999,-999,-999,-999,-999,-999,-999,0,-999,-999
66048004,20150702000000,42.453333,3.136667,20,5,-999,-999,-999,-999,-999,-999,-999,-999,0,-999,-999
66048004,20150703000000,42.453333,3.136667,20,5,-999,-999,-999,-999,-999,-999,-999,-999,0,-999,-999
66048004,20150704000000,42.453333,3.136667,20,5,-999,-999,-999,-999,-999,-999,-999,-999,0,-999,-999
66048004,20150705000000,42.453333,3.136667,20,5,-999,-999,-999,-999,-999,-999,-999,-999,0,-999,-999
66048004,20150706000000,42.453333,3.136667,20,5,-999,-999,-999,-999,-999,-999,-999,-999,0,-999,-999
66048004,20150707000000,42.453333,3.136667,20,5,-999,-999,-999,-999,-999,-999,-999,-999,0,-999,-999
66048004,20150709000000,42.453333,3.136667,20,5,-999,-999,-999,-999,-999,-999,-999,-999,0,-999,-999
66048004,20150710000000,42.453333,3.136667,20,5,-999,-999,-999,-999,-999,-999,-999,-999,0,-999,-999
66048004,20150711000000,42.453333,3.136667,20,5,-999,-999,-999,-999,-999,-999,-999,-999,0,-999,-999
66048004,20150712000000,42.453333,3.136667,20,5,-999,-999,-999,-999,-999,-999,-999,-999,0,-999,-999
66048004,20150713000000,42.453333,3.136667,20,5,-999,-999,-999,-999,-999,-999,-999,-999,0,-999,-999
66048004,20150714000000,42.453333,3.136667,20,5,-999,-999,-999,-999,-999,-999,-999,-999,0,-999,-999
66048004,20150715000000,42.453333,3.136667,20,5,-999,-999,-999,-999,-999,-999,-999,-999,0,-999,-999
66048004,20150716000000,42.453333,3.136667,20,5,-999,-999,-999,-999,-999,-999,-999,-999,0,-999,-999
66048004,20150717000000,42.453333,3.136667,20,5,-999,-999,-999,-999,-999,-999,-999,-999,0,-999,-999
66048004,20150718000000,42.453333,3.136667,20,5,-999,-999,-999,-999,-999,-999,-999,-999,0,-999,-999
66048004,20150719000000,42.453333,3.136667,20,5,-999,-999,-999,-999,-999,-999,-999,-999,0,-999,-999
66048004,20150720000000,42.453333,3.136667,20,5,-999,-999,-999,-999,-999,-999,-999,-999,0,-999,-999
66048004,20150721000000,42.453333,3.136667,20,5,-999,-999,-999,-999,-999,-999,-999,-999,0,-999,-999
66048004,20150722000000,42.453333,3.136667,20,5,-999,-999,-999,-999,-999,-999,-999,-999,0,-999,-999
66048004,20150723000000,42.453333,3.136667,20,5,-999,-999,-999,-999,-999,-999,-999,-999,0,-999,-999
66048004,20150724000000,42.453333,3.136667,20,5,-999,-999,-999,-999,-999,-999,-999,-999,0,-999,-999
66048004,20150725000000,42.453333,3.136667,20,5,-999,-999,-999,-999,-999,-999,-999,-999,0,-999,-999
66048004,20150726000000,42.453333,3.136667,20,5,-999,-999,-999,-999,-999,-999,-999,-999,0,-999,-999
66048004,20150728000000,42.453333,3.136667,20,5,-999,-999,-999,-999,-999,-999,-999,-999,0,-999,-999
66048004,20150729000000,42.453333,3.136667,20,5,-999,-999,-999,-999,-999,-999,-999,-999,0,-999,-999
66048004,20150730000000,42.453333,3.136667,20,5,-999,-999,-999,-999,-999,-999,-999,-999,2.5,-999,-999
66048004,20150731000000,42.453333,3.136667,20,5,-999,-999,-999,-999,-999,-999,-999,-999,15,-999,-999
66048004,20150801000000,42.453333,3.136667,20,5,-999,-999,-999,-999,-999,-999,-999,-999,0,-999,-999
66048004,20150802000000,42.453333,3.136667,20,5,-999,-999,-999,-999,-999,-999,-999,-999,0,-999,-999
66048004,20150803000000,42.453333,3.136667,20,5,-999,-999,-999,-999,-999,-999,-999,-999,0,-999,-999
66048004,20150804000000,42.453333,3.136667,20,5,-999,-999,-999,-999,-999,-999,-999,-999,0,-999,-999
66048004,20150805000000,42.453333,3.136667,20,5,-999,-999,-999,-999,-999,-999,-999,-999,0,-999,-999
66048004,20150806000000,42.453333,3.136667,20,5,-999,-999,-999,-999,-999,-999,-999,-999,0,-999,-999
66048004,20150807000000,42.453333,3.136667,20,5,-999,-999,-999,-999,-999,-999,-999,-999,2,-999,-999
66048004,20150808000000,42.453333,3.136667,20,5,-999,-999,-999,-999,-999,-999,-999,-999,5,-999,-999
66048004,20150809000000,42.453333,3.136667,20,5,-999,-999,-999,-999,-999,-999,-999,-999,0.5,-999,-999
66048004,20150810000000,42.453333,3.136667,20,5,-999,-999,-999,-999,-999,-999,-999,-999,0,-999,-999
66048004,20150811000000,42.453333,3.136667,20,5,-999,-999,-999,-999,-999,-999,-999,-999,0,-999,-999
66048004,20150812000000,42.453333,3.136667,20,5,-999,-999,-999,-999,-999,-999,-999,-999,0,-999,-999
66048004,20150813000000,42.453333,3.136667,20,5,-999,-999,-999,-999,-999,-999,-999,-999,19.5,-999,-999
66048004,20150814000000,42.453333,3.136667,20,5,-999,-999,-999,-999,-999,-999,-999,-999,1,-999,-999
66048004,20150815000000,42.453333,3.136667,20,5,-999,-999,-999,-999,-999,-999,-999,-999,0,-999,-999
66048004,20150816000000,42.453333,3.136667,20,5,-999,-999,-999,-999,-999,-999,-999,-999,0,-999,-999
66048004,20150817000000,42.453333,3.136667,20,5,-999,-999,-999,-999,-999,-999,-999,-999,2.5,-999,-999
66048004,20150820000000,42.453333,3.136667,20,5,-999,-999,-999,-999,-999,-999,-999,-999,0,-999,-999
66048004,20150821000000,42.453333,3.136667,20,5,-999,-999,-999,-999,-999,-999,-999,-999,0,-999,-999
66048004,20150822000000,42.453333,3.136667,20,5,-999,-999,-999,-999,-999,-999,-999,-999,0,-999,-999
66048004,20150823000000,42.453333,3.136667,20,5,-999,-999,-999,-999,-999,-999,-999,-999,0.5,-999,-999
66048004,20150824000000,42.453333,3.136667,20,5,-999,-999,-999,-999,-999,-999,-999,-999,0,-999,-999
66048004,20150825000000,42.453333,3.136667,20,5,-999,-999,-999,-999,-999,-999,-999,-999,0,-999,-999
66048004,20150826000000,42.453333,3.136667,20,5,-999,-999,-999,-999,-999,-999,-999,-999,0,-999,-999
66048004,20150827000000,42.453333,3.136667,20,5,-999,-999,-999,-999,-999,-999,-999,-999,0,-999,-999
66048004,20150828000000,42.453333,3.136667,20,5,-999,-999,-999,-999,-999,-999,-999,-999,0,-999,-999
66048004,20150829000000,42.453333,3.136667,20,5,-999,-999,-999,-999,-999,-999,-999,-999,0,-999,-999
66048004,20150830000000,42.453333,3.136667,20,5,-999,-999,-999,-999,-999,-999,-999,-999,0,-999,-999
66048004,20150831000000,42.453333,3.136667,20,5,-999,-999,-999,-999,-999,-999,-999,-999,6.5,-999,-999
66048004,20150901000000,42.453333,3.136667,20,5,-999,-999,-999,-999,-999,-999,-999,-999,0,-999,-999
66048004,20150902000000,42.453333,3.136667,20,5,-999,-999,-999,-999,-999,-999,-999,-999,6,-999,-999
66048004,20150903000000,42.453333,3.136667,20,5,-999,-999,-999,-999,-999,-999,-999,-999,2,-999,-999
66048004,20150904000000,42.453333,3.136667,20,5,-999,-999,-999,-999,-999,-999,-999,-999,0.5,-999,-999
66048004,20150905000000,42.453333,3.136667,20,5,-999,-999,-999,-999,-999,-999,-999,-999,0,-999,-999
66048004,20150906000000,42.453333,3.136667,20,5,-999,-999,-999,-999,-999,-999,-999,-999,0,-999,-999
66048004,20150907000000,42.453333,3.136667,20,5,-999,-999,-999,-999,-999,-999,-999,-999,0,-999,-999
66048004,20150908000000,42.453333,3.136667,20,5,-999,-999,-999,-999,-999,-999,-999,-999,0,-999,-999
66048004,20150909000000,42.453333,3.136667,20,5,-999,-999,-999,-999,-999,-999,-999,-999,0,-999,-999
66048004,20150910000000,42.453333,3.136667,20,5,-999,-999,-999,-999,-999,-999,-999,-999,0,-999,-999
66048004,20150911000000,42.453333,3.136667,20,5,-999,-999,-999,-999,-999,-999,-999,-999,0,-999,-999
66048004,20150912000000,42.453333,3.136667,20,5,-999,-999,-999,-999,-999,-999,-999,-999,0,-999,-999
66048004,20150913000000,42.453333,3.136667,20,5,-999,-999,-999,-999,-999,-999,-999,-999,0,-999,-999
66048004,20150914000000,42.453333,3.136667,20,5,-999,-999,-999,-999,-999,-999,-999,-999,0,-999,-999
66048004,20150915000000,42.453333,3.136667,20,5,-999,-999,-999,-999,-999,-999,-999,-999,0,-999,-999
66048004,20150916000000,42.453333,3.136667,20,5,-999,-999,-999,-999,-999,-999,-999,-999,0,-999,-999
66048004,20150917000000,42.453333,3.136667,20,5,-999,-999,-999,-999,-999,-999,-999,-999,0,-999,-999
66048004,20150918000000,42.453333,3.136667,20,5,-999,-999,-999,-999,-999,-999,-999,-999,0,-999,-999
66048004,20150919000000,42.453333,3.136667,20,5,-999,-999,-999,-999,-999,-999,-999,-999,0,-999,-999
66048004,20150920000000,42.453333,3.136667,20,5,-999,-999,-999,-999,-999,-999,-999,-999,0,-999,-999
66048004,20150921000000,42.453333,3.136667,20,5,-999,-999,-999,-999,-999,-999,-999,-999,0,-999,-999
66048004,20150922000000,42.453333,3.136667,20,5,-999,-999,-999,-999,-999,-999,-999,-999,0,-999,-999
66048004,20150923000000,42.453333,3.136667,20,5,-999,-999,-999,-999,-999,-999,-999,-999,0,-999,-999
66048004,20150924000000,42.453333,3.136667,20,5,-999,-999,-999,-999,-999,-999,-999,-999,0,-999,-999
66048004,20150925000000,42.453333,3.136667,20,5,-999,-999,-999,-999,-999,-999,-999,-999,0,-999,-999
66048004,20150926000000,42.453333,3.136667,20,5,-999,-999,-999,-999,-999,-999,-999,-999,0,-999,-999
66048004,20150927000000,42.453333,3.136667,20,5,-999,-999,-999,-999,-999,-999,-999,-999,0,-999,-999
66048004,20150928000000,42.453333,3.136667,20,5,-999,-999,-999,-999,-999,-999,-999,-999,0,-999,-999
66048004,20150929000000,42.453333,3.136667,20,5,-999,-999,-999,-999,-999,-999,-999,-999,78,-999,-999
66048004,20151001000000,42.453333,3.136667,20,5,-999,-999,-999,-999,-999,-999,-999,-999,0,-999,-999
66048004,20151002000000,42.453333,3.136667,20,5,-999,-999,-999,-999,-999,-999,-999,-999,3,-999,-999
66048004,20151003000000,42.453333,3.136667,20,5,-999,-999,-999,-999,-999,-999,-999,-999,2.5,-999,-999
66048004,20151004000000,42.453333,3.136667,20,5,-999,-999,-999,-999,-999,-999,-999,-999,0,-999,-999
66048004,20151005000000,42.453333,3.136667,20,5,-999,-999,-999,-999,-999,-999,-999,-999,0,-999,-999
66048004,20151006000000,42.453333,3.136667,20,5,-999,-999,-999,-999,-999,-999,-999,-999,24,-999,-999
66048004,20151007000000,42.453333,3.136667,20,5,-999,-999,-999,-999,-999,-999,-999,-999,0,-999,-999
66048004,20151008000000,42.453333,3.136667,20,5,-999,-999,-999,-999,-999,-999,-999,-999,0,-999,-999
66048004,20151009000000,42.453333,3.136667,20,5,-999,-999,-999,-999,-999,-999,-999,-999,0,-999,-999
66048004,20151010000000,42.453333,3.136667,20,5,-999,-999,-999,-999,-999,-999,-999,-999,0,-999,-999
66048004,20151011000000,42.453333,3.136667,20,5,-999,-999,-999,-999,-999,-999,-999,-999,1,-999,-999
66048004,20151012000000,42.453333,3.136667,20,5,-999,-999,-999,-999,-999,-999,-999,-999,1,-999,-999
66048004,20151013000000,42.453333,3.136667,20,5,-999,-999,-999,-999,-999,-999,-999,-999,0.5,-999,-999
66048004,20151014000000,42.453333,3.136667,20,5,-999,-999,-999,-999,-999,-999,-999,-999,0,-999,-999
66048004,20151015000000,42.453333,3.136667,20,5,-999,-999,-999,-999,-999,-999,-999,-999,0,-999,-999
66048004,20151016000000,42.453333,3.136667,20,5,-999,-999,-999,-999,-999,-999,-999,-999,0,-999,-999
66048004,20151017000000,42.453333,3.136667,20,5,-999,-999,-999,-999,-999,-999,-999,-999,0,-999,-999
66048004,20151018000000,42.453333,3.136667,20,5,-999,-999,-999,-999,-999,-999,-999,-999,2.5,-999,-999
66048004,20151019000000,42.453333,3.136667,20,5,-999,-999,-999,-999,-999,-999,-999,-999,4,-999,-999
66048004,20151020000000,42.453333,3.136667,20,5,-999,-999,-999,-999,-999,-999,-999,-999,0,-999,-999
66048004,20151021000000,42.453333,3.136667,20,5,-999,-999,-999,-999,-999,-999,-999,-999,0,-999,-999
66048004,20151022000000,42.453333,3.136667,20,5,-999,-999,-999,-999,-999,-999,-999,-999,0,-999,-999
66048004,20151023000000,42.453333,3.136667,20,5,-999,-999,-999,-999,-999,-999,-999,-999,0,-999,-999
66048004,20151024000000,42.453333,3.136667,20,5,-999,-999,-999,-999,-999,-999,-999,-999,0,-999,-999
66048004,20151025000000,42.453333,3.136667,20,5,-999,-999,-999,-999,-999,-999,-999,-999,0,-999,-999
66048004,20151026000000,42.453333,3.136667,20,5,-999,-999,-999,-999,-999,-999,-999,-999,11,-999,-999
66048004,20151028000000,42.453333,3.136667,20,5,-999,-999,-999,-999,-999,-999,-999,-999,4,-999,-999
66048004,20151029000000,42.453333,3.136667,20,5,-999,-999,-999,-999,-999,-999,-999,-999,0,-999,-999
66048004,20151030000000,42.453333,3.136667,20,5,-999,-999,-999,-999,-999,-999,-999,-999,0,-999,-999
66048004,20151031000000,42.453333,3.136667,20,5,-999,-999,-999,-999,-999,-999,-999,-999,0,-999,-999
66048004,20151101000000,42.453333,3.136667,20,5,-999,-999,-999,-999,-999,-999,-999,-999,1,-999,-999
66048004,20151102000000,42.453333,3.136667,20,5,-999,-999,-999,-999,-999,-999,-999,-999,30.5,-999,-999
66048004,20151103000000,42.453333,3.136667,20,5,-999,-999,-999,-999,-999,-999,-999,-999,0,-999,-999
66048004,20151104000000,42.453333,3.136667,20,5,-999,-999,-999,-999,-999,-999,-999,-999,0,-999,-999
66048004,20151105000000,42.453333,3.136667,20,5,-999,-999,-999,-999,-999,-999,-999,-999,0,-999,-999
66048004,20151106000000,42.453333,3.136667,20,5,-999,-999,-999,-999,-999,-999,-999,-999,0,-999,-999
66048004,20151107000000,42.453333,3.136667,20,5,-999,-999,-999,-999,-999,-999,-999,-999,0.5,-999,-999
66048004,20151108000000,42.453333,3.136667,20,5,-999,-999,-999,-999,-999,-999,-999,-999,0,-999,-999
66048004,20151109000000,42.453333,3.136667,20,5,-999,-999,-999,-999,-999,-999,-999,-999,0,-999,-999
66048004,20151110000000,42.453333,3.136667,20,5,-999,-999,-999,-999,-999,-999,-999,-999,0,-999,-999
66048004,20151111000000,42.453333,3.136667,20,5,-999,-999,-999,-999,-999,-999,-999,-999,0,-999,-999
66048004,20151112000000,42.453333,3.136667,20,5,-999,-999,-999,-999,-999,-999,-999,-999,0,-999,-999
66048004,20151113000000,42.453333,3.136667,20,5,-999,-999,-999,-999,-999,-999,-999,-999,0,-999,-999
66048004,20151114000000,42.453333,3.136667,20,5,-999,-999,-999,-999,-999,-999,-999,-999,0,-999,-999
66048004,20151115000000,42.453333,3.136667,20,5,-999,-999,-999,-999,-999,-999,-999,-999,0,-999,-999
66048004,20151116000000,42.453333,3.136667,20,5,-999,-999,-999,-999,-999,-999,-999,-999,0,-999,-999
66048004,20151117000000,42.453333,3.136667,20,5,-999,-999,-999,-999,-999,-999,-999,-999,0,-999,-999
66048004,20151118000000,42.453333,3.136667,20,5,-999,-999,-999,-999,-999,-999,-999,-999,0,-999,-999
66048004,20151119000000,42.453333,3.136667,20,5,-999,-999,-999,-999,-999,-999,-999,-999,0,-999,-999
66048004,20151120000000,42.453333,3.136667,20,5,-999,-999,-999,-999,-999,-999,-999,-999,1,-999,-999
66048004,20151121000000,42.453333,3.136667,20,5,-999,-999,-999,-999,-999,-999,-999,-999,0,-999,-999
66048004,20151122000000,42.453333,3.136667,20,5,-999,-999,-999,-999,-999,-999,-999,-999,0,-999,-999
66048004,20151123000000,42.453333,3.136667,20,5,-999,-999,-999,-999,-999,-999,-999,-999,0,-999,-999
66048004,20151124000000,42.453333,3.136667,20,5,-999,-999,-999,-999,-999,-999,-999,-999,0,-999,-999
66048004,20151125000000,42.453333,3.136667,20,5,-999,-999,-999,-999,-999,-999,-999,-999,1.5,-999,-999
66048004,20151127000000,42.453333,3.136667,20,5,-999,-999,-999,-999,-999,-999,-999,-999,0,-999,-999
66048004,20151128000000,42.453333,3.136667,20,5,-999,-999,-999,-999,-999,-999,-999,-999,0,-999,-999
66048004,20151129000000,42.453333,3.136667,20,5,-999,-999,-999,-999,-999,-999,-999,-999,0,-999,-999
66048004,20151130000000,42.453333,3.136667,20,5,-999,-999,-999,-999,-999,-999,-999,-999,0,-999,-999
66048004,20151201000000,42.453333,3.136667,20,5,-999,-999,-999,-999,-999,-999,-999,-999,0,-999,-999
66048004,20151202000000,42.453333,3.136667,20,5,-999,-999,-999,-999,-999,-999,-999,-999,0.5,-999,-999
66048004,20151203000000,42.453333,3.136667,20,5,-999,-999,-999,-999,-999,-999,-999,-999,2,-999,-999
66048004,20151204000000,42.453333,3.136667,20,5,-999,-999,-999,-999,-999,-999,-999,-999,0,-999,-999
66048004,20151205000000,42.453333,3.136667,20,5,-999,-999,-999,-999,-999,-999,-999,-999,0.5,-999,-999
66048004,20151206000000,42.453333,3.136667,20,5,-999,-999,-999,-999,-999,-999,-999,-999,0.5,-999,-999
66048004,20151208000000,42.453333,3.136667,20,5,-999,-999,-999,-999,-999,-999,-999,-999,0,-999,-999
66048004,20151209000000,42.453333,3.136667,20,5,-999,-999,-999,-999,-999,-999,-999,-999,0,-999,-999
66048004,20151210000000,42.453333,3.136667,20,5,-999,-999,-999,-999,-999,-999,-999,-999,0,-999,-999
66048004,20151211000000,42.453333,3.136667,20,5,-999,-999,-999,-999,-999,-999,-999,-999,0,-999,-999
66048004,20151212000000,42.453333,3.136667,20,5,-999,-999,-999,-999,-999,-999,-999,-999,0,-999,-999
66048004,20151213000000,42.453333,3.136667,20,5,-999,-999,-999,-999,-999,-999,-999,-999,0,-999,-999
66048004,20151214000000,42.453333,3.136667,20,5,-999,-999,-999,-999,-999,-999,-999,-999,0,-999,-999
66048004,20151215000000,42.453333,3.136667,20,5,-999,-999,-999,-999,-999,-999,-999,-999,0.5,-999,-999
66048004,20151216000000,42.453333,3.136667,20,5,-999,-999,-999,-999,-999,-999,-999,-999,0,-999,-999
66048004,20151217000000,42.453333,3.136667,20,5,-999,-999,-999,-999,-999,-999,-999,-999,0,-999,-999
66048004,20151218000000,42.453333,3.136667,20,5,-999,-999,-999,-999,-999,-999,-999,-999,0,-999,-999
66048004,20151219000000,42.453333,3.136667,20,5,-999,-999,-999,-999,-999,-999,-999,-999,0,-999,-999
66048004,20151220000000,42.453333,3.136667,20,5,-999,-999,-999,-999,-999,-999,-999,-999,0,-999,-999
66048004,20151221000000,42.453333,3.136667,20,5,-999,-999,-999,-999,-999,-999,-999,-999,0,-999,-999
66048004,20151224000000,42.453333,3.136667,20,5,-999,-999,-999,-999,-999,-999,-999,-999,0,-999,-999
66048004,20151225000000,42.453333,3.136667,20,5,-999,-999,-999,-999,-999,-999,-999,-999,0,-999,-999
66048004,20151226000000,42.453333,3.136667,20,5,-999,-999,-999,-999,-999,-999,-999,-999,0.5,-999,-999
66048004,20151227000000,42.453333,3.136667,20,5,-999,-999,-999,-999,-999,-999,-999,-999,0,-999,-999
66048004,20151228000000,42.453333,3.136667,20,5,-999,-999,-999,-999,-999,-999,-999,-999,0,-999,-999
66048004,20151229000000,42.453333,3.136667,20,5,-999,-999,-999,-999,-999,-999,-999,-999,0,-999,-999
66048004,20151230000000,42.453333,3.136667,20,5,-999,-999,-999,-999,-999,-999,-999,-999,0,-999,-999
66048004,20151231000000,42.453333,3.136667,20,5,-999,-999,-999,-999,-999,-999,-999,-999,0,-999,-999
66048004,20160101000000,42.453333,3.136667,20,5,-999,-999,-999,-999,-999,-999,-999,-999,0,-999,-999
66048004,20160102000000,42.453333,3.136667,20,5,-999,-999,-999,-999,-999,-999,-999,-999,1,-999,-999
66048004,20160103000000,42.453333,3.136667,20,5,-999,-999,-999,-999,-999,-999,-999,-999,0,-999,-999
66048004,20160104000000,42.453333,3.136667,20,5,-999,-999,-999,-999,-999,-999,-999,-999,6.5,-999,-999
66048004,20160105000000,42.453333,3.136667,20,5,-999,-999,-999,-999,-999,-999,-999,-999,5,-999,-999
66048004,20160106000000,42.453333,3.136667,20,5,-999,-999,-999,-999,-999,-999,-999,-999,0.5,-999,-999
66048004,20160107000000,42.453333,3.136667,20,5,-999,-999,-999,-999,-999,-999,-999,-999,0,-999,-999
66048004,20160108000000,42.453333,3.136667,20,5,-999,-999,-999,-999,-999,-999,-999,-999,0,-999,-999
66048004,20160109000000,42.453333,3.136667,20,5,-999,-999,-999,-999,-999,-999,-999,-999,0,-999,-999
66048004,20160110000000,42.453333,3.136667,20,5,-999,-999,-999,-999,-999,-999,-999,-999,0,-999,-999
66048004,20160111000000,42.453333,3.136667,20,5,-999,-999,-999,-999,-999,-999,-999,-999,2.5,-999,-999
66048004,20160112000000,42.453333,3.136667,20,5,-999,-999,-999,-999,-999,-999,-999,-999,0,-999,-999
66048004,20160113000000,42.453333,3.136667,20,5,-999,-999,-999,-999,-999,-999,-999,-999,0,-999,-999
66048004,20160114000000,42.453333,3.136667,20,5,-999,-999,-999,-999,-999,-999,-999,-999,0,-999,-999
66048004,20160115000000,42.453333,3.136667,20,5,-999,-999,-999,-999,-999,-999,-999,-999,0,-999,-999
66048004,20160116000000,42.453333,3.136667,20,5,-999,-999,-999,-999,-999,-999,-999,-999,0,-999,-999
66048004,20160119000000,42.453333,3.136667,20,5,-999,-999,-999,-999,-999,-999,-999,-999,0,-999,-999
66048004,20160120000000,42.453333,3.136667,20,5,-999,-999,-999,-999,-999,-999,-999,-999,0,-999,-999
66048004,20160121000000,42.453333,3.136667,20,5,-999,-999,-999,-999,-999,-999,-999,-999,0,-999,-999
66048004,20160122000000,42.453333,3.136667,20,5,-999,-999,-999,-999,-999,-999,-999,-999,1,-999,-999
66048004,20160123000000,42.453333,3.136667,20,5,-999,-999,-999,-999,-999,-999,-999,-999,0,-999,-999
66048004,20160124000000,42.453333,3.136667,20,5,-999,-999,-999,-999,-999,-999,-999,-999,0,-999,-999
66048004,20160125000000,42.453333,3.136667,20,5,-999,-999,-999,-999,-999,-999,-999,-999,0,-999,-999
66048004,20160126000000,42.453333,3.136667,20,5,-999,-999,-999,-999,-999,-999,-999,-999,0,-999,-999
66048004,20160127000000,42.453333,3.136667,20,5,-999,-999,-999,-999,-999,-999,-999,-999,0.5,-999,-999
66048004,20160128000000,42.453333,3.136667,20,5,-999,-999,-999,-999,-999,-999,-999,-999,0,-999,-999
66048004,20160130000000,42.453333,3.136667,20,5,-999,-999,-999,-999,-999,-999,-999,-999,0,-999,-999
66048004,20160131000000,42.453333,3.136667,20,5,-999,-999,-999,-999,-999,-999,-999,-999,0,-999,-999
66048004,20160201000000,42.453333,3.136667,20,5,-999,-999,-999,-999,-999,-999,-999,-999,0,-999,-999
66048004,20160202000000,42.453333,3.136667,20,5,-999,-999,-999,-999,-999,-999,-999,-999,1,-999,-999
66048004,20160203000000,42.453333,3.136667,20,5,-999,-999,-999,-999,-999,-999,-999,-999,0,-999,-999
66048004,20160204000000,42.453333,3.136667,20,5,-999,-999,-999,-999,-999,-999,-999,-999,0,-999,-999
66048004,20160205000000,42.453333,3.136667,20,5,-999,-999,-999,-999,-999,-999,-999,-999,0,-999,-999
66048004,20160206000000,42.453333,3.136667,20,5,-999,-999,-999,-999,-999,-999,-999,-999,0.5,-999,-999
66048004,20160207000000,42.453333,3.136667,20,5,-999,-999,-999,-999,-999,-999,-999,-999,5.5,-999,-999
66048004,20160208000000,42.453333,3.136667,20,5,-999,-999,-999,-999,-999,-999,-999,-999,0,-999,-999
66048004,20160209000000,42.453333,3.136667,20,5,-999,-999,-999,-999,-999,-999,-999,-999,0,-999,-999
66048004,20160210000000,42.453333,3.136667,20,5,-999,-999,-999,-999,-999,-999,-999,-999,1,-999,-999
66048004,20160211000000,42.453333,3.136667,20,5,-999,-999,-999,-999,-999,-999,-999,-999,0,-999,-999
66048004,20160212000000,42.453333,3.136667,20,5,-999,-999,-999,-999,-999,-999,-999,-999,0,-999,-999
66048004,20160213000000,42.453333,3.136667,20,5,-999,-999,-999,-999,-999,-999,-999,-999,1.5,-999,-999
66048004,20160214000000,42.453333,3.136667,20,5,-999,-999,-999,-999,-999,-999,-999,-999,14,-999,-999
66048004,20160215000000,42.453333,3.136667,20,5,-999,-999,-999,-999,-999,-999,-999,-999,0,-999,-999
66048004,20160216000000,42.453333,3.136667,20,5,-999,-999,-999,-999,-999,-999,-999,-999,0,-999,-999
66048004,20160217000000,42.453333,3.136667,20,5,-999,-999,-999,-999,-999,-999,-999,-999,0,-999,-999
66048004,20160218000000,42.453333,3.136667,20,5,-999,-999,-999,-999,-999,-999,-999,-999,0,-999,-999
66048004,20160219000000,42.453333,3.136667,20,5,-999,-999,-999,-999,-999,-999,-999,-999,0,-999,-999
66048004,20160220000000,42.453333,3.136667,20,5,-999,-999,-999,-999,-999,-999,-999,-999,0,-999,-999
66048004,20160221000000,42.453333,3.136667,20,5,-999,-999,-999,-999,-999,-999,-999,-999,0,-999,-999
66048004,20160222000000,42.453333,3.136667,20,5,-999,-999,-999,-999,-999,-999,-999,-999,0,-999,-999
66048004,20160223000000,42.453333,3.136667,20,5,-999,-999,-999,-999,-999,-999,-999,-999,0,-999,-999
66048004,20160224000000,42.453333,3.136667,20,5,-999,-999,-999,-999,-999,-999,-999,-999,0,-999,-999
66048004,20160225000000,42.453333,3.136667,20,5,-999,-999,-999,-999,-999,-999,-999,-999,0,-999,-999
66048004,20160227000000,42.453333,3.136667,20,5,-999,-999,-999,-999,-999,-999,-999,-999,12,-999,-999
66048004,20160228000000,42.453333,3.136667,20,5,-999,-999,-999,-999,-999,-999,-999,-999,28.5,-999,-999
66048004,20160229000000,42.453333,3.136667,20,5,-999,-999,-999,-999,-999,-999,-999,-999,0,-999,-999
66048004,20160301000000,42.453333,3.136667,20,5,-999,-999,-999,-999,-999,-999,-999,-999,0,-999,-999
66048004,20160302000000,42.453333,3.136667,20,5,-999,-999,-999,-999,-999,-999,-999,-999,0,-999,-999
66048004,20160303000000,42.453333,3.136667,20,5,-999,-999,-999,-999,-999,-999,-999,-999,0,-999,-999
66048004,20160305000000,42.453333,3.136667,20,5,-999,-999,-999,-999,-999,-999,-999,-999,0,-999,-999
66048004,20160306000000,42.453333,3.136667,20,5,-999,-999,-999,-999,-999,-999,-999,-999,0.5,-999,-999
66048004,20160307000000,42.453333,3.136667,20,5,-999,-999,-999,-999,-999,-999,-999,-999,0,-999,-999
66048004,20160308000000,42.453333,3.136667,20,5,-999,-999,-999,-999,-999,-999,-999,-999,0.5,-999,-999
66048004,20160309000000,42.453333,3.136667,20,5,-999,-999,-999,-999,-999,-999,-999,-999,0.5,-999,-999
66048004,20160310000000,42.453333,3.136667,20,5,-999,-999,-999,-999,-999,-999,-999,-999,0,-999,-999
66048004,20160311000000,42.453333,3.136667,20,5,-999,-999,-999,-999,-999,-999,-999,-999,0,-999,-999
66048004,20160312000000,42.453333,3.136667,20,5,-999,-999,-999,-999,-999,-999,-999,-999,0,-999,-999
66048004,20160313000000,42.453333,3.136667,20,5,-999,-999,-999,-999,-999,-999,-999,-999,0,-999,-999
66048004,20160314000000,42.453333,3.136667,20,5,-999,-999,-999,-999,-999,-999,-999,-999,0.5,-999,-999
66048004,20160315000000,42.453333,3.136667,20,5,-999,-999,-999,-999,-999,-999,-999,-999,5,-999,-999
66048004,20160316000000,42.453333,3.136667,20,5,-999,-999,-999,-999,-999,-999,-999,-999,8,-999,-999
66048004,20160317000000,42.453333,3.136667,20,5,-999,-999,-999,-999,-999,-999,-999,-999,22,-999,-999
66048004,20160318000000,42.453333,3.136667,20,5,-999,-999,-999,-999,-999,-999,-999,-999,1.5,-999,-999
66048004,20160319000000,42.453333,3.136667,20,5,-999,-999,-999,-999,-999,-999,-999,-999,0,-999,-999
66048004,20160320000000,42.453333,3.136667,20,5,-999,-999,-999,-999,-999,-999,-999,-999,6,-999,-999
66048004,20160321000000,42.453333,3.136667,20,5,-999,-999,-999,-999,-999,-999,-999,-999,0,-999,-999
66048004,20160322000000,42.453333,3.136667,20,5,-999,-999,-999,-999,-999,-999,-999,-999,0,-999,-999
66048004,20160323000000,42.453333,3.136667,20,5,-999,-999,-999,-999,-999,-999,-999,-999,0,-999,-999
66048004,20160324000000,42.453333,3.136667,20,5,-999,-999,-999,-999,-999,-999,-999,-999,0,-999,-999
66048004,20160325000000,42.453333,3.136667,20,5,-999,-999,-999,-999,-999,-999,-999,-999,0,-999,-999
66048004,20160326000000,42.453333,3.136667,20,5,-999,-999,-999,-999,-999,-999,-999,-999,0,-999,-999
66048004,20160327000000,42.453333,3.136667,20,5,-999,-999,-999,-999,-999,-999,-999,-999,0,-999,-999
66048004,20160328000000,42.453333,3.136667,20,5,-999,-999,-999,-999,-999,-999,-999,-999,0,-999,-999
66048004,20160329000000,42.453333,3.136667,20,5,-999,-999,-999,-999,-999,-999,-999,-999,0,-999,-999
66048004,20160330000000,42.453333,3.136667,20,5,-999,-999,-999,-999,-999,-999,-999,-999,0,-999,-999
66048004,20160331000000,42.453333,3.136667,20,5,-999,-999,-999,-999,-999,-999,-999,-999,2.5,-999,-999
66048004,20160403000000,42.453333,3.136667,20,5,-999,-999,-999,-999,-999,-999,-999,-999,0,-999,-999
66048004,20160404000000,42.453333,3.136667,20,5,-999,-999,-999,-999,-999,-999,-999,-999,8,-999,-999
66048004,20160405000000,42.453333,3.136667,20,5,-999,-999,-999,-999,-999,-999,-999,-999,15,-999,-999
66048004,20160406000000,42.453333,3.136667,20,5,-999,-999,-999,-999,-999,-999,-999,-999,0,-999,-999
66048004,20160407000000,42.453333,3.136667,20,5,-999,-999,-999,-999,-999,-999,-999,-999,0,-999,-999
66048004,20160408000000,42.453333,3.136667,20,5,-999,-999,-999,-999,-999,-999,-999,-999,0,-999,-999
66048004,20160409000000,42.453333,3.136667,20,5,-999,-999,-999,-999,-999,-999,-999,-999,0,-999,-999
66048004,20160410000000,42.453333,3.136667,20,5,-999,-999,-999,-999,-999,-999,-999,-999,0,-999,-999
66048004,20160411000000,42.453333,3.136667,20,5,-999,-999,-999,-999,-999,-999,-999,-999,0,-999,-999
66048004,20160412000000,42.453333,3.136667,20,5,-999,-999,-999,-999,-999,-999,-999,-999,0,-999,-999
66048004,20160415000000,42.453333,3.136667,20,5,-999,-999,-999,-999,-999,-999,-999,-999,0,-999,-999
66048004,20160416000000,42.453333,3.136667,20,5,-999,-999,-999,-999,-999,-999,-999,-999,0,-999,-999
66048004,20160417000000,42.453333,3.136667,20,5,-999,-999,-999,-999,-999,-999,-999,-999,0,-999,-999
66048004,20160418000000,42.453333,3.136667,20,5,-999,-999,-999,-999,-999,-999,-999,-999,0,-999,-999
66048004,20160419000000,42.453333,3.136667,20,5,-999,-999,-999,-999,-999,-999,-999,-999,0,-999,-999
66048004,20160420000000,42.453333,3.136667,20,5,-999,-999,-999,-999,-999,-999,-999,-999,2.5,-999,-999
66048004,20160421000000,42.453333,3.136667,20,5,-999,-999,-999,-999,-999,-999,-999,-999,7.5,-999,-999
66048004,20160422000000,42.453333,3.136667,20,5,-999,-999,-999,-999,-999,-999,-999,-999,3,-999,-999
66048004,20160423000000,42.453333,3.136667,20,5,-999,-999,-999,-999,-999,-999,-999,-999,0,-999,-999
66048004,20160424000000,42.453333,3.136667,20,5,-999,-999,-999,-999,-999,-999,-999,-999,0,-999,-999
66048004,20160425000000,42.453333,3.136667,20,5,-999,-999,-999,-999,-999,-999,-999,-999,0,-999,-999
66048004,20160426000000,42.453333,3.136667,20,5,-999,-999,-999,-999,-999,-999,-999,-999,0,-999,-999
66048004,20160427000000,42.453333,3.136667,20,5,-999,-999,-999,-999,-999,-999,-999,-999,0,-999,-999
66048004,20160428000000,42.453333,3.136667,20,5,-999,-999,-999,-999,-999,-999,-999,-999,0,-999,-999
66048004,20160429000000,42.453333,3.136667,20,5,-999,-999,-999,-999,-999,-999,-999,-999,0,-999,-999
66048004,20160430000000,42.453333,3.136667,20,5,-999,-999,-999,-999,-999,-999,-999,-999,0.5,-999,-999
66048004,20160501000000,42.453333,3.136667,20,5,-999,-999,-999,-999,-999,-999,-999,-999,0,-999,-999
66048004,20160502000000,42.453333,3.136667,20,5,-999,-999,-999,-999,-999,-999,-999,-999,0,-999,-999
66048004,20160503000000,42.453333,3.136667,20,5,-999,-999,-999,-999,-999,-999,-999,-999,0,-999,-999
66048004,20160504000000,42.453333,3.136667,20,5,-999,-999,-999,-999,-999,-999,-999,-999,0,-999,-999
66048004,20160505000000,42.453333,3.136667,20,5,-999,-999,-999,-999,-999,-999,-999,-999,0,-999,-999
66048004,20160506000000,42.453333,3.136667,20,5,-999,-999,-999,-999,-999,-999,-999,-999,0,-999,-999
66048004,20160507000000,42.453333,3.136667,20,5,-999,-999,-999,-999,-999,-999,-999,-999,0.5,-999,-999
66048004,20160508000000,42.453333,3.136667,20,5,-999,-999,-999,-999,-999,-999,-999,-999,12.5,-999,-999
66048004,20160509000000,42.453333,3.136667,20,5,-999,-999,-999,-999,-999,-999,-999,-999,10.5,-999,-999
66048004,20160510000000,42.453333,3.136667,20,5,-999,-999,-999,-999,-999,-999,-999,-999,4.5,-999,-999
66048004,20160511000000,42.453333,3.136667,20,5,-999,-999,-999,-999,-999,-999,-999,-999,4.5,-999,-999
66048004,20160512000000,42.453333,3.136667,20,5,-999,-999,-999,-999,-999,-999,-999,-999,1,-999,-999
66048004,20160513000000,42.453333,3.136667,20,5,-999,-999,-999,-999,-999,-999,-999,-999,7.5,-999,-999
66048004,20160514000000,42.453333,3.136667,20,5,-999,-999,-999,-999,-999,-999,-999,-999,0,-999,-999
66048004,20160515000000,42.453333,3.136667,20,5,-999,-999,-999,-999,-999,-999,-999,-999,0,-999,-999
66048004,20160516000000,42.453333,3.136667,20,5,-999,-999,-999,-999,-999,-999,-999,-999,0,-999,-999
66048004,20160517000000,42.453333,3.136667,20,5,-999,-999,-999,-999,-999,-999,-999,-999,0,-999,-999
66048004,20160518000000,42.453333,3.136667,20,5,-999,-999,-999,-999,-999,-999,-999,-999,2.5,-999,-999
66048004,20160519000000,42.453333,3.136667,20,5,-999,-999,-999,-999,-999,-999,-999,-999,0,-999,-999
66048004,20160520000000,42.453333,3.136667,20,5,-999,-999,-999,-999,-999,-999,-999,-999,0,-999,-999
66048004,20160521000000,42.453333,3.136667,20,5,-999,-999,-999,-999,-999,-999,-999,-999,0,-999,-999
66048004,20160523000000,42.453333,3.136667,20,5,-999,-999,-999,-999,-999,-999,-999,-999,0,-999,-999
66048004,20160524000000,42.453333,3.136667,20,5,-999,-999,-999,-999,-999,-999,-999,-999,0,-999,-999
66048004,20160525000000,42.453333,3.136667,20,5,-999,-999,-999,-999,-999,-999,-999,-999,0,-999,-999
66048004,20160526000000,42.453333,3.136667,20,5,-999,-999,-999,-999,-999,-999,-999,-999,0,-999,-999
66048004,20160527000000,42.453333,3.136667,20,5,-999,-999,-999,-999,-999,-999,-999,-999,0,-999,-999
66048004,20160528000000,42.453333,3.136667,20,5,-999,-999,-999,-999,-999,-999,-999,-999,2.5,-999,-999
66048004,20160529000000,42.453333,3.136667,20,5,-999,-999,-999,-999,-999,-999,-999,-999,3.5,-999,-999
66048004,20160530000000,42.453333,3.136667,20,5,-999,-999,-999,-999,-999,-999,-999,-999,11,-999,-999
66048004,20160531000000,42.453333,3.136667,20,5,-999,-999,-999,-999,-999,-999,-999,-999,1,-999,-999
66048004,20160601000000,42.453333,3.136667,20,5,-999,-999,-999,-999,-999,-999,-999,-999,0.5,-999,-999
66048004,20160602000000,42.453333,3.136667,20,5,-999,-999,-999,-999,-999,-999,-999,-999,1,-999,-999
66048004,20160603000000,42.453333,3.136667,20,5,-999,-999,-999,-999,-999,-999,-999,-999,0,-999,-999
66048004,20160604000000,42.453333,3.136667,20,5,-999,-999,-999,-999,-999,-999,-999,-999,1.5,-999,-999
66048004,20160605000000,42.453333,3.136667,20,5,-999,-999,-999,-999,-999,-999,-999,-999,0,-999,-999
66048004,20160606000000,42.453333,3.136667,20,5,-999,-999,-999,-999,-999,-999,-999,-999,2.5,-999,-999
66048004,20160607000000,42.453333,3.136667,20,5,-999,-999,-999,-999,-999,-999,-999,-999,0,-999,-999
66048004,20160608000000,42.453333,3.136667,20,5,-999,-999,-999,-999,-999,-999,-999,-999,0,-999,-999
66048004,20160609000000,42.453333,3.136667,20,5,-999,-999,-999,-999,-999,-999,-999,-999,0,-999,-999
66048004,20160610000000,42.453333,3.136667,20,5,-999,-999,-999,-999,-999,-999,-999,-999,0,-999,-999
66048004,20160611000000,42.453333,3.136667,20,5,-999,-999,-999,-999,-999,-999,-999,-999,0,-999,-999
66048004,20160612000000,42.453333,3.136667,20,5,-999,-999,-999,-999,-999,-999,-999,-999,0,-999,-999
66048004,20160613000000,42.453333,3.136667,20,5,-999,-999,-999,-999,-999,-999,-999,-999,2,-999,-999
66048004,20160614000000,42.453333,3.136667,20,5,-999,-999,-999,-999,-999,-999,-999,-999,0,-999,-999
66048004,20160615000000,42.453333,3.136667,20,5,-999,-999,-999,-999,-999,-999,-999,-999,0,-999,-999
66048004,20160616000000,42.453333,3.136667,20,5,-999,-999,-999,-999,-999,-999,-999,-999,11.5,-999,-999
66048004,20160617000000,42.453333,3.136667,20,5,-999,-999,-999,-999,-999,-999,-999,-999,4,-999,-999
66048004,20160618000000,42.453333,3.136667,20,5,-999,-999,-999,-999,-999,-999,-999,-999,0.5,-999,-999
66048004,20160619000000,42.453333,3.136667,20,5,-999,-999,-999,-999,-999,-999,-999,-999,0,-999,-999
66048004,20160620000000,42.453333,3.136667,20,5,-999,-999,-999,-999,-999,-999,-999,-999,0,-999,-999
66048004,20160621000000,42.453333,3.136667,20,5,-999,-999,-999,-999,-999,-999,-999,-999,0,-999,-999
66048004,20160622000000,42.453333,3.136667,20,5,-999,-999,-999,-999,-999,-999,-999,-999,0,-999,-999
66048004,20160623000000,42.453333,3.136667,20,5,-999,-999,-999,-999,-999,-999,-999,-999,0,-999,-999
66048004,20160624000000,42.453333,3.136667,20,5,-999,-999,-999,-999,-999,-999,-999,-999,0,-999,-999
66048004,20160625000000,42.453333,3.136667,20,5,-999,-999,-999,-999,-999,-999,-999,-999,0,-999,-999
66048004,20160626000000,42.453333,3.136667,20,5,-999,-999,-999,-999,-999,-999,-999,-999,0,-999,-999
66048004,20160627000000,42.453333,3.136667,20,5,-999,-999,-999,-999,-999,-999,-999,-999,0,-999,-999
66048004,20160628000000,42.453333,3.136667,20,5,-999,-999,-999,-999,-999,-999,-999,-999,0,-999,-999
66048004,20160629000000,42.453333,3.136667,20,5,-999,-999,-999,-999,-999,-999,-999,-999,0,-999,-999
66048004,20160630000000,42.453333,3.136667,20,5,-999,-999,-999,-999,-999,-999,-999,-999,0,-999,-999
66048004,20160701000000,42.453333,3.136667,20,5,-999,-999,-999,-999,-999,-999,-999,-999,0,-999,-999
66048004,20160702000000,42.453333,3.136667,20,5,-999,-999,-999,-999,-999,-999,-999,-999,0,-999,-999
66048004,20160703000000,42.453333,3.136667,20,5,-999,-999,-999,-999,-999,-999,-999,-999,0,-999,-999
66048004,20160704000000,42.453333,3.136667,20,5,-999,-999,-999,-999,-999,-999,-999,-999,0,-999,-999
66048004,20160705000000,42.453333,3.136667,20,5,-999,-999,-999,-999,-999,-999,-999,-999,0,-999,-999
66048004,20160706000000,42.453333,3.136667,20,5,-999,-999,-999,-999,-999,-999,-999,-999,0,-999,-999
66048004,20160707000000,42.453333,3.136667,20,5,-999,-999,-999,-999,-999,-999,-999,-999,0,-999,-999
66048004,20160708000000,42.453333,3.136667,20,5,-999,-999,-999,-999,-999,-999,-999,-999,0,-999,-999
66048004,20160709000000,42.453333,3.136667,20,5,-999,-999,-999,-999,-999,-999,-999,-999,0,-999,-999
66048004,20160710000000,42.453333,3.136667,20,5,-999,-999,-999,-999,-999,-999,-999,-999,0,-999,-999
66048004,20160711000000,42.453333,3.136667,20,5,-999,-999,-999,-999,-999,-999,-999,-999,0,-999,-999
66048004,20160712000000,42.453333,3.136667,20,5,-999,-999,-999,-999,-999,-999,-999,-999,0,-999,-999
66048004,20160713000000,42.453333,3.136667,20,5,-999,-999,-999,-999,-999,-999,-999,-999,0,-999,-999
66048004,20160714000000,42.453333,3.136667,20,5,-999,-999,-999,-999,-999,-999,-999,-999,0,-999,-999
66048004,20160715000000,42.453333,3.136667,20,5,-999,-999,-999,-999,-999,-999,-999,-999,0,-999,-999
66048004,20160716000000,42.453333,3.136667,20,5,-999,-999,-999,-999,-999,-999,-999,-999,0,-999,-999
66048004,20160717000000,42.453333,3.136667,20,5,-999,-999,-999,-999,-999,-999,-999,-999,0,-999,-999
66048004,20160718000000,42.453333,3.136667,20,5,-999,-999,-999,-999,-999,-999,-999,-999,0,-999,-999
66048004,20160719000000,42.453333,3.136667,20,5,-999,-999,-999,-999,-999,-999,-999,-999,0,-999,-999
66048004,20160720000000,42.453333,3.136667,20,5,-999,-999,-999,-999,-999,-999,-999,-999,0,-999,-999
66048004,20160721000000,42.453333,3.136667,20,5,-999,-999,-999,-999,-999,-999,-999,-999,9,-999,-999
66048004,20160722000000,42.453333,3.136667,20,5,-999,-999,-999,-999,-999,-999,-999,-999,0,-999,-999
66048004,20160723000000,42.453333,3.136667,20,5,-999,-999,-999,-999,-999,-999,-999,-999,0,-999,-999
66048004,20160724000000,42.453333,3.136667,20,5,-999,-999,-999,-999,-999,-999,-999,-999,0,-999,-999
66048004,20160725000000,42.453333,3.136667,20,5,-999,-999,-999,-999,-999,-999,-999,-999,0,-999,-999
66048004,20160726000000,42.453333,3.136667,20,5,-999,-999,-999,-999,-999,-999,-999,-999,0,-999,-999
66048004,20160727000000,42.453333,3.136667,20,5,-999,-999,-999,-999,-999,-999,-999,-999,0,-999,-999
66048004,20160728000000,42.453333,3.136667,20,5,-999,-999,-999,-999,-999,-999,-999,-999,0.5,-999,-999
66048004,20160729000000,42.453333,3.136667,20,5,-999,-999,-999,-999,-999,-999,-999,-999,0,-999,-999
66048004,20160730000000,42.453333,3.136667,20,5,-999,-999,-999,-999,-999,-999,-999,-999,0,-999,-999
66048004,20160731000000,42.453333,3.136667,20,5,-999,-999,-999,-999,-999,-999,-999,-999,0,-999,-999
66048004,20160801000000,42.453333,3.136667,20,5,-999,-999,-999,-999,-999,-999,-999,-999,0,-999,-999
66048004,20160802000000,42.453333,3.136667,20,5,-999,-999,-999,-999,-999,-999,-999,-999,0,-999,-999
66048004,20160803000000,42.453333,3.136667,20,5,-999,-999,-999,-999,-999,-999,-999,-999,2,-999,-999
66048004,20160804000000,42.453333,3.136667,20,5,-999,-999,-999,-999,-999,-999,-999,-999,1.5,-999,-999
66048004,20160805000000,42.453333,3.136667,20,5,-999,-999,-999,-999,-999,-999,-999,-999,0,-999,-999
66048004,20160806000000,42.453333,3.136667,20,5,-999,-999,-999,-999,-999,-999,-999,-999,0.5,-999,-999
66048004,20160807000000,42.453333,3.136667,20,5,-999,-999,-999,-999,-999,-999,-999,-999,0,-999,-999
66048004,20160808000000,42.453333,3.136667,20,5,-999,-999,-999,-999,-999,-999,-999,-999,0.5,-999,-999
66048004,20160809000000,42.453333,3.136667,20,5,-999,-999,-999,-999,-999,-999,-999,-999,1,-999,-999
66048004,20160810000000,42.453333,3.136667,20,5,-999,-999,-999,-999,-999,-999,-999,-999,0,-999,-999
66048004,20160811000000,42.453333,3.136667,20,5,-999,-999,-999,-999,-999,-999,-999,-999,0,-999,-999
66048004,20160812000000,42.453333,3.136667,20,5,-999,-999,-999,-999,-999,-999,-999,-999,0,-999,-999
66048004,20160813000000,42.453333,3.136667,20,5,-999,-999,-999,-999,-999,-999,-999,-999,0,-999,-999
66048004,20160814000000,42.453333,3.136667,20,5,-999,-999,-999,-999,-999,-999,-999,-999,0.5,-999,-999
66048004,20160815000000,42.453333,3.136667,20,5,-999,-999,-999,-999,-999,-999,-999,-999,0,-999,-999
66048004,20160816000000,42.453333,3.136667,20,5,-999,-999,-999,-999,-999,-999,-999,-999,0,-999,-999
66048004,20160817000000,42.453333,3.136667,20,5,-999,-999,-999,-999,-999,-999,-999,-999,6.5,-999,-999
66048004,20160818000000,42.453333,3.136667,20,5,-999,-999,-999,-999,-999,-999,-999,-999,0,-999,-999
66048004,20160819000000,42.453333,3.136667,20,5,-999,-999,-999,-999,-999,-999,-999,-999,0,-999,-999
66048004,20160820000000,42.453333,3.136667,20,5,-999,-999,-999,-999,-999,-999,-999,-999,0,-999,-999
66048004,20160821000000,42.453333,3.136667,20,5,-999,-999,-999,-999,-999,-999,-999,-999,0,-999,-999
66048004,20160822000000,42.453333,3.136667,20,5,-999,-999,-999,-999,-999,-999,-999,-999,0,-999,-999
66048004,20160823000000,42.453333,3.136667,20,5,-999,-999,-999,-999,-999,-999,-999,-999,0,-999,-999
66048004,20160824000000,42.453333,3.136667,20,5,-999,-999,-999,-999,-999,-999,-999,-999,0,-999,-999
66048004,20160825000000,42.453333,3.136667,20,5,-999,-999,-999,-999,-999,-999,-999,-999,0,-999,-999
66048004,20160826000000,42.453333,3.136667,20,5,-999,-999,-999,-999,-999,-999,-999,-999,0,-999,-999
66048004,20160827000000,42.453333,3.136667,20,5,-999,-999,-999,-999,-999,-999,-999,-999,0,-999,-999
66048004,20160828000000,42.453333,3.136667,20,5,-999,-999,-999,-999,-999,-999,-999,-999,0.5,-999,-999
66048004,20160829000000,42.453333,3.136667,20,5,-999,-999,-999,-999,-999,-999,-999,-999,0,-999,-999
66048004,20160830000000,42.453333,3.136667,20,5,-999,-999,-999,-999,-999,-999,-999,-999,0,-999,-999
66048004,20160831000000,42.453333,3.136667,20,5,-999,-999,-999,-999,-999,-999,-999,-999,0,-999,-999
66048004,20160901000000,42.453333,3.136667,20,5,-999,-999,-999,-999,-999,-999,-999,-999,0,-999,-999
66048004,20160902000000,42.453333,3.136667,20,5,-999,-999,-999,-999,-999,-999,-999,-999,0,-999,-999
66048004,20160903000000,42.453333,3.136667,20,5,-999,-999,-999,-999,-999,-999,-999,-999,0.5,-999,-999
66048004,20160904000000,42.453333,3.136667,20,5,-999,-999,-999,-999,-999,-999,-999,-999,0,-999,-999
66048004,20160905000000,42.453333,3.136667,20,5,-999,-999,-999,-999,-999,-999,-999,-999,0,-999,-999
66048004,20160906000000,42.453333,3.136667,20,5,-999,-999,-999,-999,-999,-999,-999,-999,0.5,-999,-999
66048004,20160907000000,42.453333,3.136667,20,5,-999,-999,-999,-999,-999,-999,-999,-999,0,-999,-999
66048004,20160908000000,42.453333,3.136667,20,5,-999,-999,-999,-999,-999,-999,-999,-999,0,-999,-999
66048004,20160909000000,42.453333,3.136667,20,5,-999,-999,-999,-999,-999,-999,-999,-999,0,-999,-999
66048004,20160910000000,42.453333,3.136667,20,5,-999,-999,-999,-999,-999,-999,-999,-999,0,-999,-999
66048004,20160911000000,42.453333,3.136667,20,5,-999,-999,-999,-999,-999,-999,-999,-999,1,-999,-999
66048004,20160912000000,42.453333,3.136667,20,5,-999,-999,-999,-999,-999,-999,-999,-999,0,-999,-999
66048004,20160913000000,42.453333,3.136667,20,5,-999,-999,-999,-999,-999,-999,-999,-999,14.5,-999,-999
66048004,20160914000000,42.453333,3.136667,20,5,-999,-999,-999,-999,-999,-999,-999,-999,7,-999,-999
66048004,20160915000000,42.453333,3.136667,20,5,-999,-999,-999,-999,-999,-999,-999,-999,0,-999,-999
66048004,20160916000000,42.453333,3.136667,20,5,-999,-999,-999,-999,-999,-999,-999,-999,0,-999,-999
66048004,20160917000000,42.453333,3.136667,20,5,-999,-999,-999,-999,-999,-999,-999,-999,0,-999,-999
66048004,20160918000000,42.453333,3.136667,20,5,-999,-999,-999,-999,-999,-999,-999,-999,0,-999,-999
66048004,20160919000000,42.453333,3.136667,20,5,-999,-999,-999,-999,-999,-999,-999,-999,0,-999,-999
66048004,20160920000000,42.453333,3.136667,20,5,-999,-999,-999,-999,-999,-999,-999,-999,0,-999,-999
66048004,20160921000000,42.453333,3.136667,20,5,-999,-999,-999,-999,-999,-999,-999,-999,0,-999,-999
66048004,20160922000000,42.453333,3.136667,20,5,-999,-999,-999,-999,-999,-999,-999,-999,0,-999,-999
66048004,20160923000000,42.453333,3.136667,20,5,-999,-999,-999,-999,-999,-999,-999,-999,0,-999,-999
66048004,20160924000000,42.453333,3.136667,20,5,-999,-999,-999,-999,-999,-999,-999,-999,0,-999,-999
66048004,20160925000000,42.453333,3.136667,20,5,-999,-999,-999,-999,-999,-999,-999,-999,7,-999,-999
66048004,20160926000000,42.453333,3.136667,20,5,-999,-999,-999,-999,-999,-999,-999,-999,0,-999,-999
66048004,20160927000000,42.453333,3.136667,20,5,-999,-999,-999,-999,-999,-999,-999,-999,0,-999,-999
66048004,20160928000000,42.453333,3.136667,20,5,-999,-999,-999,-999,-999,-999,-999,-999,0,-999,-999
66048004,20160929000000,42.453333,3.136667,20,5,-999,-999,-999,-999,-999,-999,-999,-999,0,-999,-999
66048004,20160930000000,42.453333,3.136667,20,5,-999,-999,-999,-999,-999,-999,-999,-999,0,-999,-999
66048004,20161001000000,42.453333,3.136667,20,5,-999,-999,-999,-999,-999,-999,-999,-999,0,-999,-999
66048004,20161002000000,42.453333,3.136667,20,5,-999,-999,-999,-999,-999,-999,-999,-999,0,-999,-999
66048004,20161004000000,42.453333,3.136667,20,5,-999,-999,-999,-999,-999,-999,-999,-999,0,-999,-999
66048004,20161005000000,42.453333,3.136667,20,5,-999,-999,-999,-999,-999,-999,-999,-999,1,-999,-999
66048004,20161007000000,42.453333,3.136667,20,5,-999,-999,-999,-999,-999,-999,-999,-999,0,-999,-999
66048004,20161008000000,42.453333,3.136667,20,5,-999,-999,-999,-999,-999,-999,-999,-999,0,-999,-999
66048004,20161009000000,42.453333,3.136667,20,5,-999,-999,-999,-999,-999,-999,-999,-999,0,-999,-999
66048004,20161010000000,42.453333,3.136667,20,5,-999,-999,-999,-999,-999,-999,-999,-999,0,-999,-999
66048004,20161011000000,42.453333,3.136667,20,5,-999,-999,-999,-999,-999,-999,-999,-999,0,-999,-999
66048004,20161012000000,42.453333,3.136667,20,5,-999,-999,-999,-999,-999,-999,-999,-999,48.5,-999,-999
66048004,20161013000000,42.453333,3.136667,20,5,-999,-999,-999,-999,-999,-999,-999,-999,128,-999,-999
66048004,20161014000000,42.453333,3.136667,20,5,-999,-999,-999,-999,-999,-999,-999,-999,6.5,-999,-999
66048004,20161015000000,42.453333,3.136667,20,5,-999,-999,-999,-999,-999,-999,-999,-999,0,-999,-999
66048004,20161016000000,42.453333,3.136667,20,5,-999,-999,-999,-999,-999,-999,-999,-999,0,-999,-999
66048004,20161018000000,42.453333,3.136667,20,5,-999,-999,-999,-999,-999,-999,-999,-999,0,-999,-999
66048004,20161019000000,42.453333,3.136667,20,5,-999,-999,-999,-999,-999,-999,-999,-999,0,-999,-999
66048004,20161020000000,42.453333,3.136667,20,5,-999,-999,-999,-999,-999,-999,-999,-999,0,-999,-999
66048004,20161021000000,42.453333,3.136667,20,5,-999,-999,-999,-999,-999,-999,-999,-999,0,-999,-999
66048004,20161022000000,42.453333,3.136667,20,5,-999,-999,-999,-999,-999,-999,-999,-999,1,-999,-999
66048004,20161023000000,42.453333,3.136667,20,5,-999,-999,-999,-999,-999,-999,-999,-999,0,-999,-999
66048004,20161024000000,42.453333,3.136667,20,5,-999,-999,-999,-999,-999,-999,-999,-999,1.5,-999,-999
66048004,20161025000000,42.453333,3.136667,20,5,-999,-999,-999,-999,-999,-999,-999,-999,0.5,-999,-999
66048004,20161026000000,42.453333,3.136667,20,5,-999,-999,-999,-999,-999,-999,-999,-999,0,-999,-999
66048004,20161027000000,42.453333,3.136667,20,5,-999,-999,-999,-999,-999,-999,-999,-999,0,-999,-999
66048004,20161028000000,42.453333,3.136667,20,5,-999,-999,-999,-999,-999,-999,-999,-999,0,-999,-999
66048004,20161029000000,42.453333,3.136667,20,5,-999,-999,-999,-999,-999,-999,-999,-999,0,-999,-999
66048004,20161031000000,42.453333,3.136667,20,5,-999,-999,-999,-999,-999,-999,-999,-999,0,-999,-999
66048004,20161101000000,42.453333,3.136667,20,5,-999,-999,-999,-999,-999,-999,-999,-999,0,-999,-999
66048004,20161102000000,42.453333,3.136667,20,5,-999,-999,-999,-999,-999,-999,-999,-999,0,-999,-999
66048004,20161103000000,42.453333,3.136667,20,5,-999,-999,-999,-999,-999,-999,-999,-999,0,-999,-999
66048004,20161104000000,42.453333,3.136667,20,5,-999,-999,-999,-999,-999,-999,-999,-999,0,-999,-999
66048004,20161105000000,42.453333,3.136667,20,5,-999,-999,-999,-999,-999,-999,-999,-999,9,-999,-999
66048004,20161106000000,42.453333,3.136667,20,5,-999,-999,-999,-999,-999,-999,-999,-999,0,-999,-999
66048004,20161108000000,42.453333,3.136667,20,5,-999,-999,-999,-999,-999,-999,-999,-999,0,-999,-999
66048004,20161109000000,42.453333,3.136667,20,5,-999,-999,-999,-999,-999,-999,-999,-999,0,-999,-999
66048004,20161110000000,42.453333,3.136667,20,5,-999,-999,-999,-999,-999,-999,-999,-999,0,-999,-999
66048004,20161111000000,42.453333,3.136667,20,5,-999,-999,-999,-999,-999,-999,-999,-999,0.5,-999,-999
66048004,20161112000000,42.453333,3.136667,20,5,-999,-999,-999,-999,-999,-999,-999,-999,1,-999,-999
