6088019,20140101000000,43.733167,7.287833,63,5,2.7,-999,7,-999,-999,-999,-999,-999,-999,-999,-999
6088019,20140102000000,43.733167,7.287833,63,5,-999,9.9,9.1,-999,-999,-999,-999,-999,4.7,-999,-999
6088019,20140103000000,43.733167,7.287833,63,5,7.6,11.5,9.7,-999,-999,-999,-999,-999,2.1,-999,-999
6088019,20140104000000,43.733167,7.287833,63,5,9.7,13.8,11.5,-999,-999,-999,-999,-999,60.3,-999,-999
6088019,20140105000000,43.733167,7.287833,63,5,8.4,14.4,9.6,-999,-999,-999,-999,-999,5.4,-999,-999
6088019,20140106000000,43.733167,7.287833,63,5,4.6,14.7,8.3,-999,-999,-999,-999,-999,0,-999,-999
6088019,20140107000000,43.733167,7.287833,63,5,5.8,14.4,9.6,-999,-999,-999,-999,-999,0,-999,-999
6088019,20140108000000,43.733167,7.287833,63,5,8.6,15.8,11,-999,-999,-999,-999,-999,0,-999,-999
6088019,20140109000000,43.733167,7.287833,63,5,6.8,13.9,10,-999,-999,-999,-999,-999,0,-999,-999
6088019,20140110000000,43.733167,7.287833,63,5,4.8,13.3,9,-999,-999,-999,-999,-999,-999,-999,-999
6088019,20140111000000,43.733167,7.287833,63,5,7.9,16.2,11.2,-999,-999,-999,-999,-999,0,-999,-999
6088019,20140112000000,43.733167,7.287833,63,5,7.6,14.6,9.8,-999,-999,-999,-999,-999,0,-999,-999
6088019,20140113000000,43.733167,7.287833,63,5,7.6,13.7,10.3,-999,-999,-999,-999,-999,13.9,-999,-999
6088019,20140114000000,43.733167,7.287833,63,5,8.1,13.3,8.9,-999,-999,-999,-999,-999,0,-999,-999
6088019,20140115000000,43.733167,7.287833,63,5,3.1,13.9,7.2,-999,-999,-999,-999,-999,0,-999,-999
6088019,20140116000000,43.733167,7.287833,63,5,5.7,10.7,7.7,-999,-999,-999,-999,-999,122.7,-999,-999
6088019,20140117000000,43.733167,7.287833,63,5,8.7,11.9,10.5,-999,-999,-999,-999,-999,15.6,-999,-999
6088019,20140118000000,43.733167,7.287833,63,5,8.2,10.4,9.3,-999,-999,-999,-999,-999,35.7,-999,-999
6088019,20140119000000,43.733167,7.287833,63,5,9.5,-999,10,-999,-999,-999,-999,-999,-999,-999,-999
6088019,20140120000000,43.733167,7.287833,63,5,-999,13.5,10,-999,-999,-999,-999,-999,0,-999,-999
6088019,20140121000000,43.733167,7.287833,63,5,5.8,15.9,9.2,-999,-999,-999,-999,-999,-999,-999,-999
6088019,20140122000000,43.733167,7.287833,63,5,5.8,13.4,8.3,-999,-999,-999,-999,-999,0.3,-999,-999
6088019,20140123000000,43.733167,7.287833,63,5,6.3,12.3,8.7,-999,-999,-999,-999,-999,-999,-999,-999
6088019,20140124000000,43.733167,7.287833,63,5,4,14.4,8,-999,-999,-999,-999,-999,0,-999,-999
6088019,20140125000000,43.733167,7.287833,63,5,1.9,16.3,6.5,-999,-999,-999,-999,-999,0,-999,-999
6088019,20140126000000,43.733167,7.287833,63,5,2.6,17.1,10.1,-999,-999,-999,-999,-999,0,-999,-999
6088019,20140127000000,43.733167,7.287833,63,5,4.8,13.6,8.1,-999,-999,-999,-999,-999,0,-999,-999
6088019,20140128000000,43.733167,7.287833,63,5,2.8,11.3,6.7,-999,-999,-999,-999,-999,0.7,-999,-999
6088019,20140129000000,43.733167,7.287833,63,5,3.4,6.8,5.6,-999,-999,-999,-999,-999,8.8,-999,-999
6088019,20140130000000,43.733167,7.287833,63,5,5.7,7.6,6.6,-999,-999,-999,-999,-999,18,-999,-999
6088019,20140201000000,43.733167,7.287833,63,5,2.6,11.1,6.5,-999,-999,-999,-999,-999,1.9,-999,-999
6088019,20140202000000,43.733167,7.287833,63,5,6.5,9.1,7.4,-999,-999,-999,-999,-999,5.6,-999,-999
6088019,20140203000000,43.733167,7.287833,63,5,5.3,12.4,8.9,-999,-999,-999,-999,-999,2.4,-999,-999
6088019,20140204000000,43.733167,7.287833,63,5,5.2,7.7,6.3,-999,-999,-999,-999,-999,9,-999,-999
6088019,20140205000000,43.733167,7.287833,63,5,4.5,8.1,6.2,-999,-999,-999,-999,-999,17.6,-999,-999
6088019,20140206000000,43.733167,7.287833,63,5,2.6,13.3,7.5,-999,-999,-999,-999,-999,0.6,-999,-999
6088019,20140207000000,43.733167,7.287833,63,5,-999,-999,8.3,-999,-999,-999,-999,-999,-999,-999,-999
6088019,20140208000000,43.733167,7.287833,63,5,3.4,10.7,6.3,-999,-999,-999,-999,-999,25.5,-999,-999
6088019,20140209000000,43.733167,7.287833,63,5,5.3,15,9.9,-999,-999,-999,-999,-999,9.7,-999,-999
6088019,20140210000000,43.733167,7.287833,63,5,5.9,9.3,7.6,-999,-999,-999,-999,-999,12.8,-999,-999
6088019,20140211000000,43.733167,7.287833,63,5,6.4,14.3,9.1,-999,-999,-999,-999,-999,0,-999,-999
6088019,20140212000000,43.733167,7.287833,63,5,3.4,14.8,8.4,-999,-999,-999,-999,-999,0,-999,-999
6088019,20140213000000,43.733167,7.287833,63,5,3.5,15.3,9.4,-999,-999,-999,-999,-999,0,-999,-999
6088019,20140214000000,43.733167,7.287833,63,5,4.9,16.4,10.4,-999,-999,-999,-999,-999,0,-999,-999
6088019,20140215000000,43.733167,7.287833,63,5,8.6,12.5,10.8,-999,-999,-999,-999,-999,0.2,-999,-999
6088019,20140216000000,43.733167,7.287833,63,5,7.5,14.9,11.7,-999,-999,-999,-999,-999,5.7,-999,-999
6088019,20140217000000,43.733167,7.287833,63,5,7.9,15.4,10.7,-999,-999,-999,-999,-999,0,-999,-999
6088019,20140218000000,43.733167,7.287833,63,5,5.9,17.7,11.8,-999,-999,-999,-999,-999,0,-999,-999
6088019,20140219000000,43.733167,7.287833,63,5,11.5,15.2,12.6,-999,-999,-999,-999,-999,0,-999,-999
6088019,20140220000000,43.733167,7.287833,63,5,9.1,15.8,11.3,-999,-999,-999,-999,-999,0,-999,-999
6088019,20140221000000,43.733167,7.287833,63,5,6.9,14.5,10.9,-999,-999,-999,-999,-999,-999,-999,-999
6088019,20140222000000,43.733167,7.287833,63,5,5.1,16.1,9.6,-999,-999,-999,-999,-999,0,-999,-999
6088019,20140223000000,43.733167,7.287833,63,5,3.8,16.6,8.8,-999,-999,-999,-999,-999,0,-999,-999
6088019,20140224000000,43.733167,7.287833,63,5,4.2,14.1,8.3,-999,-999,-999,-999,-999,0,-999,-999
6088019,20140225000000,43.733167,7.287833,63,5,3.3,13.3,8.6,-999,-999,-999,-999,-999,13.9,-999,-999
6088019,20140226000000,43.733167,7.287833,63,5,7.5,12,8.2,-999,-999,-999,-999,-999,0.9,-999,-999
6088019,20140227000000,43.733167,7.287833,63,5,2.9,13.1,7.7,-999,-999,-999,-999,-999,0,-999,-999
6088019,20140228000000,43.733167,7.287833,63,5,4.3,12.3,7.3,-999,-999,-999,-999,-999,11.8,-999,-999
6088019,20140301000000,43.733167,7.287833,63,5,-999,-999,8.2,-999,-999,-999,-999,-999,-999,-999,-999
6088019,20140302000000,43.733167,7.287833,63,5,4.9,13.2,9.1,-999,-999,-999,-999,-999,0,-999,-999
6088019,20140303000000,43.733167,7.287833,63,5,5.2,8.1,6.2,-999,-999,-999,-999,-999,21.8,-999,-999
6088019,20140304000000,43.733167,7.287833,63,5,4.9,15.3,9.5,-999,-999,-999,-999,-999,0,-999,-999
6088019,20140305000000,43.733167,7.287833,63,5,5.2,17.6,10.3,-999,-999,-999,-999,-999,0,-999,-999
6088019,20140306000000,43.733167,7.287833,63,5,5.9,19.5,11.3,-999,-999,-999,-999,-999,0,-999,-999
6088019,20140307000000,43.733167,7.287833,63,5,6,20.3,11.7,-999,-999,-999,-999,-999,0,-999,-999
6088019,20140308000000,43.733167,7.287833,63,5,6.3,19.2,11.8,-999,-999,-999,-999,-999,0,-999,-999
6088019,20140309000000,43.733167,7.287833,63,5,5.4,16.7,10.5,-999,-999,-999,-999,-999,-999,-999,-999
6088019,20140310000000,43.733167,7.287833,63,5,6.3,16.4,10.4,-999,-999,-999,-999,-999,0,-999,-999
6088019,20140311000000,43.733167,7.287833,63,5,6.3,16,10.8,-999,-999,-999,-999,-999,0,-999,-999
6088019,20140312000000,43.733167,7.287833,63,5,5.5,16.5,10.4,-999,-999,-999,-999,-999,0,-999,-999
6088019,20140313000000,43.733167,7.287833,63,5,5.3,17.8,11.2,-999,-999,-999,-999,-999,0,-999,-999
6088019,20140314000000,43.733167,7.287833,63,5,6.5,19.2,12.2,-999,-999,-999,-999,-999,0,-999,-999
6088019,20140315000000,43.733167,7.287833,63,5,6.3,17.2,11.7,-999,-999,-999,-999,-999,0,-999,-999
6088019,20140316000000,43.733167,7.287833,63,5,7,18.7,12.4,-999,-999,-999,-999,-999,0,-999,-999
6088019,20140317000000,43.733167,7.287833,63,5,8,17.2,12.6,-999,-999,-999,-999,-999,0,-999,-999
6088019,20140318000000,43.733167,7.287833,63,5,11.5,16.2,13.8,-999,-999,-999,-999,-999,0,-999,-999
6088019,20140319000000,43.733167,7.287833,63,5,13,17.9,14.8,-999,-999,-999,-999,-999,0,-999,-999
6088019,20140320000000,43.733167,7.287833,63,5,8.8,19.1,13.7,-999,-999,-999,-999,-999,0,-999,-999
6088019,20140321000000,43.733167,7.287833,63,5,8.5,16.2,12.8,-999,-999,-999,-999,-999,0,-999,-999
6088019,20140322000000,43.733167,7.287833,63,5,10.7,13,11.4,-999,-999,-999,-999,-999,46.9,-999,-999
6088019,20140323000000,43.733167,7.287833,63,5,7.4,16.7,11.4,-999,-999,-999,-999,-999,0,-999,-999
6088019,20140324000000,43.733167,7.287833,63,5,8.1,16.2,11.7,-999,-999,-999,-999,-999,0,-999,-999
6088019,20140325000000,43.733167,7.287833,63,5,6.3,15.1,9.6,-999,-999,-999,-999,-999,1,-999,-999
6088019,20140326000000,43.733167,7.287833,63,5,4.8,15.2,10.8,-999,-999,-999,-999,-999,0,-999,-999
6088019,20140327000000,43.733167,7.287833,63,5,9.2,15.1,11.4,-999,-999,-999,-999,-999,0,-999,-999
6088019,20140328000000,43.733167,7.287833,63,5,5.6,17.4,11.5,-999,-999,-999,-999,-999,0,-999,-999
6088019,20140329000000,43.733167,7.287833,63,5,7.1,19.6,15.2,-999,-999,-999,-999,-999,0,-999,-999
6088019,20140330000000,43.733167,7.287833,63,5,11.3,20.5,15,-999,-999,-999,-999,-999,0,-999,-999
6088019,20140331000000,43.733167,7.287833,63,5,7.8,16.9,12.5,-999,-999,-999,-999,-999,0,-999,-999
6088019,20140401000000,43.733167,7.287833,63,5,8.3,16.6,12.8,-999,-999,-999,-999,-999,0,-999,-999
6088019,20140402000000,43.733167,7.287833,63,5,11,18.1,14.1,-999,-999,-999,-999,-999,0,-999,-999
6088019,20140403000000,43.733167,7.287833,63,5,10.7,19.7,15.8,-999,-999,-999,-999,-999,0.1,-999,-999
6088019,20140404000000,43.733167,7.287833,63,5,14,17.6,15.5,-999,-999,-999,-999,-999,0.5,-999,-999
6088019,20140405000000,43.733167,7.287833,63,5,12.1,21.3,16.3,-999,-999,-999,-999,-999,0,-999,-999
6088019,20140406000000,43.733167,7.287833,63,5,11.3,21.5,16.5,-999,-999,-999,-999,-999,0,-999,-999
6088019,20140407000000,43.733167,7.287833,63,5,11.7,21.9,16.3,-999,-999,-999,-999,-999,0,-999,-999
6088019,20140408000000,43.733167,7.287833,63,5,10.4,16.3,13.8,-999,-999,-999,-999,-999,1,-999,-999
6088019,20140409000000,43.733167,7.287833,63,5,10.5,19.3,14.9,-999,-999,-999,-999,-999,0,-999,-999
6088019,20140410000000,43.733167,7.287833,63,5,8.7,18.9,13.9,-999,-999,-999,-999,-999,0,-999,-999
6088019,20140411000000,43.733167,7.287833,63,5,12,16.9,13.9,-999,-999,-999,-999,-999,0,-999,-999
6088019,20140412000000,43.733167,7.287833,63,5,11.7,18.2,15.2,-999,-999,-999,-999,-999,0,-999,-999
6088019,20140413000000,43.733167,7.287833,63,5,13.2,18.6,15.5,-999,-999,-999,-999,-999,0,-999,-999
6088019,20140414000000,43.733167,7.287833,63,5,10.4,18.3,14.5,-999,-999,-999,-999,-999,0,-999,-999
6088019,20140716000000,43.733167,7.287833,63,5,-999,-999,24.8,-999,-999,-999,-999,-999,-999,-999,-999
6088019,20140717000000,43.733167,7.287833,63,5,18.9,31.3,25.3,-999,-999,-999,-999,-999,0,-999,-999
6088019,20140718000000,43.733167,7.287833,63,5,20.1,29.8,24.7,-999,-999,-999,-999,-999,0,-999,-999
6088019,20140719000000,43.733167,7.287833,63,5,20.5,28.5,24.7,-999,-999,-999,-999,-999,-999,-999,-999
6088019,20140720000000,43.733167,7.287833,63,5,20.3,30.5,25.4,-999,-999,-999,-999,-999,0.4,-999,-999
6088019,20140721000000,43.733167,7.287833,63,5,18.1,28.5,21.3,-999,-999,-999,-999,-999,-999,-999,-999
6088019,20140722000000,43.733167,7.287833,63,5,16.5,26.2,21.8,-999,-999,-999,-999,-999,0,-999,-999
6088019,20140723000000,43.733167,7.287833,63,5,18.9,27.8,23.8,-999,-999,-999,-999,-999,0,-999,-999
6088019,20140724000000,43.733167,7.287833,63,5,21.3,25.7,23.3,-999,-999,-999,-999,-999,0,-999,-999
6088019,20140725000000,43.733167,7.287833,63,5,18.7,26.9,22.2,-999,-999,-999,-999,-999,5.1,-999,-999
6088019,20140726000000,43.733167,7.287833,63,5,17.8,25.8,22,-999,-999,-999,-999,-999,-999,-999,-999
6088019,20140727000000,43.733167,7.287833,63,5,17.8,27.6,23.2,-999,-999,-999,-999,-999,0,-999,-999
6088019,20140728000000,43.733167,7.287833,63,5,18.7,28.4,23.2,-999,-999,-999,-999,-999,-999,-999,-999
6088019,20140729000000,43.733167,7.287833,63,5,18.6,24.8,21.4,-999,-999,-999,-999,-999,0,-999,-999
6088019,20140730000000,43.733167,7.287833,63,5,15.7,28.7,22.5,-999,-999,-999,-999,-999,0,-999,-999
6088019,20140731000000,43.733167,7.287833,63,5,18,27.3,23.2,-999,-999,-999,-999,-999,0,-999,-999
6088019,20140801000000,43.733167,7.287833,63,5,20.3,26.4,23.1,-999,-999,-999,-999,-999,0,-999,-999
6088019,20140802000000,43.733167,7.287833,63,5,20.5,28,23.7,-999,-999,-999,-999,-999,0,-999,-999
6088019,20140803000000,43.733167,7.287833,63,5,19.6,26.2,23.2,-999,-999,-999,-999,-999,0,-999,-999
6088019,20140804000000,43.733167,7.287833,63,5,20.1,27.5,23.7,-999,-999,-999,-999,-999,0,-999,-999
6088019,20140805000000,43.733167,7.287833,63,5,20,27.6,23.8,-999,-999,-999,-999,-999,0,-999,-999
6088019,20140806000000,43.733167,7.287833,63,5,18.7,28.7,23.9,-999,-999,-999,-999,-999,0,-999,-999
6088019,20140807000000,43.733167,7.287833,63,5,19.7,28.3,24,-999,-999,-999,-999,-999,0.1,-999,-999
6088019,20140808000000,43.733167,7.287833,63,5,19.1,27,23.5,-999,-999,-999,-999,-999,0.1,-999,-999
6088019,20140809000000,43.733167,7.287833,63,5,20.9,28.2,24.4,-999,-999,-999,-999,-999,0,-999,-999
6088019,20140810000000,43.733167,7.287833,63,5,19.5,29.8,25.2,-999,-999,-999,-999,-999,0,-999,-999
6088019,20140811000000,43.733167,7.287833,63,5,20.2,28.5,24.6,-999,-999,-999,-999,-999,0,-999,-999
6088019,20140812000000,43.733167,7.287833,63,5,19.7,29.3,24.6,-999,-999,-999,-999,-999,0,-999,-999
6088019,20140813000000,43.733167,7.287833,63,5,18,27.8,21.7,-999,-999,-999,-999,-999,15.2,-999,-999
6088019,20140814000000,43.733167,7.287833,63,5,16.9,27.8,22,-999,-999,-999,-999,-999,0,-999,-999
6088019,20140815000000,43.733167,7.287833,63,5,15.6,27.9,22,-999,-999,-999,-999,-999,0,-999,-999
6088019,20140816000000,43.733167,7.287833,63,5,16.1,25.2,20.1,-999,-999,-999,-999,-999,1.5,-999,-999
6088019,20140817000000,43.733167,7.287833,63,5,14.9,25.3,20.5,-999,-999,-999,-999,-999,0,-999,-999
6088019,20140818000000,43.733167,7.287833,63,5,15.5,25.4,21.6,-999,-999,-999,-999,-999,6.1,-999,-999
6088019,20140819000000,43.733167,7.287833,63,5,19,27,22.7,-999,-999,-999,-999,-999,0,-999,-999
6088019,20140820000000,43.733167,7.287833,63,5,19,27.6,22.5,-999,-999,-999,-999,-999,0,-999,-999
6088019,20140821000000,43.733167,7.287833,63,5,16.6,26.9,21.6,-999,-999,-999,-999,-999,0,-999,-999
6088019,20140822000000,43.733167,7.287833,63,5,15.9,25.5,21.7,-999,-999,-999,-999,-999,0.3,-999,-999
6088019,20140823000000,43.733167,7.287833,63,5,19.6,31.4,23.7,-999,-999,-999,-999,-999,-999,-999,-999
6088019,20140824000000,43.733167,7.287833,63,5,17.6,24.5,21.2,-999,-999,-999,-999,-999,0,-999,-999
6088019,20140825000000,43.733167,7.287833,63,5,16.2,24.4,20.4,-999,-999,-999,-999,-999,0,-999,-999
6088019,20140826000000,43.733167,7.287833,63,5,16.3,25.1,21.3,-999,-999,-999,-999,-999,0,-999,-999
6088019,20140827000000,43.733167,7.287833,63,5,19.3,31,24.7,-999,-999,-999,-999,-999,0,-999,-999
6088019,20140828000000,43.733167,7.287833,63,5,18.3,27.6,23.1,-999,-999,-999,-999,-999,0,-999,-999
6088019,20140829000000,43.733167,7.287833,63,5,-999,-999,23,-999,-999,-999,-999,-999,-999,-999,-999
6088019,20140830000000,43.733167,7.287833,63,5,18,26.6,22.6,-999,-999,-999,-999,-999,0,-999,-999
6088019,20140831000000,43.733167,7.287833,63,5,18.3,25.8,22,-999,-999,-999,-999,-999,0,-999,-999
6088019,20140901000000,43.733167,7.287833,63,5,17.8,27.1,22.2,-999,-999,-999,-999,-999,0,-999,-999
6088019,20140902000000,43.733167,7.287833,63,5,15.8,26.9,21.3,-999,-999,-999,-999,-999,0,-999,-999
6088019,20140903000000,43.733167,7.287833,63,5,15.5,26.4,21,-999,-999,-999,-999,-999,0,-999,-999
6088019,20140904000000,43.733167,7.287833,63,5,16.7,27.7,22.8,-999,-999,-999,-999,-999,0,-999,-999
6088019,20140905000000,43.733167,7.287833,63,5,18.3,28.9,23,-999,-999,-999,-999,-999,0,-999,-999
6088019,20140906000000,43.733167,7.287833,63,5,17.6,26.6,22.2,-999,-999,-999,-999,-999,0,-999,-999
6088019,20140907000000,43.733167,7.287833,63,5,17.1,26.1,22.1,-999,-999,-999,-999,-999,0,-999,-999
6088019,20140908000000,43.733167,7.287833,63,5,19,26.7,22.9,-999,-999,-999,-999,-999,0,-999,-999
6088019,20140909000000,43.733167,7.287833,63,5,19.8,26.4,23.2,-999,-999,-999,-999,-999,0,-999,-999
6088019,20140910000000,43.733167,7.287833,63,5,18.8,25.7,22.3,-999,-999,-999,-999,-999,0.2,-999,-999
6088019,20140911000000,43.733167,7.287833,63,5,19.6,26.3,22.1,-999,-999,-999,-999,-999,0,-999,-999
6088019,20140912000000,43.733167,7.287833,63,5,18.7,25.3,21.2,-999,-999,-999,-999,-999,0,-999,-999
6088019,20140913000000,43.733167,7.287833,63,5,14.8,26.3,20.4,-999,-999,-999,-999,-999,-999,-999,-999
6088019,20140914000000,43.733167,7.287833,63,5,15.3,24.9,20.4,-999,-999,-999,-999,-999,0,-999,-999
6088019,20140915000000,43.733167,7.287833,63,5,17.4,24.5,20.1,-999,-999,-999,-999,-999,1,-999,-999
6088019,20140916000000,43.733167,7.287833,63,5,17.3,25.3,21.2,-999,-999,-999,-999,-999,0,-999,-999
6088019,20140917000000,43.733167,7.287833,63,5,17.5,26.3,21.6,-999,-999,-999,-999,-999,0.4,-999,-999
6088019,20140918000000,43.733167,7.287833,63,5,18.7,27,22.9,-999,-999,-999,-999,-999,0,-999,-999
6088019,20140919000000,43.733167,7.287833,63,5,19.9,26.7,23.2,-999,-999,-999,-999,-999,1.4,-999,-999
6088019,20140920000000,43.733167,7.287833,63,5,20.1,27,23.1,-999,-999,-999,-999,-999,0,-999,-999
6088019,20140921000000,43.733167,7.287833,63,5,16.9,26,21.2,-999,-999,-999,-999,-999,0,-999,-999
6088019,20140922000000,43.733167,7.287833,63,5,16.3,25.4,20.5,-999,-999,-999,-999,-999,0,-999,-999
6088019,20140923000000,43.733167,7.287833,63,5,16,26.9,19.7,-999,-999,-999,-999,-999,0,-999,-999
6088019,20140924000000,43.733167,7.287833,63,5,16,22.4,18.9,-999,-999,-999,-999,-999,0,-999,-999
6088019,20140925000000,43.733167,7.287833,63,5,12.8,24.2,18.3,-999,-999,-999,-999,-999,0,-999,-999
6088019,20140926000000,43.733167,7.287833,63,5,13.2,24.8,18.9,-999,-999,-999,-999,-999,0,-999,-999
6088019,20140927000000,43.733167,7.287833,63,5,14.1,24.5,19,-999,-999,-999,-999,-999,0,-999,-999
6088019,20140928000000,43.733167,7.287833,63,5,13.5,26.6,19.8,-999,-999,-999,-999,-999,0,-999,-999
6088019,20140929000000,43.733167,7.287833,63,5,15.4,26.9,21.2,-999,-999,-999,-999,-999,0.3,-999,-999
6088019,20140930000000,43.733167,7.287833,63,5,18.2,23.8,19.9,-999,-999,-999,-999,-999,5.1,-999,-999
6088019,20141001000000,43.733167,7.287833,63,5,17.1,24.5,20.1,-999,-999,-999,-999,-999,0,-999,-999
6088019,20141002000000,43.733167,7.287833,63,5,16.2,25.8,20.7,-999,-999,-999,-999,-999,0,-999,-999
6088019,20141003000000,43.733167,7.287833,63,5,15.4,25.5,20.4,-999,-999,-999,-999,-999,0,-999,-999
6088019,20141004000000,43.733167,7.287833,63,5,15.2,24,20,-999,-999,-999,-999,-999,0,-999,-999
6088019,20141005000000,43.733167,7.287833,63,5,15.4,22.7,17.5,-999,-999,-999,-999,-999,7.9,-999,-999
6088019,20141006000000,43.733167,7.287833,63,5,12.5,23.2,17.2,-999,-999,-999,-999,-999,0,-999,-999
6088019,20141007000000,43.733167,7.287833,63,5,15.2,22.9,18.7,-999,-999,-999,-999,-999,0.6,-999,-999
6088019,20141008000000,43.733167,7.287833,63,5,17.4,25.9,20.4,-999,-999,-999,-999,-999,0,-999,-999
6088019,20150128000000,43.733167,7.287833,63,5,1.5,12.3,5.8,-999,-999,-999,-999,-999,0,-999,-999
6088019,20150129000000,43.733167,7.287833,63,5,1.8,12.3,6.9,-999,-999,-999,-999,-999,4.5,-999,-999
6088019,20150130000000,43.733167,7.287833,63,5,3.7,11.2,7.4,-999,-999,-999,-999,-999,0,-999,-999
6088019,20150131000000,43.733167,7.287833,63,5,1,12.8,6.1,-999,-999,-999,-999,-999,0,-999,-999
6088019,20150201000000,43.733167,7.287833,63,5,1,13.2,6.8,-999,-999,-999,-999,-999,0,-999,-999
6088019,20150202000000,43.733167,7.287833,63,5,1.6,12,5.6,-999,-999,-999,-999,-999,0,-999,-999
6088019,20150203000000,43.733167,7.287833,63,5,1.7,10.4,6.8,-999,-999,-999,-999,-999,0.2,-999,-999
6088019,20150204000000,43.733167,7.287833,63,5,6.4,11.3,9,-999,-999,-999,-999,-999,1.2,-999,-999
6088019,20150205000000,43.733167,7.287833,63,5,5.2,11,8,-999,-999,-999,-999,-999,2.8,-999,-999
6088019,20150206000000,43.733167,7.287833,63,5,3,10.4,6.5,-999,-999,-999,-999,-999,0.5,-999,-999
6088019,20150207000000,43.733167,7.287833,63,5,5,13.7,9,-999,-999,-999,-999,-999,0,-999,-999
6088019,20150208000000,43.733167,7.287833,63,5,1.4,11.7,6.2,-999,-999,-999,-999,-999,0,-999,-999
6088019,20150209000000,43.733167,7.287833,63,5,1.2,12.3,6.2,-999,-999,-999,-999,-999,0,-999,-999
6088019,20150210000000,43.733167,7.287833,63,5,2.4,14.6,7.6,-999,-999,-999,-999,-999,0,-999,-999
6088019,20150211000000,43.733167,7.287833,63,5,3,14.4,7.9,-999,-999,-999,-999,-999,0,-999,-999
6088019,20150212000000,43.733167,7.287833,63,5,3.6,15.9,8.8,-999,-999,-999,-999,-999,0,-999,-999
6088019,20150213000000,43.733167,7.287833,63,5,4.9,13.3,8.2,-999,-999,-999,-999,-999,12.4,-999,-999
6088019,20150214000000,43.733167,7.287833,63,5,6.8,8.3,7.1,-999,-999,-999,-999,-999,-999,-999,-999
6088019,20150215000000,43.733167,7.287833,63,5,5.1,11,7.6,-999,-999,-999,-999,-999,3.4,-999,-999
6088019,20150216000000,43.733167,7.287833,63,5,7.1,16.5,12.2,-999,-999,-999,-999,-999,0.5,-999,-999
6088019,20150217000000,43.733167,7.287833,63,5,10.9,15.7,12.1,-999,-999,-999,-999,-999,0,-999,-999
6088019,20150218000000,43.733167,7.287833,63,5,4.7,16.9,9.7,-999,-999,-999,-999,-999,0,-999,-999
6088019,20150219000000,43.733167,7.287833,63,5,2.8,13.6,7.5,-999,-999,-999,-999,-999,0,-999,-999
6088019,20150220000000,43.733167,7.287833,63,5,3.7,12.7,8.3,-999,-999,-999,-999,-999,0.5,-999,-999
6088019,20150221000000,43.733167,7.287833,63,5,6.3,8,7,-999,-999,-999,-999,-999,11.5,-999,-999
6088019,20150222000000,43.733167,7.287833,63,5,6.1,14.1,9.1,-999,-999,-999,-999,-999,0,-999,-999
6088019,20150223000000,43.733167,7.287833,63,5,4.1,14.1,8.4,-999,-999,-999,-999,-999,0,-999,-999
6088019,20150224000000,43.733167,7.287833,63,5,5.9,12,8.8,-999,-999,-999,-999,-999,0,-999,-999
6088019,20150225000000,43.733167,7.287833,63,5,4.3,15.4,9,-999,-999,-999,-999,-999,0,-999,-999
6088019,20150226000000,43.733167,7.287833,63,5,2.6,14.7,8,-999,-999,-999,-999,-999,0,-999,-999
6088019,20150227000000,43.733167,7.287833,63,5,4.2,12.4,8.2,-999,-999,-999,-999,-999,0,-999,-999
6088019,20150228000000,43.733167,7.287833,63,5,5.9,14.1,9.8,-999,-999,-999,-999,-999,0,-999,-999
6088019,20150301000000,43.733167,7.287833,63,5,5.5,16.6,10.2,-999,-999,-999,-999,-999,0,-999,-999
6088019,20150302000000,43.733167,7.287833,63,5,6.9,23.9,15.1,-999,-999,-999,-999,-999,0,-999,-999
6088019,20150303000000,43.733167,7.287833,63,5,7.4,18.1,12.1,-999,-999,-999,-999,-999,0,-999,-999
6088019,20150304000000,43.733167,7.287833,63,5,6.9,14.3,10.8,-999,-999,-999,-999,-999,0,-999,-999
6088019,20150305000000,43.733167,7.287833,63,5,4.6,16.5,9.9,-999,-999,-999,-999,-999,0,-999,-999
6088019,20150306000000,43.733167,7.287833,63,5,2.7,-999,8.7,-999,-999,-999,-999,-999,-999,-999,-999
6088019,20150308000000,43.733167,7.287833,63,5,4.6,15.7,9.7,-999,-999,-999,-999,-999,0,-999,-999
6088019,20150309000000,43.733167,7.287833,63,5,4,14.6,9.1,-999,-999,-999,-999,-999,0,-999,-999
6088019,20150310000000,43.733167,7.287833,63,5,4.4,14.5,9.6,-999,-999,-999,-999,-999,0,-999,-999
6088019,20150311000000,43.733167,7.287833,63,5,6.3,15.5,10.3,-999,-999,-999,-999,-999,0,-999,-999
6088019,20150312000000,43.733167,7.287833,63,5,7.2,16.3,10.5,-999,-999,-999,-999,-999,0,-999,-999
6088019,20150313000000,43.733167,7.287833,63,5,6.2,16.6,11,-999,-999,-999,-999,-999,0,-999,-999
6088019,20150314000000,43.733167,7.287833,63,5,8.7,13.2,10.4,-999,-999,-999,-999,-999,1.3,-999,-999
6088019,20150315000000,43.733167,7.287833,63,5,8.4,11.7,10.2,-999,-999,-999,-999,-999,1.5,-999,-999
6088019,20150316000000,43.733167,7.287833,63,5,5.9,14.9,10.6,-999,-999,-999,-999,-999,3.1,-999,-999
6088019,20150317000000,43.733167,7.287833,63,5,8.8,17.5,12.7,-999,-999,-999,-999,-999,-999,-999,-999
6088019,20150318000000,43.733167,7.287833,63,5,7.5,17,11.8,-999,-999,-999,-999,-999,-999,-999,-999
6088019,20150319000000,43.733167,7.287833,63,5,6.9,17.8,12.1,-999,-999,-999,-999,-999,0,-999,-999
6088019,20150320000000,43.733167,7.287833,63,5,8.1,17.6,12.4,-999,-999,-999,-999,-999,0,-999,-999
6088019,20150321000000,43.733167,7.287833,63,5,8.5,15.5,12.1,-999,-999,-999,-999,-999,0.8,-999,-999
6088019,20150322000000,43.733167,7.287833,63,5,8.8,12.8,10.1,-999,-999,-999,-999,-999,0.7,-999,-999
6088019,20150323000000,43.733167,7.287833,63,5,6.1,17.8,12.1,-999,-999,-999,-999,-999,0,-999,-999
6088019,20150324000000,43.733167,7.287833,63,5,10.6,17.4,13.6,-999,-999,-999,-999,-999,-999,-999,-999
6088019,20150325000000,43.733167,7.287833,63,5,10.6,15.5,12.5,-999,-999,-999,-999,-999,0.4,-999,-999
6088019,20150326000000,43.733167,7.287833,63,5,8.2,16.3,12.3,-999,-999,-999,-999,-999,0,-999,-999
6088019,20150327000000,43.733167,7.287833,63,5,7.4,20,13.1,-999,-999,-999,-999,-999,0,-999,-999
6088019,20150328000000,43.733167,7.287833,63,5,6.9,18.4,13,-999,-999,-999,-999,-999,0,-999,-999
6088019,20150329000000,43.733167,7.287833,63,5,7.9,17.3,12.9,-999,-999,-999,-999,-999,0,-999,-999
6088019,20150330000000,43.733167,7.287833,63,5,10.3,18.4,13.7,-999,-999,-999,-999,-999,0,-999,-999
6088019,20150331000000,43.733167,7.287833,63,5,9.9,18.9,15.1,-999,-999,-999,-999,-999,0,-999,-999
6088019,20150401000000,43.733167,7.287833,63,5,11,21.2,15.5,-999,-999,-999,-999,-999,0,-999,-999
6088019,20150402000000,43.733167,7.287833,63,5,7.4,19.1,12.8,-999,-999,-999,-999,-999,0,-999,-999
6088019,20150403000000,43.733167,7.287833,63,5,6.9,15.7,12.1,-999,-999,-999,-999,-999,0,-999,-999
6088019,20150404000000,43.733167,7.287833,63,5,7.8,16.3,12.3,-999,-999,-999,-999,-999,0.8,-999,-999
6088019,20150405000000,43.733167,7.287833,63,5,9.5,14.8,11,-999,-999,-999,-999,-999,1,-999,-999
6088019,20150406000000,43.733167,7.287833,63,5,4.7,14.3,9.9,-999,-999,-999,-999,-999,0,-999,-999
6088019,20150407000000,43.733167,7.287833,63,5,4.7,14.8,9.6,-999,-999,-999,-999,-999,-999,-999,-999
6088019,20150408000000,43.733167,7.287833,63,5,4.8,18.3,11.7,-999,-999,-999,-999,-999,0,-999,-999
6088019,20150409000000,43.733167,7.287833,63,5,6.7,17.5,12.4,-999,-999,-999,-999,-999,0,-999,-999
6088019,20150410000000,43.733167,7.287833,63,5,6.8,18.9,12.1,-999,-999,-999,-999,-999,0,-999,-999
6088019,20150411000000,43.733167,7.287833,63,5,6.3,17.1,12.4,-999,-999,-999,-999,-999,0,-999,-999
6088019,20150412000000,43.733167,7.287833,63,5,11.3,18.8,15,-999,-999,-999,-999,-999,0,-999,-999
6088019,20150413000000,43.733167,7.287833,63,5,10.4,21.5,16,-999,-999,-999,-999,-999,0,-999,-999
6088019,20150414000000,43.733167,7.287833,63,5,10,19.5,14.8,-999,-999,-999,-999,-999,0,-999,-999
6088019,20150415000000,43.733167,7.287833,63,5,9.9,18.4,14,-999,-999,-999,-999,-999,0.1,-999,-999
6088019,20150416000000,43.733167,7.287833,63,5,11.4,18.2,14.7,-999,-999,-999,-999,-999,0.9,-999,-999
6088019,20150417000000,43.733167,7.287833,63,5,13,18.7,15.6,-999,-999,-999,-999,-999,0,-999,-999
6088019,20150418000000,43.733167,7.287833,63,5,11.9,19.1,15.8,-999,-999,-999,-999,-999,0.5,-999,-999
6088019,20150419000000,43.733167,7.287833,63,5,14.3,18.1,15.4,-999,-999,-999,-999,-999,0.1,-999,-999
6088019,20150420000000,43.733167,7.287833,63,5,9.2,17.4,13.8,-999,-999,-999,-999,-999,0,-999,-999
6088019,20150421000000,43.733167,7.287833,63,5,10.1,21.8,15.9,-999,-999,-999,-999,-999,0,-999,-999
6088019,20150422000000,43.733167,7.287833,63,5,10.2,19.7,15.5,-999,-999,-999,-999,-999,0,-999,-999
6088019,20150423000000,43.733167,7.287833,63,5,12.7,19.6,15.5,-999,-999,-999,-999,-999,0,-999,-999
6088019,20150424000000,43.733167,7.287833,63,5,9.6,18.3,14.6,-999,-999,-999,-999,-999,0,-999,-999
6088019,20150425000000,43.733167,7.287833,63,5,11.9,18.4,15.2,-999,-999,-999,-999,-999,0.1,-999,-999
6088019,20150426000000,43.733167,7.287833,63,5,13.7,20.6,16.8,-999,-999,-999,-999,-999,1.3,-999,-999
6088019,20150427000000,43.733167,7.287833,63,5,13.5,16.2,14.4,-999,-999,-999,-999,-999,7.3,-999,-999
6088019,20150428000000,43.733167,7.287833,63,5,10.4,20.6,15.5,-999,-999,-999,-999,-999,0,-999,-999
6088019,20150429000000,43.733167,7.287833,63,5,11.3,19.5,15.1,-999,-999,-999,-999,-999,0,-999,-999
6088019,20150430000000,43.733167,7.287833,63,5,10.5,19.6,15.1,-999,-999,-999,-999,-999,0,-999,-999
6088019,20150501000000,43.733167,7.287833,63,5,11.3,16.2,14.5,-999,-999,-999,-999,-999,0.6,-999,-999
6088019,20150502000000,43.733167,7.287833,63,5,12,19.7,16.1,-999,-999,-999,-999,-999,0,-999,-999
6088019,20150503000000,43.733167,7.287833,63,5,13.5,21.6,17.3,-999,-999,-999,-999,-999,0,-999,-999
6088019,20150504000000,43.733167,7.287833,63,5,15.4,22.9,18.8,-999,-999,-999,-999,-999,0,-999,-999
6088019,20150505000000,43.733167,7.287833,63,5,16.6,25.6,20.5,-999,-999,-999,-999,-999,0,-999,-999
6088019,20150506000000,43.733167,7.287833,63,5,17.1,23.6,19.1,-999,-999,-999,-999,-999,0,-999,-999
6088019,20150507000000,43.733167,7.287833,63,5,14,20.3,17.3,-999,-999,-999,-999,-999,-999,-999,-999
6088019,20150508000000,43.733167,7.287833,63,5,13.6,20,16.8,-999,-999,-999,-999,-999,0,-999,-999
6088019,20150509000000,43.733167,7.287833,63,5,13.3,24.1,18.5,-999,-999,-999,-999,-999,0,-999,-999
6088019,20150510000000,43.733167,7.287833,63,5,14.4,25.7,20.2,-999,-999,-999,-999,-999,0,-999,-999
6088019,20150511000000,43.733167,7.287833,63,5,14.4,25.9,20.1,-999,-999,-999,-999,-999,0,-999,-999
6088019,20150512000000,43.733167,7.287833,63,5,14.6,24,19.6,-999,-999,-999,-999,-999,0,-999,-999
6088019,20150513000000,43.733167,7.287833,63,5,13.8,22.4,18.6,-999,-999,-999,-999,-999,0,-999,-999
6088019,20150514000000,43.733167,7.287833,63,5,14.7,24.6,19.5,-999,-999,-999,-999,-999,0.3,-999,-999
6088019,20150515000000,43.733167,7.287833,63,5,17.8,24,19.4,-999,-999,-999,-999,-999,0,-999,-999
6088019,20150516000000,43.733167,7.287833,63,5,12,22.6,18,-999,-999,-999,-999,-999,0,-999,-999
6088019,20150517000000,43.733167,7.287833,63,5,14.6,26.2,21.5,-999,-999,-999,-999,-999,0,-999,-999
6088019,20150518000000,43.733167,7.287833,63,5,17.1,28.3,21.1,-999,-999,-999,-999,-999,0,-999,-999
6088019,20150519000000,43.733167,7.287833,63,5,13.1,21.8,17.8,-999,-999,-999,-999,-999,-999,-999,-999
6088019,20150520000000,43.733167,7.287833,63,5,14.8,24.5,19.5,-999,-999,-999,-999,-999,7.3,-999,-999
6088019,20150521000000,43.733167,7.287833,63,5,9.5,17.3,13.8,-999,-999,-999,-999,-999,0,-999,-999
6088019,20150522000000,43.733167,7.287833,63,5,10.2,20.4,16.2,-999,-999,-999,-999,-999,0,-999,-999
6088019,20150523000000,43.733167,7.287833,63,5,13.4,20.2,17.2,-999,-999,-999,-999,-999,0,-999,-999
6088019,20150524000000,43.733167,7.287833,63,5,15,20.6,17.7,-999,-999,-999,-999,-999,0,-999,-999
6088019,20150525000000,43.733167,7.287833,63,5,15.8,21.5,18.1,-999,-999,-999,-999,-999,0.3,-999,-999
6088019,20150526000000,43.733167,7.287833,63,5,15.1,22.3,18.4,-999,-999,-999,-999,-999,0,-999,-999
6088019,20150527000000,43.733167,7.287833,63,5,14.1,22.8,18.7,-999,-999,-999,-999,-999,0,-999,-999
6088019,20150528000000,43.733167,7.287833,63,5,12.9,22.9,18.5,-999,-999,-999,-999,-999,0,-999,-999
6088019,20150529000000,43.733167,7.287833,63,5,13.1,22.3,17.7,-999,-999,-999,-999,-999,0,-999,-999
6088019,20150530000000,43.733167,7.287833,63,5,13.3,22.4,18.6,-999,-999,-999,-999,-999,-999,-999,-999
6088019,20150531000000,43.733167,7.287833,63,5,18.2,22.6,19.6,-999,-999,-999,-999,-999,0,-999,-999
6088019,20150601000000,43.733167,7.287833,63,5,14.7,22.7,19.3,-999,-999,-999,-999,-999,0,-999,-999
6088019,20150602000000,43.733167,7.287833,63,5,15.8,23,19.8,-999,-999,-999,-999,-999,0,-999,-999
6088019,20150603000000,43.733167,7.287833,63,5,16.5,24.1,20.7,-999,-999,-999,-999,-999,0,-999,-999
6088019,20150604000000,43.733167,7.287833,63,5,17.2,26.4,22.5,-999,-999,-999,-999,-999,0,-999,-999
6088019,20150605000000,43.733167,7.287833,63,5,19.1,32.9,26,-999,-999,-999,-999,-999,0,-999,-999
6088019,20150606000000,43.733167,7.287833,63,5,20.4,32.3,26.9,-999,-999,-999,-999,-999,0,-999,-999
6088019,20150607000000,43.733167,7.287833,63,5,21,30.1,25.9,-999,-999,-999,-999,-999,0,-999,-999
6088019,20150608000000,43.733167,7.287833,63,5,20.2,28.4,24.1,-999,-999,-999,-999,-999,0,-999,-999
6088019,20150609000000,43.733167,7.287833,63,5,-999,-999,23.4,-999,-999,-999,-999,-999,-999,-999,-999
6088019,20150610000000,43.733167,7.287833,63,5,17.5,29.6,24,-999,-999,-999,-999,-999,0,-999,-999
6088019,20150611000000,43.733167,7.287833,63,5,18.5,30.6,25.1,-999,-999,-999,-999,-999,0.1,-999,-999
6088019,20150612000000,43.733167,7.287833,63,5,19.9,29.7,23.9,-999,-999,-999,-999,-999,4.3,-999,-999
6088019,20150613000000,43.733167,7.287833,63,5,16.8,27.9,22.6,-999,-999,-999,-999,-999,0.1,-999,-999
6088019,20150614000000,43.733167,7.287833,63,5,17.5,25.4,21,-999,-999,-999,-999,-999,13.7,-999,-999
6088019,20150615000000,43.733167,7.287833,63,5,16.7,25.5,20.6,-999,-999,-999,-999,-999,0.7,-999,-999
6088019,20150616000000,43.733167,7.287833,63,5,15.7,24.8,20.7,-999,-999,-999,-999,-999,0,-999,-999
6088019,20150617000000,43.733167,7.287833,63,5,15.8,25.3,21.3,-999,-999,-999,-999,-999,0,-999,-999
6088019,20150618000000,43.733167,7.287833,63,5,16.9,26.4,22.2,-999,-999,-999,-999,-999,0,-999,-999
6088019,20150619000000,43.733167,7.287833,63,5,17.3,25.6,22.1,-999,-999,-999,-999,-999,0,-999,-999
6088019,20150620000000,43.733167,7.287833,63,5,19.7,25.5,22.4,-999,-999,-999,-999,-999,0,-999,-999
6088019,20150621000000,43.733167,7.287833,63,5,17.5,25.6,22.2,-999,-999,-999,-999,-999,0,-999,-999
6088019,20150622000000,43.733167,7.287833,63,5,17.4,25.2,21.9,-999,-999,-999,-999,-999,0,-999,-999
6088019,20150623000000,43.733167,7.287833,63,5,17,30,24.4,-999,-999,-999,-999,-999,0,-999,-999
6088019,20150624000000,43.733167,7.287833,63,5,19,27.9,23.3,-999,-999,-999,-999,-999,0,-999,-999
6088019,20150625000000,43.733167,7.287833,63,5,16.8,26,22.1,-999,-999,-999,-999,-999,0,-999,-999
6088019,20150626000000,43.733167,7.287833,63,5,16.9,27.7,23,-999,-999,-999,-999,-999,0,-999,-999
6088019,20150627000000,43.733167,7.287833,63,5,18.3,26.8,22.5,-999,-999,-999,-999,-999,0,-999,-999
6088019,20150628000000,43.733167,7.287833,63,5,17.8,28.5,24,-999,-999,-999,-999,-999,0,-999,-999
6088019,20150629000000,43.733167,7.287833,63,5,20.3,29.4,24.6,-999,-999,-999,-999,-999,0,-999,-999
6088019,20150630000000,43.733167,7.287833,63,5,19.6,29.5,25.4,-999,-999,-999,-999,-999,0,-999,-999
6088019,20150701000000,43.733167,7.287833,63,5,23.3,30.6,27,-999,-999,-999,-999,-999,0,-999,-999
6088019,20150702000000,43.733167,7.287833,63,5,22,30.3,26.9,-999,-999,-999,-999,-999,0,-999,-999
6088019,20150703000000,43.733167,7.287833,63,5,22.1,31.8,27.2,-999,-999,-999,-999,-999,0,-999,-999
6088019,20150704000000,43.733167,7.287833,63,5,24.4,32.8,28.6,-999,-999,-999,-999,-999,0,-999,-999
6088019,20150705000000,43.733167,7.287833,63,5,22.7,31.5,27.5,-999,-999,-999,-999,-999,0,-999,-999
6088019,20150706000000,43.733167,7.287833,63,5,22.9,31.7,27.2,-999,-999,-999,-999,-999,0,-999,-999
6088019,20150707000000,43.733167,7.287833,63,5,22.9,29.7,26.8,-999,-999,-999,-999,-999,0,-999,-999
6088019,20150708000000,43.733167,7.287833,63,5,22.4,31.4,26.8,-999,-999,-999,-999,-999,0,-999,-999
6088019,20150709000000,43.733167,7.287833,63,5,21.1,30.8,26.6,-999,-999,-999,-999,-999,0,-999,-999
6088019,20150710000000,43.733167,7.287833,63,5,22.4,30.7,26.7,-999,-999,-999,-999,-999,0,-999,-999
6088019,20150711000000,43.733167,7.287833,63,5,20.9,30.1,26.1,-999,-999,-999,-999,-999,0,-999,-999
6088019,20150712000000,43.733167,7.287833,63,5,21.6,30,26.2,-999,-999,-999,-999,-999,0,-999,-999
6088019,20150713000000,43.733167,7.287833,63,5,22.6,30,26.3,-999,-999,-999,-999,-999,0,-999,-999
6088019,20150714000000,43.733167,7.287833,63,5,23.4,29,26.5,-999,-999,-999,-999,-999,0,-999,-999
6088019,20150715000000,43.733167,7.287833,63,5,22.7,28.9,26.3,-999,-999,-999,-999,-999,0,-999,-999
6088019,20150716000000,43.733167,7.287833,63,5,21.9,30.1,26.6,-999,-999,-999,-999,-999,0,-999,-999
6088019,20150717000000,43.733167,7.287833,63,5,22.4,32.3,27,-999,-999,-999,-999,-999,0,-999,-999
6088019,20150718000000,43.733167,7.287833,63,5,21.4,30.9,27.1,-999,-999,-999,-999,-999,0,-999,-999
6088019,20150719000000,43.733167,7.287833,63,5,22.2,30.9,26.9,-999,-999,-999,-999,-999,0,-999,-999
6088019,20150720000000,43.733167,7.287833,63,5,21.5,30.9,27.1,-999,-999,-999,-999,-999,0,-999,-999
6088019,20150721000000,43.733167,7.287833,63,5,24.4,31,27.3,-999,-999,-999,-999,-999,0.1,-999,-999
6088019,20150722000000,43.733167,7.287833,63,5,21.8,30.8,26.8,-999,-999,-999,-999,-999,0.3,-999,-999
6088019,20150723000000,43.733167,7.287833,63,5,22.7,30.4,27,-999,-999,-999,-999,-999,0,-999,-999
6088019,20150724000000,43.733167,7.287833,63,5,22.7,30.9,27,-999,-999,-999,-999,-999,0,-999,-999
6088019,20150725000000,43.733167,7.287833,63,5,22.2,36.2,28.5,-999,-999,-999,-999,-999,0,-999,-999
6088019,20150726000000,43.733167,7.287833,63,5,19.9,29.1,25.1,-999,-999,-999,-999,-999,0,-999,-999
6088019,20150727000000,43.733167,7.287833,63,5,20.1,36.7,28.8,-999,-999,-999,-999,-999,0,-999,-999
6088019,20150728000000,43.733167,7.287833,63,5,21.9,30.3,25.3,-999,-999,-999,-999,-999,0,-999,-999
6088019,20150729000000,43.733167,7.287833,63,5,19.6,35.6,27.5,-999,-999,-999,-999,-999,0,-999,-999
6088019,20150730000000,43.733167,7.287833,63,5,22.1,29.3,26.1,-999,-999,-999,-999,-999,0,-999,-999
6088019,20150731000000,43.733167,7.287833,63,5,21.5,29.7,25.7,-999,-999,-999,-999,-999,0.1,-999,-999
6088019,20150801000000,43.733167,7.287833,63,5,23,28,24.6,-999,-999,-999,-999,-999,0,-999,-999
6088019,20150802000000,43.733167,7.287833,63,5,21.4,26.2,23.9,-999,-999,-999,-999,-999,0,-999,-999
6088019,20150803000000,43.733167,7.287833,63,5,20.1,30.4,25.8,-999,-999,-999,-999,-999,0,-999,-999
6088019,20150804000000,43.733167,7.287833,63,5,21.7,30.9,26.4,-999,-999,-999,-999,-999,0,-999,-999
6088019,20150805000000,43.733167,7.287833,63,5,21.3,29.9,26.5,-999,-999,-999,-999,-999,0,-999,-999
6088019,20150806000000,43.733167,7.287833,63,5,23.2,33.3,28.9,-999,-999,-999,-999,-999,0,-999,-999
6088019,20150807000000,43.733167,7.287833,63,5,25,34.3,30,-999,-999,-999,-999,-999,0,-999,-999
6088019,20150808000000,43.733167,7.287833,63,5,24.6,34.5,29.9,-999,-999,-999,-999,-999,0,-999,-999
6088019,20150809000000,43.733167,7.287833,63,5,24.4,30,27.3,-999,-999,-999,-999,-999,0,-999,-999
6088019,20150810000000,43.733167,7.287833,63,5,21.6,25.8,23.7,-999,-999,-999,-999,-999,5.3,-999,-999
6088019,20150811000000,43.733167,7.287833,63,5,19.8,30.6,26,-999,-999,-999,-999,-999,0,-999,-999
6088019,20150812000000,43.733167,7.287833,63,5,21.1,33.5,27.5,-999,-999,-999,-999,-999,0,-999,-999
6088019,20150813000000,43.733167,7.287833,63,5,22.5,32.5,27.3,-999,-999,-999,-999,-999,0,-999,-999
6088019,20150814000000,43.733167,7.287833,63,5,22.6,29.8,25.2,-999,-999,-999,-999,-999,0.1,-999,-999
6088019,20150815000000,43.733167,7.287833,63,5,19.5,25.9,21.5,-999,-999,-999,-999,-999,0.7,-999,-999
6088019,20150816000000,43.733167,7.287833,63,5,16.5,25.5,20.4,-999,-999,-999,-999,-999,4.1,-999,-999
6088019,20150817000000,43.733167,7.287833,63,5,16,26.9,21.6,-999,-999,-999,-999,-999,0,-999,-999
6088019,20150818000000,43.733167,7.287833,63,5,16.7,25.8,21.3,-999,-999,-999,-999,-999,0,-999,-999
6088019,20150819000000,43.733167,7.287833,63,5,16.2,26,21.6,-999,-999,-999,-999,-999,0,-999,-999
6088019,20150820000000,43.733167,7.287833,63,5,17.2,27,22.6,-999,-999,-999,-999,-999,0,-999,-999
6088019,20150821000000,43.733167,7.287833,63,5,17.8,27.4,23.1,-999,-999,-999,-999,-999,0,-999,-999
6088019,20150822000000,43.733167,7.287833,63,5,20.1,27.2,23.6,-999,-999,-999,-999,-999,0.2,-999,-999
6088019,20150823000000,43.733167,7.287833,63,5,18,25.3,21,-999,-999,-999,-999,-999,3.9,-999,-999
6088019,20150824000000,43.733167,7.287833,63,5,18.6,27.9,22.1,-999,-999,-999,-999,-999,1.2,-999,-999
6088019,20150825000000,43.733167,7.287833,63,5,17.3,28.7,22.9,-999,-999,-999,-999,-999,0,-999,-999
6088019,20150826000000,43.733167,7.287833,63,5,17.8,25.9,22.3,-999,-999,-999,-999,-999,0,-999,-999
6088019,20150827000000,43.733167,7.287833,63,5,18.2,27.5,22.9,-999,-999,-999,-999,-999,0,-999,-999
6088019,20150828000000,43.733167,7.287833,63,5,18,27.9,23.2,-999,-999,-999,-999,-999,0,-999,-999
6088019,20150829000000,43.733167,7.287833,63,5,18.6,31.4,24.9,-999,-999,-999,-999,-999,0,-999,-999
6088019,20150830000000,43.733167,7.287833,63,5,18.6,30.1,24.3,-999,-999,-999,-999,-999,0,-999,-999
6088019,20150831000000,43.733167,7.287833,63,5,18.7,29.1,23.9,-999,-999,-999,-999,-999,0,-999,-999
6088019,20150901000000,43.733167,7.287833,63,5,20.4,31.5,24,-999,-999,-999,-999,-999,0.2,-999,-999
6088019,20150902000000,43.733167,7.287833,63,5,-999,-999,22.9,-999,-999,-999,-999,-999,-999,-999,-999
6088019,20150903000000,43.733167,7.287833,63,5,17.2,26.5,21.7,-999,-999,-999,-999,-999,0,-999,-999
6088019,20150904000000,43.733167,7.287833,63,5,16.5,25.8,21.5,-999,-999,-999,-999,-999,0,-999,-999
6088019,20150905000000,43.733167,7.287833,63,5,16.9,30.3,22.5,-999,-999,-999,-999,-999,0,-999,-999
6088019,20150906000000,43.733167,7.287833,63,5,15.7,26.1,20.5,-999,-999,-999,-999,-999,0,-999,-999
6088019,20150907000000,43.733167,7.287833,63,5,14.5,25.3,20.1,-999,-999,-999,-999,-999,0,-999,-999
6088019,20150908000000,43.733167,7.287833,63,5,16.4,25.6,21.5,-999,-999,-999,-999,-999,0,-999,-999
6088019,20150909000000,43.733167,7.287833,63,5,16.8,25.9,21.3,-999,-999,-999,-999,-999,0,-999,-999
6088019,20150910000000,43.733167,7.287833,63,5,18.1,25.2,21.1,-999,-999,-999,-999,-999,0,-999,-999
6088019,20150911000000,43.733167,7.287833,63,5,15.7,23.6,19.7,-999,-999,-999,-999,-999,0,-999,-999
6088019,20150912000000,43.733167,7.287833,63,5,15.2,26.2,21,-999,-999,-999,-999,-999,24.1,-999,-999
6088019,20150913000000,43.733167,7.287833,63,5,16.4,22.5,19.8,-999,-999,-999,-999,-999,12.8,-999,-999
6088019,20150914000000,43.733167,7.287833,63,5,18.2,25.2,21.5,-999,-999,-999,-999,-999,0.1,-999,-999
6088019,20150915000000,43.733167,7.287833,63,5,15.3,25.1,19.7,-999,-999,-999,-999,-999,1.4,-999,-999
6088019,20150916000000,43.733167,7.287833,63,5,16.7,25.5,21.4,-999,-999,-999,-999,-999,0.8,-999,-999
6088019,20150917000000,43.733167,7.287833,63,5,18.8,26.3,21.7,-999,-999,-999,-999,-999,0,-999,-999
6088019,20150918000000,43.733167,7.287833,63,5,15.5,26.4,20.6,-999,-999,-999,-999,-999,0,-999,-999
6088019,20150919000000,43.733167,7.287833,63,5,14.8,24.5,19.6,-999,-999,-999,-999,-999,0,-999,-999
6088019,20150920000000,43.733167,7.287833,63,5,14.4,25.7,19.7,-999,-999,-999,-999,-999,0,-999,-999
6088019,20150921000000,43.733167,7.287833,63,5,13.8,26.6,19.2,-999,-999,-999,-999,-999,0.1,-999,-999
6088019,20150922000000,43.733167,7.287833,63,5,-999,-999,17.9,-999,-999,-999,-999,-999,-999,-999,-999
6088019,20150923000000,43.733167,7.287833,63,5,14.9,26.6,18.6,-999,-999,-999,-999,-999,0.1,-999,-999
6088019,20150924000000,43.733167,7.287833,63,5,11.7,23.7,17.4,-999,-999,-999,-999,-999,0,-999,-999
6088019,20150925000000,43.733167,7.287833,63,5,13,25.1,18.6,-999,-999,-999,-999,-999,0,-999,-999
6088019,20150926000000,43.733167,7.287833,63,5,13.3,24.2,18.9,-999,-999,-999,-999,-999,0,-999,-999
6088019,20150927000000,43.733167,7.287833,63,5,14.7,23.1,19.2,-999,-999,-999,-999,-999,0,-999,-999
6088019,20150928000000,43.733167,7.287833,63,5,15,23.5,18.9,-999,-999,-999,-999,-999,0,-999,-999
6088019,20150929000000,43.733167,7.287833,63,5,15.7,21.5,17.8,-999,-999,-999,-999,-999,0,-999,-999
6088019,20150930000000,43.733167,7.287833,63,5,11.5,-999,-999,-999,-999,-999,-999,-999,-999,-999,-999
6088019,20151001000000,43.733167,7.287833,63,5,-999,20.9,15.7,-999,-999,-999,-999,-999,40.3,-999,-999
6088019,20151002000000,43.733167,7.287833,63,5,12.1,13.4,13,-999,-999,-999,-999,-999,63.8,-999,-999
6088019,20151003000000,43.733167,7.287833,63,5,11.7,20.3,15.4,-999,-999,-999,-999,-999,97.6,-999,-999
6088019,20151004000000,43.733167,7.287833,63,5,13.2,22.3,17.7,-999,-999,-999,-999,-999,0,-999,-999
6088019,20151005000000,43.733167,7.287833,63,5,14.5,22,18.3,-999,-999,-999,-999,-999,0,-999,-999
6088019,20151006000000,43.733167,7.287833,63,5,18.1,24.7,20,-999,-999,-999,-999,-999,0,-999,-999
6088019,20151007000000,43.733167,7.287833,63,5,14.6,23.1,18.5,-999,-999,-999,-999,-999,0,-999,-999
6088019,20151008000000,43.733167,7.287833,63,5,13.3,22.9,17.6,-999,-999,-999,-999,-999,0,-999,-999
6088019,20151009000000,43.733167,7.287833,63,5,13.3,22.4,17.3,-999,-999,-999,-999,-999,0,-999,-999
6088019,20151010000000,43.733167,7.287833,63,5,13.2,22.6,17.3,-999,-999,-999,-999,-999,0,-999,-999
6088019,20151011000000,43.733167,7.287833,63,5,12.6,23.2,17,-999,-999,-999,-999,-999,0,-999,-999
6088019,20151012000000,43.733167,7.287833,63,5,13.8,19.6,16,-999,-999,-999,-999,-999,20.7,-999,-999
6088019,20151013000000,43.733167,7.287833,63,5,14.7,20.4,17.2,-999,-999,-999,-999,-999,3.2,-999,-999
6088019,20151014000000,43.733167,7.287833,63,5,13.3,20.9,15.6,-999,-999,-999,-999,-999,0,-999,-999
6088019,20151015000000,43.733167,7.287833,63,5,11.3,16.7,13,-999,-999,-999,-999,-999,0,-999,-999
6088019,20151016000000,43.733167,7.287833,63,5,6.6,17.5,12.3,-999,-999,-999,-999,-999,0,-999,-999
6088019,20151017000000,43.733167,7.287833,63,5,9.2,18.2,13.3,-999,-999,-999,-999,-999,0,-999,-999
6088019,20151018000000,43.733167,7.287833,63,5,12,14.9,13.9,-999,-999,-999,-999,-999,1.7,-999,-999
6088019,20151019000000,43.733167,7.287833,63,5,13.9,19.6,15.7,-999,-999,-999,-999,-999,0,-999,-999
6088019,20151020000000,43.733167,7.287833,63,5,10.2,19.5,14.5,-999,-999,-999,-999,-999,0,-999,-999
6088019,20151021000000,43.733167,7.287833,63,5,10,18.8,14.2,-999,-999,-999,-999,-999,0,-999,-999
6088019,20151022000000,43.733167,7.287833,63,5,8.8,18.8,13.5,-999,-999,-999,-999,-999,0,-999,-999
6088019,20151023000000,43.733167,7.287833,63,5,10.2,19.9,14.5,-999,-999,-999,-999,-999,0,-999,-999
6088019,20151024000000,43.733167,7.287833,63,5,10.2,19.5,14.5,-999,-999,-999,-999,-999,0,-999,-999
6088019,20151025000000,43.733167,7.287833,63,5,11.1,19.2,15.2,-999,-999,-999,-999,-999,0,-999,-999
6088019,20151026000000,43.733167,7.287833,63,5,12.4,20.3,15.5,-999,-999,-999,-999,-999,0,-999,-999
6088019,20151027000000,43.733167,7.287833,63,5,12.8,19.1,14.9,-999,-999,-999,-999,-999,16.5,-999,-999
6088019,20151028000000,43.733167,7.287833,63,5,12.7,17.5,14.7,-999,-999,-999,-999,-999,23.8,-999,-999
6088019,20151029000000,43.733167,7.287833,63,5,10.4,18.8,13.6,-999,-999,-999,-999,-999,0,-999,-999
6088019,20151030000000,43.733167,7.287833,63,5,10.1,21.9,14.9,-999,-999,-999,-999,-999,0,-999,-999
6088019,20151031000000,43.733167,7.287833,63,5,-999,-999,14.9,-999,-999,-999,-999,-999,-999,-999,-999
6088019,20151101000000,43.733167,7.287833,63,5,8.4,22.9,13.7,-999,-999,-999,-999,-999,0,-999,-999
6088019,20151102000000,43.733167,7.287833,63,5,7.3,19.8,12.9,-999,-999,-999,-999,-999,0,-999,-999
6088019,20151103000000,43.733167,7.287833,63,5,9.8,14,12.3,-999,-999,-999,-999,-999,7.1,-999,-999
6088019,20151104000000,43.733167,7.287833,63,5,11.3,21,14.4,-999,-999,-999,-999,-999,0,-999,-999
6088019,20151105000000,43.733167,7.287833,63,5,10.6,18.9,14.2,-999,-999,-999,-999,-999,0,-999,-999
6088019,20151106000000,43.733167,7.287833,63,5,10.9,19.1,14,-999,-999,-999,-999,-999,0,-999,-999
6088019,20151107000000,43.733167,7.287833,63,5,10,20.5,14.2,-999,-999,-999,-999,-999,0,-999,-999
6088019,20151108000000,43.733167,7.287833,63,5,9.5,19.3,13.5,-999,-999,-999,-999,-999,0,-999,-999
6088019,20151109000000,43.733167,7.287833,63,5,9,19.7,13.2,-999,-999,-999,-999,-999,0.3,-999,-999
6088019,20151110000000,43.733167,7.287833,63,5,9.9,20.1,14.5,-999,-999,-999,-999,-999,0,-999,-999
6088019,20151111000000,43.733167,7.287833,63,5,14.5,18.4,16,-999,-999,-999,-999,-999,0,-999,-999
6088019,20151112000000,43.733167,7.287833,63,5,11.1,19.6,14.3,-999,-999,-999,-999,-999,0,-999,-999
6088019,20151113000000,43.733167,7.287833,63,5,10.1,18.4,13.7,-999,-999,-999,-999,-999,0,-999,-999
6088019,20151114000000,43.733167,7.287833,63,5,9.7,19.5,13.3,-999,-999,-999,-999,-999,0,-999,-999
6088019,20151115000000,43.733167,7.287833,63,5,10,19.5,13.2,-999,-999,-999,-999,-999,0,-999,-999
6088019,20151116000000,43.733167,7.287833,63,5,8.6,18,13.4,-999,-999,-999,-999,-999,0,-999,-999
6088019,20151117000000,43.733167,7.287833,63,5,12.2,18.5,14.1,-999,-999,-999,-999,-999,0,-999,-999
6088019,20151118000000,43.733167,7.287833,63,5,9.6,19.4,13.5,-999,-999,-999,-999,-999,0,-999,-999
6088019,20151119000000,43.733167,7.287833,63,5,11.3,20.2,14.4,-999,-999,-999,-999,-999,0,-999,-999
6088019,20151120000000,43.733167,7.287833,63,5,9.4,20.1,14.7,-999,-999,-999,-999,-999,0,-999,-999
6088019,20151121000000,43.733167,7.287833,63,5,12.2,17.7,14.3,-999,-999,-999,-999,-999,0.8,-999,-999
6088019,20151122000000,43.733167,7.287833,63,5,3.7,15,8.4,-999,-999,-999,-999,-999,1.2,-999,-999
6088019,20151123000000,43.733167,7.287833,63,5,5.8,11.9,8.3,-999,-999,-999,-999,-999,0,-999,-999
6088019,20151124000000,43.733167,7.287833,63,5,2.7,14.2,6.9,-999,-999,-999,-999,-999,0,-999,-999
6088019,20151125000000,43.733167,7.287833,63,5,4.7,13.8,7.8,-999,-999,-999,-999,-999,0,-999,-999
6088019,20151126000000,43.733167,7.287833,63,5,2.7,15.3,7.4,-999,-999,-999,-999,-999,0,-999,-999
6088019,20151127000000,43.733167,7.287833,63,5,3.6,16.3,7.6,-999,-999,-999,-999,-999,0,-999,-999
6088019,20151128000000,43.733167,7.287833,63,5,2.8,14.8,7.2,-999,-999,-999,-999,-999,0,-999,-999
6088019,20151129000000,43.733167,7.287833,63,5,4.1,15.5,8.8,-999,-999,-999,-999,-999,0,-999,-999
6088019,20151130000000,43.733167,7.287833,63,5,4.4,16.5,8.8,-999,-999,-999,-999,-999,0,-999,-999
6088019,20151201000000,43.733167,7.287833,63,5,5.6,17,9.6,-999,-999,-999,-999,-999,0,-999,-999
6088019,20151202000000,43.733167,7.287833,63,5,5.3,15.5,10.4,-999,-999,-999,-999,-999,-999,-999,-999
6088019,20151203000000,43.733167,7.287833,63,5,8.5,15,11.4,-999,-999,-999,-999,-999,0,-999,-999
6088019,20151204000000,43.733167,7.287833,63,5,7.6,15,11.1,-999,-999,-999,-999,-999,0,-999,-999
6088019,20151205000000,43.733167,7.287833,63,5,9,11.3,10.5,-999,-999,-999,-999,-999,4.2,-999,-999
6088019,20151206000000,43.733167,7.287833,63,5,10.8,14.9,12.2,-999,-999,-999,-999,-999,0,-999,-999
6088019,20151207000000,43.733167,7.287833,63,5,9.7,14.8,11.2,-999,-999,-999,-999,-999,3.1,-999,-999
6088019,20151208000000,43.733167,7.287833,63,5,8.6,17.1,10.7,-999,-999,-999,-999,-999,0,-999,-999
6088019,20151209000000,43.733167,7.287833,63,5,7.5,18,10.8,-999,-999,-999,-999,-999,0,-999,-999
6088019,20151210000000,43.733167,7.287833,63,5,6.1,17.5,9.3,-999,-999,-999,-999,-999,0,-999,-999
6088019,20151211000000,43.733167,7.287833,63,5,5.2,14.5,7.9,-999,-999,-999,-999,-999,0,-999,-999
6088019,20151212000000,43.733167,7.287833,63,5,3.3,13.9,7.3,-999,-999,-999,-999,-999,0,-999,-999
6088019,20151213000000,43.733167,7.287833,63,5,5.2,15,9.5,-999,-999,-999,-999,-999,0,-999,-999
6088019,20151214000000,43.733167,7.287833,63,5,9.6,15,11.6,-999,-999,-999,-999,-999,0,-999,-999
6088019,20151215000000,43.733167,7.287833,63,5,7.4,15,10.5,-999,-999,-999,-999,-999,0,-999,-999
6088019,20151216000000,43.733167,7.287833,63,5,7.4,16.6,10.8,-999,-999,-999,-999,-999,0,-999,-999
6088019,20151218000000,43.733167,7.287833,63,5,11.1,14.7,11.8,-999,-999,-999,-999,-999,0,-999,-999
6088019,20151219000000,43.733167,7.287833,63,5,8.3,16,11.7,-999,-999,-999,-999,-999,0,-999,-999
6088019,20151220000000,43.733167,7.287833,63,5,8.6,16.7,11.3,-999,-999,-999,-999,-999,0,-999,-999
6088019,20151221000000,43.733167,7.287833,63,5,8.6,15.4,11.2,-999,-999,-999,-999,-999,0,-999,-999
6088019,20151222000000,43.733167,7.287833,63,5,7.3,16,10.2,-999,-999,-999,-999,-999,0,-999,-999
6088019,20151223000000,43.733167,7.287833,63,5,6.4,15.7,11,-999,-999,-999,-999,-999,0,-999,-999
6088019,20151224000000,43.733167,7.287833,63,5,8.9,15.4,11.3,-999,-999,-999,-999,-999,0,-999,-999
6088019,20151225000000,43.733167,7.287833,63,5,6.9,14.5,9.7,-999,-999,-999,-999,-999,0,-999,-999
6088019,20151226000000,43.733167,7.287833,63,5,6.1,15.7,9.2,-999,-999,-999,-999,-999,0,-999,-999
6088019,20151227000000,43.733167,7.287833,63,5,5.3,14.8,8.4,-999,-999,-999,-999,-999,0,-999,-999
6088019,20151228000000,43.733167,7.287833,63,5,5.3,15,9.5,-999,-999,-999,-999,-999,0,-999,-999
6088019,20151229000000,43.733167,7.287833,63,5,5,14.9,8.6,-999,-999,-999,-999,-999,0,-999,-999
6088019,20151230000000,43.733167,7.287833,63,5,5.6,15.3,8.4,-999,-999,-999,-999,-999,0,-999,-999
6088019,20151231000000,43.733167,7.287833,63,5,5.8,11.2,8.8,-999,-999,-999,-999,-999,0,-999,-999
6088019,20160101000000,43.733167,7.287833,63,5,8.8,11.3,9.6,-999,-999,-999,-999,-999,4.6,-999,-999
6088019,20160102000000,43.733167,7.287833,63,5,8.2,11.3,9.4,-999,-999,-999,-999,-999,8.6,-999,-999
6088019,20160103000000,43.733167,7.287833,63,5,4.2,13.3,7.9,-999,-999,-999,-999,-999,0,-999,-999
6088019,20160104000000,43.733167,7.287833,63,5,7.3,15.5,9.7,-999,-999,-999,-999,-999,0.9,-999,-999
6088019,20160105000000,43.733167,7.287833,63,5,5.4,13,8.6,-999,-999,-999,-999,-999,0,-999,-999
6088019,20160106000000,43.733167,7.287833,63,5,3.9,13.4,6.8,-999,-999,-999,-999,-999,0,-999,-999
6088019,20160107000000,43.733167,7.287833,63,5,3.6,14.5,8.6,-999,-999,-999,-999,-999,0,-999,-999
6088019,20160108000000,43.733167,7.287833,63,5,6.5,15.7,10,-999,-999,-999,-999,-999,0,-999,-999
6088019,20160109000000,43.733167,7.287833,63,5,8.1,13,10.7,-999,-999,-999,-999,-999,0.4,-999,-999
6088019,20160110000000,43.733167,7.287833,63,5,6.2,14.9,10.3,-999,-999,-999,-999,-999,0,-999,-999
6088019,20160111000000,43.733167,7.287833,63,5,8.6,15.3,11.8,-999,-999,-999,-999,-999,0.6,-999,-999
6088019,20160112000000,43.733167,7.287833,63,5,6.3,16.6,11.9,-999,-999,-999,-999,-999,0,-999,-999
6088019,20160113000000,43.733167,7.287833,63,5,6.6,16.1,9.1,-999,-999,-999,-999,-999,0,-999,-999
6088019,20160114000000,43.733167,7.287833,63,5,2.4,8.1,6.2,-999,-999,-999,-999,-999,6.7,-999,-999
6088019,20160115000000,43.733167,7.287833,63,5,2.6,13.7,6,-999,-999,-999,-999,-999,0,-999,-999
6088019,20160116000000,43.733167,7.287833,63,5,-0.2,11.7,3.9,-999,-999,-999,-999,-999,0,-999,-999
6088019,20160117000000,43.733167,7.287833,63,5,-0.6,10.6,3.6,-999,-999,-999,-999,-999,0,-999,-999
6088019,20160118000000,43.733167,7.287833,63,5,0.6,7,4.1,-999,-999,-999,-999,-999,0,-999,-999
6088019,20160119000000,43.733167,7.287833,63,5,2.7,9.2,5.5,-999,-999,-999,-999,-999,0,-999,-999
6088019,20160120000000,43.733167,7.287833,63,5,3,9.3,6.3,-999,-999,-999,-999,-999,0,-999,-999
6088019,20160121000000,43.733167,7.287833,63,5,4.6,13.2,7.8,-999,-999,-999,-999,-999,0,-999,-999
6088019,20160122000000,43.733167,7.287833,63,5,4.2,11.8,8.1,-999,-999,-999,-999,-999,0,-999,-999
6088019,20160123000000,43.733167,7.287833,63,5,6,12,7.9,-999,-999,-999,-999,-999,0,-999,-999
6088019,20160124000000,43.733167,7.287833,63,5,2.1,13,6.8,-999,-999,-999,-999,-999,0,-999,-999
6088019,20160125000000,43.733167,7.287833,63,5,5.2,13.5,9.1,-999,-999,-999,-999,-999,0,-999,-999
6088019,20160126000000,43.733167,7.287833,63,5,6,15.1,10,-999,-999,-999,-999,-999,0.1,-999,-999
6088019,20160127000000,43.733167,7.287833,63,5,7.6,14.8,11.5,-999,-999,-999,-999,-999,0,-999,-999
6088019,20160128000000,43.733167,7.287833,63,5,6.8,-999,11.1,-999,-999,-999,-999,-999,-999,-999,-999
6088019,20160210000000,43.733167,7.287833,63,5,7.3,14.7,10,-999,-999,-999,-999,-999,0,-999,-999
6088019,20160211000000,43.733167,7.287833,63,5,2.3,13,7.2,-999,-999,-999,-999,-999,0,-999,-999
6088019,20160212000000,43.733167,7.287833,63,5,2.6,7.2,4.6,-999,-999,-999,-999,-999,10.8,-999,-999
6088019,20160213000000,43.733167,7.287833,63,5,2.6,14.9,9.4,-999,-999,-999,-999,-999,3.5,-999,-999
6088019,20160214000000,43.733167,7.287833,63,5,7.6,14.7,10,-999,-999,-999,-999,-999,0,-999,-999
6088019,20160215000000,43.733167,7.287833,63,5,4.1,15.1,8.8,-999,-999,-999,-999,-999,0,-999,-999
6088019,20160216000000,43.733167,7.287833,63,5,6.3,14.1,10.5,-999,-999,-999,-999,-999,0,-999,-999
6088019,20160217000000,43.733167,7.287833,63,5,8,11.6,9.5,-999,-999,-999,-999,-999,0.3,-999,-999
6088019,20160218000000,43.733167,7.287833,63,5,-999,-999,7.9,-999,-999,-999,-999,-999,-999,-999,-999
6088019,20160219000000,43.733167,7.287833,63,5,2,14.7,7.4,-999,-999,-999,-999,-999,0,-999,-999
6088019,20160220000000,43.733167,7.287833,63,5,2.5,14.4,7.8,-999,-999,-999,-999,-999,0,-999,-999
6088019,20160221000000,43.733167,7.287833,63,5,3.7,15.3,9.3,-999,-999,-999,-999,-999,0,-999,-999
6088019,20160222000000,43.733167,7.287833,63,5,6.6,12.8,10.3,-999,-999,-999,-999,-999,2.6,-999,-999
6088019,20160223000000,43.733167,7.287833,63,5,7,15.8,10.8,-999,-999,-999,-999,-999,0,-999,-999
6088019,20160224000000,43.733167,7.287833,63,5,6.1,15.6,10.9,-999,-999,-999,-999,-999,0,-999,-999
6088019,20160225000000,43.733167,7.287833,63,5,10.3,14.1,11.3,-999,-999,-999,-999,-999,1.9,-999,-999
6088019,20160226000000,43.733167,7.287833,63,5,6.5,13.8,9.3,-999,-999,-999,-999,-999,3.9,-999,-999
6088019,20160227000000,43.733167,7.287833,63,5,7,10.2,8.7,-999,-999,-999,-999,-999,15.3,-999,-999
6088019,20160228000000,43.733167,7.287833,63,5,6.3,12.2,9.6,-999,-999,-999,-999,-999,4.5,-999,-999
6088019,20160229000000,43.733167,7.287833,63,5,8.7,15.7,11.1,-999,-999,-999,-999,-999,0.3,-999,-999
6088019,20160301000000,43.733167,7.287833,63,5,6,16.6,11,-999,-999,-999,-999,-999,0,-999,-999
6088019,20160302000000,43.733167,7.287833,63,5,6.4,15.3,11.7,-999,-999,-999,-999,-999,0.1,-999,-999
6088019,20160303000000,43.733167,7.287833,63,5,9.5,16.4,12,-999,-999,-999,-999,-999,0,-999,-999
6088019,20160304000000,43.733167,7.287833,63,5,2.9,15.8,9.6,-999,-999,-999,-999,-999,37.4,-999,-999
6088019,20160305000000,43.733167,7.287833,63,5,9.1,15.4,11.9,-999,-999,-999,-999,-999,10.5,-999,-999
6088019,20160306000000,43.733167,7.287833,63,5,3.6,13.6,8.4,-999,-999,-999,-999,-999,0,-999,-999
6088019,20160307000000,43.733167,7.287833,63,5,3.7,12.6,7.8,-999,-999,-999,-999,-999,0,-999,-999
6088019,20160308000000,43.733167,7.287833,63,5,1.8,12.7,6.2,-999,-999,-999,-999,-999,0,-999,-999
6088019,20160309000000,43.733167,7.287833,63,5,1.3,12.8,7.1,-999,-999,-999,-999,-999,0,-999,-999
6088019,20160310000000,43.733167,7.287833,63,5,3,15.9,8.8,-999,-999,-999,-999,-999,0,-999,-999
6088019,20160311000000,43.733167,7.287833,63,5,5.6,16.2,10.4,-999,-999,-999,-999,-999,0,-999,-999
6088019,20160312000000,43.733167,7.287833,63,5,6.5,16.5,11.1,-999,-999,-999,-999,-999,0,-999,-999
6088019,20160313000000,43.733167,7.287833,63,5,6.5,17.5,11.3,-999,-999,-999,-999,-999,0,-999,-999
6088019,20160314000000,43.733167,7.287833,63,5,8.6,16.9,11.6,-999,-999,-999,-999,-999,0,-999,-999
6088019,20160315000000,43.733167,7.287833,63,5,4.8,14.2,10.3,-999,-999,-999,-999,-999,0.1,-999,-999
6088019,20160316000000,43.733167,7.287833,63,5,6.9,11.3,8.8,-999,-999,-999,-999,-999,5.6,-999,-999
6088019,20160317000000,43.733167,7.287833,63,5,7.7,17.5,12.7,-999,-999,-999,-999,-999,0,-999,-999
6088019,20160318000000,43.733167,7.287833,63,5,4.8,15.9,10.3,-999,-999,-999,-999,-999,0,-999,-999
6088019,20160319000000,43.733167,7.287833,63,5,4.8,15.2,9.9,-999,-999,-999,-999,-999,0,-999,-999
6088019,20160320000000,43.733167,7.287833,63,5,5.4,15.6,10.4,-999,-999,-999,-999,-999,0,-999,-999
6088019,20160321000000,43.733167,7.287833,63,5,7.2,17.9,12.2,-999,-999,-999,-999,-999,0,-999,-999
6088019,20160322000000,43.733167,7.287833,63,5,7.3,21.6,13.9,-999,-999,-999,-999,-999,0,-999,-999
6088019,20160323000000,43.733167,7.287833,63,5,7.5,16.7,11.5,-999,-999,-999,-999,-999,0.1,-999,-999
6088019,20160324000000,43.733167,7.287833,63,5,5.6,15.1,10.6,-999,-999,-999,-999,-999,0,-999,-999
6088019,20160325000000,43.733167,7.287833,63,5,6.4,15.4,11.3,-999,-999,-999,-999,-999,0,-999,-999
6088019,20160326000000,43.733167,7.287833,63,5,6.5,16.1,11.2,-999,-999,-999,-999,-999,0,-999,-999
6088019,20160327000000,43.733167,7.287833,63,5,5.7,14.3,10.4,-999,-999,-999,-999,-999,6.3,-999,-999
6088019,20160328000000,43.733167,7.287833,63,5,7.5,15.4,11.6,-999,-999,-999,-999,-999,0,-999,-999
6088019,20160329000000,43.733167,7.287833,63,5,7.2,17.1,12.5,-999,-999,-999,-999,-999,0,-999,-999
6088019,20160330000000,43.733167,7.287833,63,5,9.6,17.2,12.8,-999,-999,-999,-999,-999,0,-999,-999
6088019,20160331000000,43.733167,7.287833,63,5,9,19.5,14.7,-999,-999,-999,-999,-999,0.3,-999,-999
6088019,20160401000000,43.733167,7.287833,63,5,13.3,18.8,15.1,-999,-999,-999,-999,-999,2.3,-999,-999
6088019,20160402000000,43.733167,7.287833,63,5,14.6,24.7,19.5,-999,-999,-999,-999,-999,0,-999,-999
6088019,20160403000000,43.733167,7.287833,63,5,14.2,20.9,16.7,-999,-999,-999,-999,-999,0.1,-999,-999
6088019,20160404000000,43.733167,7.287833,63,5,12.8,18.9,15,-999,-999,-999,-999,-999,0.7,-999,-999
6088019,20160405000000,43.733167,7.287833,63,5,12.4,21.8,16.7,-999,-999,-999,-999,-999,0,-999,-999
6088019,20160406000000,43.733167,7.287833,63,5,11.8,22.7,16.9,-999,-999,-999,-999,-999,0,-999,-999
6088019,20160407000000,43.733167,7.287833,63,5,12.5,22.1,16.9,-999,-999,-999,-999,-999,0,-999,-999
6088019,20160408000000,43.733167,7.287833,63,5,11,21.6,15.1,-999,-999,-999,-999,-999,0,-999,-999
6088019,20160409000000,43.733167,7.287833,63,5,10.3,13.8,11.7,-999,-999,-999,-999,-999,1.3,-999,-999
6088019,20160410000000,43.733167,7.287833,63,5,6.6,16.5,12,-999,-999,-999,-999,-999,0,-999,-999
6088019,20160411000000,43.733167,7.287833,63,5,7.7,18.9,13.5,-999,-999,-999,-999,-999,0,-999,-999
6088019,20160412000000,43.733167,7.287833,63,5,7.9,19.4,14,-999,-999,-999,-999,-999,0,-999,-999
6088019,20160413000000,43.733167,7.287833,63,5,9.5,17.9,13.9,-999,-999,-999,-999,-999,0.3,-999,-999
6088019,20160414000000,43.733167,7.287833,63,5,8.5,22,15.3,-999,-999,-999,-999,-999,0,-999,-999
6088019,20160415000000,43.733167,7.287833,63,5,9.2,18.5,14.2,-999,-999,-999,-999,-999,0,-999,-999
6088019,20160416000000,43.733167,7.287833,63,5,9.5,21.1,15.3,-999,-999,-999,-999,-999,0,-999,-999
6088019,20160417000000,43.733167,7.287833,63,5,10.9,18,15.1,-999,-999,-999,-999,-999,2,-999,-999
6088019,20160418000000,43.733167,7.287833,63,5,-999,-999,16.4,-999,-999,-999,-999,-999,-999,-999,-999
6088019,20160419000000,43.733167,7.287833,63,5,8.8,20.1,15,-999,-999,-999,-999,-999,0,-999,-999
6088019,20160420000000,43.733167,7.287833,63,5,10.1,22.1,16.4,-999,-999,-999,-999,-999,0,-999,-999
6088019,20160421000000,43.733167,7.287833,63,5,12.2,22.9,16.8,-999,-999,-999,-999,-999,0.3,-999,-999
6088019,20160422000000,43.733167,7.287833,63,5,12,19,16,-999,-999,-999,-999,-999,0.5,-999,-999
6088019,20160423000000,43.733167,7.287833,63,5,11.8,20.3,14.8,-999,-999,-999,-999,-999,8.2,-999,-999
6088019,20160424000000,43.733167,7.287833,63,5,10.5,20.2,15.5,-999,-999,-999,-999,-999,0,-999,-999
6088019,20160425000000,43.733167,7.287833,63,5,6.8,15.5,11.9,-999,-999,-999,-999,-999,0,-999,-999
6088019,20160426000000,43.733167,7.287833,63,5,6.6,21,14.3,-999,-999,-999,-999,-999,0,-999,-999
6088019,20160427000000,43.733167,7.287833,63,5,8.8,23,16.8,-999,-999,-999,-999,-999,0,-999,-999
6088019,20160428000000,43.733167,7.287833,63,5,10.3,17.8,13.7,-999,-999,-999,-999,-999,0,-999,-999
6088019,20160429000000,43.733167,7.287833,63,5,8.4,18.4,13.7,-999,-999,-999,-999,-999,0,-999,-999
6088019,20160430000000,43.733167,7.287833,63,5,8.9,18.9,13.7,-999,-999,-999,-999,-999,0,-999,-999
6088019,20160501000000,43.733167,7.287833,63,5,7.9,17.4,13.1,-999,-999,-999,-999,-999,0,-999,-999
6088019,20160502000000,43.733167,7.287833,63,5,9.8,21.1,15.2,-999,-999,-999,-999,-999,0,-999,-999
6088019,20160503000000,43.733167,7.287833,63,5,10.2,23.4,16.6,-999,-999,-999,-999,-999,0,-999,-999
6088019,20160504000000,43.733167,7.287833,63,5,10,21.7,16.2,-999,-999,-999,-999,-999,0,-999,-999
6088019,20160505000000,43.733167,7.287833,63,5,10.1,22.1,16.3,-999,-999,-999,-999,-999,0,-999,-999
6088019,20160506000000,43.733167,7.287833,63,5,10.3,22.7,16.9,-999,-999,-999,-999,-999,0,-999,-999
6088019,20160507000000,43.733167,7.287833,63,5,10.9,22.6,17.6,-999,-999,-999,-999,-999,0,-999,-999
6088019,20160508000000,43.733167,7.287833,63,5,14,21,17.3,-999,-999,-999,-999,-999,4.5,-999,-999
6088019,20160509000000,43.733167,7.287833,63,5,13.1,22.8,17.5,-999,-999,-999,-999,-999,2.8,-999,-999
6088019,20160510000000,43.733167,7.287833,63,5,14.8,23.5,19,-999,-999,-999,-999,-999,14.6,-999,-999
6088019,20160511000000,43.733167,7.287833,63,5,15.4,19.5,16.4,-999,-999,-999,-999,-999,1.2,-999,-999
6088019,20160512000000,43.733167,7.287833,63,5,12.4,22.4,17.2,-999,-999,-999,-999,-999,0,-999,-999
6088019,20160513000000,43.733167,7.287833,63,5,13.8,20,16.8,-999,-999,-999,-999,-999,-999,-999,-999
6088019,20160514000000,43.733167,7.287833,63,5,12.6,20.3,16.7,-999,-999,-999,-999,-999,1.1,-999,-999
6088019,20160515000000,43.733167,7.287833,63,5,13.2,21.1,17.1,-999,-999,-999,-999,-999,0,-999,-999
6088019,20160516000000,43.733167,7.287833,63,5,11.7,19.9,15.9,-999,-999,-999,-999,-999,0,-999,-999
6088019,20160517000000,43.733167,7.287833,63,5,10.6,20.9,16.1,-999,-999,-999,-999,-999,0,-999,-999
6088019,20160518000000,43.733167,7.287833,63,5,11,19.6,16,-999,-999,-999,-999,-999,0,-999,-999
6088019,20160519000000,43.733167,7.287833,63,5,11.8,25.7,17.1,-999,-999,-999,-999,-999,0,-999,-999
6088019,20160520000000,43.733167,7.287833,63,5,10.9,-999,18.2,-999,-999,-999,-999,-999,-999,-999,-999
6088019,20160521000000,43.733167,7.287833,63,5,-999,23.5,18.4,-999,-999,-999,-999,-999,-999,-999,-999
6088019,20160522000000,43.733167,7.287833,63,5,12.3,22.6,18.3,-999,-999,-999,-999,-999,-999,-999,-999
6088019,20160523000000,43.733167,7.287833,63,5,-999,-999,18.6,-999,-999,-999,-999,-999,-999,-999,-999
6088019,20160524000000,43.733167,7.287833,63,5,-999,-999,17,-999,-999,-999,-999,-999,-999,-999,-999
6088019,20160525000000,43.733167,7.287833,63,5,11.6,20.9,16.8,-999,-999,-999,-999,-999,-999,-999,-999
6088019,20160526000000,43.733167,7.287833,63,5,13.2,23.4,18.7,-999,-999,-999,-999,-999,-999,-999,-999
6088019,20160527000000,43.733167,7.287833,63,5,15.7,27.8,21.4,-999,-999,-999,-999,-999,0,-999,-999
6088019,20160528000000,43.733167,7.287833,63,5,14.3,24.4,19.8,-999,-999,-999,-999,-999,-999,-999,-999
6088019,20160529000000,43.733167,7.287833,63,5,15.1,22.3,17.1,-999,-999,-999,-999,-999,-999,-999,-999
6088019,20160530000000,43.733167,7.287833,63,5,12,27.7,20.4,-999,-999,-999,-999,-999,-999,-999,-999
6088019,20160531000000,43.733167,7.287833,63,5,13.4,23.6,18.6,-999,-999,-999,-999,-999,0,-999,-999
6088019,20160601000000,43.733167,7.287833,63,5,14.1,-999,17.5,-999,-999,-999,-999,-999,-999,-999,-999
6088019,20160602000000,43.733167,7.287833,63,5,-999,20.7,17.7,-999,-999,-999,-999,-999,-999,-999,-999
6088019,20160603000000,43.733167,7.287833,63,5,16,21.7,18.7,-999,-999,-999,-999,-999,-999,-999,-999
6088019,20160604000000,43.733167,7.287833,63,5,17,20.7,18.2,-999,-999,-999,-999,-999,-999,-999,-999
6088019,20160605000000,43.733167,7.287833,63,5,14.4,-999,18.1,-999,-999,-999,-999,-999,-999,-999,-999
6088019,20160606000000,43.733167,7.287833,63,5,-999,23.4,19.9,-999,-999,-999,-999,-999,0,-999,-999
6088019,20160607000000,43.733167,7.287833,63,5,18.1,25.2,21.5,-999,-999,-999,-999,-999,0,-999,-999
6088019,20160608000000,43.733167,7.287833,63,5,16.4,24.7,20.8,-999,-999,-999,-999,-999,1.6,-999,-999
6088019,20160609000000,43.733167,7.287833,63,5,18.1,24.2,20.1,-999,-999,-999,-999,-999,22.2,-999,-999
6088019,20160610000000,43.733167,7.287833,63,5,14.2,24.7,20.2,-999,-999,-999,-999,-999,0,-999,-999
6088019,20160611000000,43.733167,7.287833,63,5,16.4,25.4,21,-999,-999,-999,-999,-999,0,-999,-999
6088019,20160612000000,43.733167,7.287833,63,5,17.3,25,21.1,-999,-999,-999,-999,-999,0,-999,-999
6088019,20160613000000,43.733167,7.287833,63,5,16.7,24,20.7,-999,-999,-999,-999,-999,0,-999,-999
6088019,20160614000000,43.733167,7.287833,63,5,17.9,25.9,21.7,-999,-999,-999,-999,-999,0,-999,-999
6088019,20160615000000,43.733167,7.287833,63,5,14.9,22.4,18.3,-999,-999,-999,-999,-999,3.1,-999,-999
6088019,20160616000000,43.733167,7.287833,63,5,16.8,23.6,19.3,-999,-999,-999,-999,-999,9.3,-999,-999
6088019,20160617000000,43.733167,7.287833,63,5,12.6,21.8,17.9,-999,-999,-999,-999,-999,0,-999,-999
6088019,20160618000000,43.733167,7.287833,63,5,13.3,22.2,18.8,-999,-999,-999,-999,-999,1.2,-999,-999
6088019,20160619000000,43.733167,7.287833,63,5,15.5,21.6,18.2,-999,-999,-999,-999,-999,4.5,-999,-999
6088019,20160620000000,43.733167,7.287833,63,5,14,24.9,20.7,-999,-999,-999,-999,-999,0,-999,-999
6088019,20160621000000,43.733167,7.287833,63,5,16.9,25.5,21.2,-999,-999,-999,-999,-999,0,-999,-999
6088019,20160622000000,43.733167,7.287833,63,5,16.5,28.6,23.8,-999,-999,-999,-999,-999,0,-999,-999
6088019,20160623000000,43.733167,7.287833,63,5,19.9,30.6,26.4,-999,-999,-999,-999,-999,0,-999,-999
6088019,20160624000000,43.733167,7.287833,63,5,21.8,32.9,27.1,-999,-999,-999,-999,-999,0,-999,-999
6088019,20160625000000,43.733167,7.287833,63,5,19.4,29.2,24.4,-999,-999,-999,-999,-999,0,-999,-999
6088019,20160626000000,43.733167,7.287833,63,5,20.3,27.6,23.4,-999,-999,-999,-999,-999,0,-999,-999
6088019,20160627000000,43.733167,7.287833,63,5,18,25.6,22.4,-999,-999,-999,-999,-999,0,-999,-999
6088019,20160628000000,43.733167,7.287833,63,5,18.2,26.7,22.9,-999,-999,-999,-999,-999,-999,-999,-999
6088019,20160629000000,43.733167,7.287833,63,5,17.9,25.7,22.5,-999,-999,-999,-999,-999,0,-999,-999
6088019,20160630000000,43.733167,7.287833,63,5,18.7,27.2,22.4,-999,-999,-999,-999,-999,2.6,-999,-999
6088019,20160701000000,43.733167,7.287833,63,5,18.2,27,23.1,-999,-999,-999,-999,-999,0,-999,-999
6088019,20160702000000,43.733167,7.287833,63,5,19.3,28.6,23.5,-999,-999,-999,-999,-999,0,-999,-999
6088019,20160703000000,43.733167,7.287833,63,5,19.1,27,23.7,-999,-999,-999,-999,-999,0,-999,-999
6088019,20160704000000,43.733167,7.287833,63,5,19.9,27.4,24.2,-999,-999,-999,-999,-999,0,-999,-999
6088019,20160705000000,43.733167,7.287833,63,5,21.3,29.9,25.8,-999,-999,-999,-999,-999,0,-999,-999
6088019,20160706000000,43.733167,7.287833,63,5,19.8,29.9,25.7,-999,-999,-999,-999,-999,0,-999,-999
6088019,20160707000000,43.733167,7.287833,63,5,20.2,28.9,25.2,-999,-999,-999,-999,-999,0,-999,-999
6088019,20160708000000,43.733167,7.287833,63,5,-999,-999,24.4,-999,-999,-999,-999,-999,-999,-999,-999
6088019,20160709000000,43.733167,7.287833,63,5,21,28.6,24.9,-999,-999,-999,-999,-999,0,-999,-999
6088019,20160710000000,43.733167,7.287833,63,5,21.5,28.7,25.6,-999,-999,-999,-999,-999,0,-999,-999
6088019,20160711000000,43.733167,7.287833,63,5,22,29.4,25.9,-999,-999,-999,-999,-999,0,-999,-999
6088019,20160712000000,43.733167,7.287833,63,5,21.5,28.6,25.4,-999,-999,-999,-999,-999,0,-999,-999
6088019,20160713000000,43.733167,7.287833,63,5,20.1,33.5,26,-999,-999,-999,-999,-999,0,-999,-999
6088019,20160714000000,43.733167,7.287833,63,5,19,26.7,22.8,-999,-999,-999,-999,-999,0,-999,-999
6088019,20160715000000,43.733167,7.287833,63,5,18.6,26.3,22.4,-999,-999,-999,-999,-999,0,-999,-999
6088019,20160716000000,43.733167,7.287833,63,5,15.6,26.9,21.7,-999,-999,-999,-999,-999,0,-999,-999
6088019,20160717000000,43.733167,7.287833,63,5,15.4,26.7,21.5,-999,-999,-999,-999,-999,0,-999,-999
6088019,20160718000000,43.733167,7.287833,63,5,17.7,26,22.2,-999,-999,-999,-999,-999,0,-999,-999
6088019,20160719000000,43.733167,7.287833,63,5,18.3,27.9,23.3,-999,-999,-999,-999,-999,0,-999,-999
6088019,20160720000000,43.733167,7.287833,63,5,19,27.9,23.8,-999,-999,-999,-999,-999,0,-999,-999
6088019,20160721000000,43.733167,7.287833,63,5,-999,-999,24.3,-999,-999,-999,-999,-999,-999,-999,-999
6088019,20160722000000,43.733167,7.287833,63,5,20.5,28.9,24.8,-999,-999,-999,-999,-999,1.8,-999,-999
6088019,20160723000000,43.733167,7.287833,63,5,21.3,31,26.7,-999,-999,-999,-999,-999,0,-999,-999
6088019,20160724000000,43.733167,7.287833,63,5,21,29.6,25.5,-999,-999,-999,-999,-999,0,-999,-999
6088019,20160725000000,43.733167,7.287833,63,5,20.6,31,26,-999,-999,-999,-999,-999,0,-999,-999
6088019,20160726000000,43.733167,7.287833,63,5,20.7,31.3,26.4,-999,-999,-999,-999,-999,0,-999,-999
6088019,20160727000000,43.733167,7.287833,63,5,21.2,30.7,25.2,-999,-999,-999,-999,-999,0,-999,-999
6088019,20160728000000,43.733167,7.287833,63,5,19.7,28.6,24.4,-999,-999,-999,-999,-999,0,-999,-999
6088019,20160729000000,43.733167,7.287833,63,5,19.6,30.6,24.8,-999,-999,-999,-999,-999,0,-999,-999
6088019,20160730000000,43.733167,7.287833,63,5,21.2,27.9,24.4,-999,-999,-999,-999,-999,0,-999,-999
6088019,20160731000000,43.733167,7.287833,63,5,21,28.8,25,-999,-999,-999,-999,-999,0.4,-999,-999
6088019,20160801000000,43.733167,7.287833,63,5,20.5,28,24.9,-999,-999,-999,-999,-999,0,-999,-999
6088019,20160802000000,43.733167,7.287833,63,5,20.6,28.4,24.9,-999,-999,-999,-999,-999,0,-999,-999
6088019,20160803000000,43.733167,7.287833,63,5,20.2,29.9,25,-999,-999,-999,-999,-999,0,-999,-999
6088019,20160804000000,43.733167,7.287833,63,5,20.9,28.9,25,-999,-999,-999,-999,-999,1.3,-999,-999
6088019,20160805000000,43.733167,7.287833,63,5,20,32.5,24.8,-999,-999,-999,-999,-999,0,-999,-999
6088019,20160806000000,43.733167,7.287833,63,5,17.7,28.7,24,-999,-999,-999,-999,-999,0,-999,-999
6088019,20160807000000,43.733167,7.287833,63,5,18.2,29.9,24.7,-999,-999,-999,-999,-999,0,-999,-999
6088019,20160808000000,43.733167,7.287833,63,5,19.2,29.6,24.7,-999,-999,-999,-999,-999,0,-999,-999
6088019,20160809000000,43.733167,7.287833,63,5,19.7,27.9,23.9,-999,-999,-999,-999,-999,0,-999,-999
6088019,20160810000000,43.733167,7.287833,63,5,19.2,26.2,22.5,-999,-999,-999,-999,-999,0,-999,-999
6088019,20160811000000,43.733167,7.287833,63,5,18.8,27.7,23.7,-999,-999,-999,-999,-999,0,-999,-999
6088019,20160812000000,43.733167,7.287833,63,5,17.1,26.9,22.6,-999,-999,-999,-999,-999,0,-999,-999
6088019,20160813000000,43.733167,7.287833,63,5,17.9,27.4,23.3,-999,-999,-999,-999,-999,0,-999,-999
6088019,20160814000000,43.733167,7.287833,63,5,18.4,29.1,24.1,-999,-999,-999,-999,-999,0,-999,-999
6088019,20160815000000,43.733167,7.287833,63,5,18,28.1,23.4,-999,-999,-999,-999,-999,0,-999,-999
6088019,20160816000000,43.733167,7.287833,63,5,19,27.1,23.4,-999,-999,-999,-999,-999,0,-999,-999
6088019,20160817000000,43.733167,7.287833,63,5,18.7,26.1,22.8,-999,-999,-999,-999,-999,0.2,-999,-999
6088019,20160818000000,43.733167,7.287833,63,5,18.4,28.7,23.2,-999,-999,-999,-999,-999,0.1,-999,-999
6088019,20160819000000,43.733167,7.287833,63,5,19.9,28.3,24,-999,-999,-999,-999,-999,0,-999,-999
6088019,20160820000000,43.733167,7.287833,63,5,20.6,28.4,24.4,-999,-999,-999,-999,-999,0,-999,-999
6088019,20160821000000,43.733167,7.287833,63,5,19.4,29.6,24.6,-999,-999,-999,-999,-999,0,-999,-999
6088019,20160822000000,43.733167,7.287833,63,5,20.5,29.4,24.6,-999,-999,-999,-999,-999,0,-999,-999
6088019,20160823000000,43.733167,7.287833,63,5,18.6,28.5,24.1,-999,-999,-999,-999,-999,0,-999,-999
6088019,20160824000000,43.733167,7.287833,63,5,19.4,29.6,24.9,-999,-999,-999,-999,-999,0,-999,-999
6088019,20160826000000,43.733167,7.287833,63,5,20.4,29.1,25.2,-999,-999,-999,-999,-999,0,-999,-999
6088019,20160827000000,43.733167,7.287833,63,5,21.1,29.4,25.4,-999,-999,-999,-999,-999,0,-999,-999
6088019,20160828000000,43.733167,7.287833,63,5,20.3,28.9,24.4,-999,-999,-999,-999,-999,0,-999,-999
6088019,20160829000000,43.733167,7.287833,63,5,19.6,28.2,24.4,-999,-999,-999,-999,-999,1.2,-999,-999
6088019,20160830000000,43.733167,7.287833,63,5,21,25.9,22.3,-999,-999,-999,-999,-999,2.5,-999,-999
6088019,20160831000000,43.733167,7.287833,63,5,18.5,29.5,24.2,-999,-999,-999,-999,-999,0,-999,-999
6088019,20160901000000,43.733167,7.287833,63,5,19.7,28.9,24.5,-999,-999,-999,-999,-999,0,-999,-999
6088019,20160902000000,43.733167,7.287833,63,5,19.3,28.2,23.9,-999,-999,-999,-999,-999,0,-999,-999
6088019,20160903000000,43.733167,7.287833,63,5,19.4,28.2,23.9,-999,-999,-999,-999,-999,0,-999,-999
6088019,20160904000000,43.733167,7.287833,63,5,18.9,27.6,23.5,-999,-999,-999,-999,-999,0,-999,-999
6088019,20160905000000,43.733167,7.287833,63,5,21.3,27.8,24.2,-999,-999,-999,-999,-999,0,-999,-999
6088019,20160906000000,43.733167,7.287833,63,5,20,28.5,24.2,-999,-999,-999,-999,-999,0,-999,-999
6088019,20160907000000,43.733167,7.287833,63,5,18.9,30.5,24.5,-999,-999,-999,-999,-999,0,-999,-999
6088019,20160908000000,43.733167,7.287833,63,5,19.1,28.9,24,-999,-999,-999,-999,-999,0,-999,-999
6088019,20160909000000,43.733167,7.287833,63,5,19.6,30.2,25,-999,-999,-999,-999,-999,0,-999,-999
6088019,20160910000000,43.733167,7.287833,63,5,20.2,30.8,25.1,-999,-999,-999,-999,-999,0,-999,-999
6088019,20160911000000,43.733167,7.287833,63,5,19.7,31.1,25.2,-999,-999,-999,-999,-999,0.4,-999,-999
6088019,20160912000000,43.733167,7.287833,63,5,-999,-999,25.7,-999,-999,-999,-999,-999,-999,-999,-999
6088019,20160913000000,43.733167,7.287833,63,5,20.5,30.3,24.9,-999,-999,-999,-999,-999,0,-999,-999
6088019,20160914000000,43.733167,7.287833,63,5,20.1,28.4,23.8,-999,-999,-999,-999,-999,5.2,-999,-999
6088019,20160915000000,43.733167,7.287833,63,5,20.4,25.7,22.7,-999,-999,-999,-999,-999,0,-999,-999
6088019,20160916000000,43.733167,7.287833,63,5,17,25.6,21,-999,-999,-999,-999,-999,0.2,-999,-999
6088019,20160917000000,43.733167,7.287833,63,5,15.5,24.8,20.1,-999,-999,-999,-999,-999,0,-999,-999
6088019,20160918000000,43.733167,7.287833,63,5,14.2,22.8,18.4,-999,-999,-999,-999,-999,0.1,-999,-999
6088019,20160919000000,43.733167,7.287833,63,5,13.2,24.1,18.8,-999,-999,-999,-999,-999,0,-999,-999
6088019,20160920000000,43.733167,7.287833,63,5,15.1,25.7,20.2,-999,-999,-999,-999,-999,0,-999,-999
6088019,20160921000000,43.733167,7.287833,63,5,-999,-999,18.4,-999,-999,-999,-999,-999,-999,-999,-999
6088019,20160922000000,43.733167,7.287833,63,5,13.5,23.7,19.1,-999,-999,-999,-999,-999,0,-999,-999
6088019,20160923000000,43.733167,7.287833,63,5,16.6,24.2,20.4,-999,-999,-999,-999,-999,0,-999,-999
6088019,20160924000000,43.733167,7.287833,63,5,17,24.3,19.8,-999,-999,-999,-999,-999,0.1,-999,-999
6088019,20160925000000,43.733167,7.287833,63,5,14.1,25.1,19.4,-999,-999,-999,-999,-999,0,-999,-999
6088019,20160926000000,43.733167,7.287833,63,5,14.7,25.4,19.7,-999,-999,-999,-999,-999,0,-999,-999
6088019,20160927000000,43.733167,7.287833,63,5,15.1,25.9,19.2,-999,-999,-999,-999,-999,0.3,-999,-999
6088019,20160928000000,43.733167,7.287833,63,5,14.1,25.8,19.6,-999,-999,-999,-999,-999,0,-999,-999
6088019,20160929000000,43.733167,7.287833,63,5,14.6,24.8,19.2,-999,-999,-999,-999,-999,0,-999,-999
6088019,20160930000000,43.733167,7.287833,63,5,14,23.1,19.3,-999,-999,-999,-999,-999,0,-999,-999
6088019,20161001000000,43.733167,7.287833,63,5,16.7,23.1,19,-999,-999,-999,-999,-999,0.1,-999,-999
6088019,20161002000000,43.733167,7.287833,63,5,14,26.9,19.5,-999,-999,-999,-999,-999,0,-999,-999
6088019,20161003000000,43.733167,7.287833,63,5,12.9,26.1,18.8,-999,-999,-999,-999,-999,0,-999,-999
6088019,20161004000000,43.733167,7.287833,63,5,13,24.3,18.1,-999,-999,-999,-999,-999,0,-999,-999
6088019,20161005000000,43.733167,7.287833,63,5,11.9,23.5,17.6,-999,-999,-999,-999,-999,0,-999,-999
6088019,20161006000000,43.733167,7.287833,63,5,13.3,20.4,17,-999,-999,-999,-999,-999,0.6,-999,-999
6088019,20161007000000,43.733167,7.287833,63,5,12.3,21.5,16.8,-999,-999,-999,-999,-999,0,-999,-999
6088019,20161008000000,43.733167,7.287833,63,5,12.3,22.2,16.9,-999,-999,-999,-999,-999,0,-999,-999
6088019,20161009000000,43.733167,7.287833,63,5,13.6,20.7,16.4,-999,-999,-999,-999,-999,1.1,-999,-999
6088019,20161010000000,43.733167,7.287833,63,5,10.5,20.3,15.2,-999,-999,-999,-999,-999,1.8,-999,-999
6088019,20161011000000,43.733167,7.287833,63,5,11.2,18.8,13.1,-999,-999,-999,-999,-999,0.9,-999,-999
6088019,20161012000000,43.733167,7.287833,63,5,7.8,18.1,13.5,-999,-999,-999,-999,-999,0.6,-999,-999
6088019,20161013000000,43.733167,7.287833,63,5,11.4,16.1,13.2,-999,-999,-999,-999,-999,10.8,-999,-999
6088019,20161014000000,43.733167,7.287833,63,5,12.5,21.4,16,-999,-999,-999,-999,-999,35.6,-999,-999
6088019,20161015000000,43.733167,7.287833,63,5,10.9,20.9,15.8,-999,-999,-999,-999,-999,0,-999,-999
6088019,20161016000000,43.733167,7.287833,63,5,11.2,20.1,15.6,-999,-999,-999,-999,-999,0,-999,-999
6088019,20161017000000,43.733167,7.287833,63,5,13.2,19.9,16.2,-999,-999,-999,-999,-999,0.1,-999,-999
6088019,20161018000000,43.733167,7.287833,63,5,-999,-999,15.7,-999,-999,-999,-999,-999,-999,-999,-999
6088019,20161019000000,43.733167,7.287833,63,5,12.3,20.3,15.6,-999,-999,-999,-999,-999,0,-999,-999
6088019,20161020000000,43.733167,7.287833,63,5,11,19.2,15,-999,-999,-999,-999,-999,0.6,-999,-999
6088019,20161021000000,43.733167,7.287833,63,5,10,18.4,14.1,-999,-999,-999,-999,-999,0,-999,-999
6088019,20161022000000,43.733167,7.287833,63,5,9.1,19.2,14,-999,-999,-999,-999,-999,1.3,-999,-999
6088019,20161023000000,43.733167,7.287833,63,5,12.4,15.1,13.9,-999,-999,-999,-999,-999,5.3,-999,-999
6088019,20161024000000,43.733167,7.287833,63,5,14.7,24.2,18.4,-999,-999,-999,-999,-999,0.4,-999,-999
6088019,20161025000000,43.733167,7.287833,63,5,16.2,21.6,18.2,-999,-999,-999,-999,-999,0.9,-999,-999
6088019,20161026000000,43.733167,7.287833,63,5,13.9,20.6,16.9,-999,-999,-999,-999,-999,0.4,-999,-999
6088019,20161027000000,43.733167,7.287833,63,5,13,22.9,16.7,-999,-999,-999,-999,-999,0,-999,-999
6088019,20161028000000,43.733167,7.287833,63,5,11.5,20.4,15.6,-999,-999,-999,-999,-999,0,-999,-999
6088019,20161029000000,43.733167,7.287833,63,5,10.8,20.8,15,-999,-999,-999,-999,-999,0,-999,-999
6088019,20161030000000,43.733167,7.287833,63,5,10.4,22.5,15,-999,-999,-999,-999,-999,0,-999,-999
6088019,20161031000000,43.733167,7.287833,63,5,10.1,22.1,14.9,-999,-999,-999,-999,-999,0,-999,-999
6088019,20161101000000,43.733167,7.287833,63,5,9.5,19.5,14.1,-999,-999,-999,-999,-999,0,-999,-999
6088019,20161102000000,43.733167,7.287833,63,5,9.8,21.2,14.2,-999,-999,-999,-999,-999,0,-999,-999
6088019,20161103000000,43.733167,7.287833,63,5,9.6,20.3,14.5,-999,-999,-999,-999,-999,0,-999,-999
6088019,20161104000000,43.733167,7.287833,63,5,11.3,18.7,14.9,-999,-999,-999,-999,-999,9.9,-999,-999
6088019,20161105000000,43.733167,7.287833,63,5,13.4,16.9,15.2,-999,-999,-999,-999,-999,4.2,-999,-999
6088019,20161106000000,43.733167,7.287833,63,5,13.1,17.4,13.8,-999,-999,-999,-999,-999,0,-999,-999
6088019,20161107000000,43.733167,7.287833,63,5,3.8,16.6,8.5,-999,-999,-999,-999,-999,0,-999,-999
6088019,20161108000000,43.733167,7.287833,63,5,3.6,15.3,8.5,-999,-999,-999,-999,-999,0,-999,-999
6088019,20161109000000,43.733167,7.287833,63,5,3.7,12.2,7.5,-999,-999,-999,-999,-999,0.1,-999,-999
6088019,20161110000000,43.733167,7.287833,63,5,4.4,17.6,9.5,-999,-999,-999,-999,-999,0,-999,-999
6088019,20161111000000,43.733167,7.287833,63,5,6.4,18.9,11.9,-999,-999,-999,-999,-999,0,-999,-999
6088019,20161112000000,43.733167,7.287833,63,5,3.7,17.2,8.9,-999,-999,-999,-999,-999,0,-999,-999
