11202001,20140101000000,42.918,3.0617,42,0,7.6,12.7,10.4,78,94,87,5.5,-999,0,-999,-999
11202001,20140102000000,42.918,3.0617,42,0,9.5,14.6,11.6,63,94,85,3.8,-999,0,-999,-999
11202001,20140103000000,42.918,3.0617,42,0,10.5,13,11.7,85,97,94,4.6,-999,0.2,-999,-999
11202001,20140104000000,42.918,3.0617,42,0,11.5,15.2,11.5,66,98,87,6.2,-999,0.4,-999,-999
11202001,20140105000000,42.918,3.0617,42,0,6.5,13.4,10.4,50,75,64,6.8,-999,0,-999,-999
11202001,20140106000000,42.918,3.0617,42,0,8.5,13.4,11.5,69,96,84,5.4,-999,0,-999,-999
11202001,20140107000000,42.918,3.0617,42,0,10.9,13.9,12.8,83,97,92,2.8,-999,0,-999,-999
11202001,20140108000000,42.918,3.0617,42,0,12.6,14.3,13,82,93,90,5.6,-999,0,-999,-999
11202001,20140109000000,42.918,3.0617,42,0,9.7,14.6,11.8,75,97,87,1.6,-999,0,-999,-999
11202001,20140110000000,42.918,3.0617,42,0,11,12.9,11.9,76,91,83,1.9,-999,0,-999,-999
11202001,20140111000000,42.918,3.0617,42,0,10.5,13.4,11.9,78,98,89,3.3,-999,1,-999,-999
11202001,20140112000000,42.918,3.0617,42,0,11,14.4,12.1,82,98,93,3.5,-999,0,-999,-999
11202001,20140113000000,42.918,3.0617,42,0,9.5,12.2,10.4,74,95,88,4.4,-999,2.8,-999,-999
11202001,20140114000000,42.918,3.0617,42,0,6,13.9,9,49,81,72,3,-999,0,-999,-999
11202001,20140115000000,42.918,3.0617,42,0,6.3,12.6,9.9,60,88,74,5.3,-999,0,-999,-999
11202001,20140116000000,42.918,3.0617,42,0,7.5,12.9,9.7,68,90,81,4.6,-999,0,-999,-999
11202001,20140124000000,42.918,3.0617,42,0,8,14,-999,-999,-999,-999,-999,-999,2,-999,-999
11202001,20140125000000,42.918,3.0617,42,0,-999,-999,-999,-999,-999,-999,-999,-999,0,-999,-999
11202001,20140129000000,42.918,3.0617,42,0,2,12,7,-999,-999,-999,-999,-999,0.5,-999,-999
11202001,20140130000000,42.918,3.0617,42,0,-999,-999,-999,-999,-999,-999,-999,-999,0.2,-999,-999
11202001,20140202000000,42.918,3.0617,42,0,-999,-999,-999,-999,-999,-999,-999,-999,0,-999,-999
11202001,20140203000000,42.918,3.0617,42,0,4,13.3,8.8,42,87,70,5.4,-999,0.2,-999,-999
11202001,20140204000000,42.918,3.0617,42,0,5.3,13,9.6,39,86,67,5.2,-999,0.2,-999,-999
11202001,20140205000000,42.918,3.0617,42,0,9.6,13.3,11,40,75,60,6.7,-999,0,-999,-999
11202001,20140206000000,42.918,3.0617,42,0,6.3,14.9,10.3,60,96,79,3.6,-999,0,-999,-999
11202001,20140207000000,42.918,3.0617,42,0,9.7,13.2,11,48,91,66,6.4,-999,0,-999,-999
11202001,20140208000000,42.918,3.0617,42,0,6,11.6,8.9,57,88,76,4.7,-999,0,-999,-999
11202001,20140209000000,42.918,3.0617,42,0,7.4,12.3,10.1,48,73,63,6.1,-999,0,-999,-999
11202001,20140210000000,42.918,3.0617,42,0,8.6,15.5,10.7,44,88,71,8.2,-999,0,-999,-999
11202001,20140211000000,42.918,3.0617,42,0,6.7,12.4,9.1,52,81,67,6.6,-999,0.2,-999,-999
11202001,20140212000000,42.918,3.0617,42,0,7.6,14.4,9.9,38,89,66,5.3,-999,0,-999,-999
11202001,20140213000000,42.918,3.0617,42,0,6.5,15.2,10.5,55,89,73,6.5,-999,0,-999,-999
11202001,20140214000000,42.918,3.0617,42,0,10.2,13.8,11.7,52,93,82,5.9,-999,0,-999,-999
11202001,20140215000000,42.918,3.0617,42,0,9.9,17.2,12.6,59,97,77,5.6,-999,5,-999,-999
11202001,20140216000000,42.918,3.0617,42,0,8,11.5,9.3,59,92,80,4.3,-999,3,-999,-999
11202001,20140217000000,42.918,3.0617,42,0,5.7,12.5,10.1,64,89,78,5.4,-999,0,-999,-999
11202001,20140218000000,42.918,3.0617,42,0,10.1,12.9,11.8,66,91,82,7.1,-999,0,-999,-999
11202001,20140219000000,42.918,3.0617,42,0,9.9,14.9,11.6,52,78,69,8.8,-999,0,-999,-999
11202001,20140220000000,42.918,3.0617,42,0,8.9,14.9,12.1,57,78,71,3.6,-999,0,-999,-999
11202001,20140221000000,42.918,3.0617,42,0,9.2,11,9.9,57,78,67,9.2,-999,0,-999,-999
11202001,20140222000000,42.918,3.0617,42,0,5.2,15.8,10.5,31,73,56,4.3,-999,0,-999,-999
11202001,20140223000000,42.918,3.0617,42,0,7.9,15.4,11.4,51,88,73,6.4,-999,0,-999,-999
11202001,20140224000000,42.918,3.0617,42,0,11.8,13.7,12.6,66,84,77,7.4,-999,0,-999,-999
11202001,20140225000000,42.918,3.0617,42,0,8.8,15.5,11.7,57,89,76,4.2,-999,0.8,-999,-999
11202001,20140226000000,42.918,3.0617,42,0,7.3,12.4,9.1,51,82,66,7.1,-999,0,-999,-999
11202001,20140227000000,42.918,3.0617,42,0,6.2,11.8,9.2,56,89,72,3.5,-999,0.6,-999,-999
11202001,20140228000000,42.918,3.0617,42,0,6.6,11.3,8.5,51,88,69,7.1,-999,0.8,-999,-999
11202001,20140301000000,42.918,3.0617,42,0,6.2,12.5,8.6,45,77,61,8.8,-999,0,-999,-999
11202001,20140302000000,42.918,3.0617,42,0,6.5,14.9,10.7,36,83,54,6.7,-999,2,-999,-999
11202001,20140303000000,42.918,3.0617,42,0,7.7,12.3,9.2,51,87,68,8.7,-999,2.6,-999,-999
11202001,20140304000000,42.918,3.0617,42,0,5.5,12.7,9.4,42,93,64,12.6,-999,0,-999,-999
11202001,20140305000000,42.918,3.0617,42,0,8.3,15.8,11.8,39,75,55,8.6,-999,0,-999,-999
11202001,20140306000000,42.918,3.0617,42,0,8.2,16.8,12.1,33,61,46,6.5,-999,0,-999,-999
11202001,20140307000000,42.918,3.0617,42,0,6.8,18.5,12.6,13,76,48,3.9,-999,0,-999,-999
11202001,20140308000000,42.918,3.0617,42,0,8.8,17.7,12.8,35,90,61,3.5,-999,0,-999,-999
11202001,20140309000000,42.918,3.0617,42,0,8.8,14.5,11.7,64,96,84,3.7,-999,0,-999,-999
11202001,20140310000000,42.918,3.0617,42,0,8,22.7,14.3,18,93,62,4.3,-999,0,-999,-999
11202001,20140311000000,42.918,3.0617,42,0,9.4,15.4,12.4,63,96,79,3,-999,0,-999,-999
11202001,20140312000000,42.918,3.0617,42,0,8.9,15,11.3,68,97,85,2.4,-999,0,-999,-999
11202001,20140313000000,42.918,3.0617,42,0,7.4,15.4,11.2,54,81,70,3.1,-999,0,-999,-999
11202001,20140314000000,42.918,3.0617,42,0,10,18.9,14.2,37,70,54,4.1,-999,0,-999,-999
11202001,20140315000000,42.918,3.0617,42,0,13.4,18.6,15.4,39,64,53,13.5,-999,0,-999,-999
11202001,20140316000000,42.918,3.0617,42,0,11.1,19.8,15.4,26,71,51,15.3,-999,0,-999,-999
11202001,20140317000000,42.918,3.0617,42,0,13.8,24.5,16.4,23,82,55,6.1,-999,0,-999,-999
11202001,20140318000000,42.918,3.0617,42,0,10.2,19,14,50,95,70,7.1,-999,0,-999,-999
11202001,20140319000000,42.918,3.0617,42,0,11.1,19.5,14.6,37,74,55,9,-999,0,-999,-999
11202001,20140320000000,42.918,3.0617,42,0,11.3,14.9,12.9,64,93,85,2.9,-999,0,-999,-999
11202001,20140321000000,42.918,3.0617,42,0,11.5,14.4,13.2,74,96,87,3.6,-999,0,-999,-999
11202001,20140322000000,42.918,3.0617,42,0,10.2,13.7,11.4,60,97,79,5.6,-999,2.8,-999,-999
11202001,20140323000000,42.918,3.0617,42,0,5.2,12.4,8.2,46,89,69,9.8,-999,2.8,-999,-999
11202001,20140324000000,42.918,3.0617,42,0,5.5,14.4,10.1,43,90,66,5.7,-999,1,-999,-999
11202001,20140325000000,42.918,3.0617,42,0,8.1,14.5,10.6,49,77,64,8.9,-999,0,-999,-999
11202001,20140326000000,42.918,3.0617,42,0,6.3,13.2,8.9,51,92,71,9.5,-999,3.6,-999,-999
11202001,20140327000000,42.918,3.0617,42,0,6.8,14.3,10.4,34,74,54,7.5,-999,0,-999,-999
11202001,20140328000000,42.918,3.0617,42,0,6.8,15.4,11.3,54,81,72,4.8,-999,0,-999,-999
11202001,20140329000000,42.918,3.0617,42,0,12.2,15.6,13.4,73,87,82,5,-999,0,-999,-999
11202001,20140330000000,42.918,3.0617,42,0,13,13.8,13.2,81,94,90,7.2,-999,0,-999,-999
11202001,20140331000000,42.918,3.0617,42,0,12.9,14.4,13.2,90,96,94,6.8,-999,0,-999,-999
11202001,20140401000000,42.918,3.0617,42,0,12.1,16.4,13.5,74,96,89,5.3,-999,0,-999,-999
11202001,20140402000000,42.918,3.0617,42,0,13,13.9,13.5,89,94,92,12.5,-999,0,-999,-999
11202001,20140403000000,42.918,3.0617,42,0,13.3,14.2,13.4,85,95,91,11.9,-999,10,-999,-999
11202001,20140404000000,42.918,3.0617,42,0,10.4,17.4,13.9,55,91,70,11.3,-999,0,-999,-999
11202001,20140405000000,42.918,3.0617,42,0,12.4,19.8,16.1,40,71,56,10,-999,0,-999,-999
11202001,20140406000000,42.918,3.0617,42,0,14,24.4,18.6,39,84,59,6.9,-999,0,-999,-999
11202001,20140407000000,42.918,3.0617,42,0,13.8,19.2,15.5,55,93,78,3.5,-999,0,-999,-999
11202001,20140408000000,42.918,3.0617,42,0,13.1,20.3,16.2,52,93,67,6.6,-999,0,-999,-999
11202001,20140409000000,42.918,3.0617,42,0,11.1,24.4,16.8,23,75,52,4.6,-999,0,-999,-999
11202001,20140410000000,42.918,3.0617,42,0,11.9,20.5,15.3,43,93,69,2.6,-999,0,-999,-999
11202001,20140411000000,42.918,3.0617,42,0,12,17.9,14.3,74,96,86,2.9,-999,0,-999,-999
11202001,20140412000000,42.918,3.0617,42,0,13.3,19.5,16.1,59,97,77,6,-999,0,-999,-999
11202001,20140413000000,42.918,3.0617,42,0,14.8,22.7,18.8,34,76,54,9.6,-999,0,-999,-999
11202001,20140414000000,42.918,3.0617,42,0,14.6,23,18.6,35,75,53,5.2,-999,0,-999,-999
11202001,20140415000000,42.918,3.0617,42,0,13.5,23.1,17.4,31,73,54,3.2,-999,0,-999,-999
11202001,20140416000000,42.918,3.0617,42,0,11.1,17.9,14.6,35,88,62,3.5,-999,0,-999,-999
11202001,20140417000000,42.918,3.0617,42,0,12.7,19.4,15.5,44,93,78,3.3,-999,0,-999,-999
11202001,20140418000000,42.918,3.0617,42,0,14.8,23,18.9,21,50,37,8.2,-999,0,-999,-999
11202001,20140419000000,42.918,3.0617,42,0,13,19.6,16.5,32,65,47,7,-999,1,-999,-999
11202001,20140420000000,42.918,3.0617,42,0,11.3,14.3,12.7,60,98,82,7.9,-999,5.6,-999,-999
11202001,20140421000000,42.918,3.0617,42,0,10.7,16.7,13.2,74,99,90,4.2,-999,20.9,-999,-999
11202001,20140422000000,42.918,3.0617,42,0,12.5,16.3,14.1,78,99,93,4.1,-999,23.7,-999,-999
11202001,20140423000000,42.918,3.0617,42,0,13,19,16.3,-999,-999,76,4.3,-999,0,-999,-999
11202001,20140424000000,42.918,3.0617,42,0,14.6,20.7,17,-999,-999,72,5.1,-999,0.2,-999,-999
11202001,20140425000000,42.918,3.0617,42,0,12,17.5,14.2,51,85,67,11.4,-999,0,-999,-999
11202001,20140426000000,42.918,3.0617,42,0,11.1,19.4,14.9,-999,-999,73,5.3,-999,1.2,-999,-999
11202001,20140427000000,42.918,3.0617,42,0,10.4,18.7,14.1,-999,-999,74,9.4,-999,0,-999,-999
11202001,20140428000000,42.918,3.0617,42,0,11.7,19.3,15,57,93,74,8,-999,0,-999,-999
11202001,20140429000000,42.918,3.0617,42,0,11.1,22.1,16.3,45,79,66,7.3,-999,0,-999,-999
11202001,20140430000000,42.918,3.0617,42,0,14.3,20.8,17,-999,-999,60,8.1,-999,0,-999,-999
11202001,20140501000000,42.918,3.0617,42,0,13.4,20.9,16.7,63,97,78,7.9,-999,0,-999,-999
11202001,20140502000000,42.918,3.0617,42,0,11.6,18.1,14.7,60,90,70,11.9,-999,0,-999,-999
11202001,20140503000000,42.918,3.0617,42,0,13.5,19.8,15.9,47,75,61,12.4,-999,0,-999,-999
11202001,20140504000000,42.918,3.0617,42,0,11,21,15.9,42,67,51,9,-999,0,-999,-999
11202001,20140505000000,42.918,3.0617,42,0,12.3,18.8,15.5,55,93,77,4,-999,0,-999,-999
11202001,20140506000000,42.918,3.0617,42,0,13.8,19.2,15.9,72,95,88,4.9,-999,0,-999,-999
11202001,20140507000000,42.918,3.0617,42,0,15.2,22.2,17.6,54,96,77,4.5,-999,-999,-999,-999
11202001,20140508000000,42.918,3.0617,42,0,15,23.3,18.6,44,100,72,4.8,-999,0,-999,-999
11202001,20140509000000,42.918,3.0617,42,0,16.3,22.4,19.1,49,88,64,9,-999,0,-999,-999
11202001,20140510000000,42.918,3.0617,42,0,16.1,25.5,20,43,86,63,5.7,-999,0,-999,-999
11202001,20140511000000,42.918,3.0617,42,0,16.6,19.4,17.6,44,74,60,7.9,-999,0,-999,-999
11202001,20140512000000,42.918,3.0617,42,0,12,19.8,15.7,44,74,58,5.5,-999,0,-999,-999
11202001,20140513000000,42.918,3.0617,42,0,11.8,18.8,14.7,37,72,56,9.9,-999,0,-999,-999
11202001,20140514000000,42.918,3.0617,42,0,11,20.1,15.9,34,71,50,10.1,-999,0,-999,-999
11202001,20140515000000,42.918,3.0617,42,0,12.7,22.8,17.8,24,57,38,8.7,-999,0,-999,-999
11202001,20140516000000,42.918,3.0617,42,0,11.7,22.5,17.4,29,52,39,8.5,-999,0,-999,-999
11202001,20140517000000,42.918,3.0617,42,0,13.2,24.3,18.9,28,86,43,4.9,-999,0,-999,-999
11202001,20140518000000,42.918,3.0617,42,0,12.9,18.1,15.7,69,92,82,5.5,-999,0,-999,-999
11202001,20140519000000,42.918,3.0617,42,0,15,17.6,16,76,94,87,8.3,-999,0,-999,-999
11202001,20140520000000,42.918,3.0617,42,0,15.8,17.1,16.3,79,97,91,11,-999,0.2,-999,-999
11202001,20140521000000,42.918,3.0617,42,0,16.1,17,16.5,91,97,95,10.6,-999,2,-999,-999
11202001,20140522000000,42.918,3.0617,42,0,15.8,19,16.9,59,97,79,5.1,-999,0,-999,-999
11202001,20140523000000,42.918,3.0617,42,0,10.5,20.5,14.7,53,88,73,6.5,-999,0.4,-999,-999
11202001,20140524000000,42.918,3.0617,42,0,10.2,18.8,15.2,48,86,68,2.8,-999,0,-999,-999
11202001,20140525000000,42.918,3.0617,42,0,13.5,19.1,16.2,68,87,80,4,-999,0,-999,-999
11202001,20140526000000,42.918,3.0617,42,0,12.9,17.3,14.6,58,91,73,4.9,-999,4.6,-999,-999
11202001,20140527000000,42.918,3.0617,42,0,11.9,21.6,16.8,36,76,56,6.2,-999,0,-999,-999
11202001,20140528000000,42.918,3.0617,42,0,13.5,20.3,17.1,50,83,66,5,-999,0,-999,-999
11202001,20140529000000,42.918,3.0617,42,0,14.2,22.8,18.1,39,73,58,10,-999,0,-999,-999
11202001,20140530000000,42.918,3.0617,42,0,16.1,23.3,19.1,40,69,56,10,-999,0,-999,-999
11202001,20140531000000,42.918,3.0617,42,0,15.3,22.5,18.6,48,75,61,11.8,-999,0,-999,-999
11202001,20140601000000,42.918,3.0617,42,0,16.2,25.3,20.7,33,77,53,10,-999,0,-999,-999
11202001,20140602000000,42.918,3.0617,42,0,16.2,25.1,20.2,30,70,53,8.9,-999,0,-999,-999
11202001,20140603000000,42.918,3.0617,42,0,17,27,21.7,33,69,50,6.2,-999,0,-999,-999
11202001,20140604000000,42.918,3.0617,42,0,16.3,23.4,18.6,41,78,59,6.9,-999,0,-999,-999
11202001,20140605000000,42.918,3.0617,42,0,14.2,22.3,17.6,40,94,69,5,-999,0,-999,-999
11202001,20140606000000,42.918,3.0617,42,0,17.1,19.2,17.9,85,97,93,6.2,-999,0,-999,-999
11202001,20140607000000,42.918,3.0617,42,0,17.6,20.1,18.6,87,98,93,4.2,-999,0,-999,-999
11202001,20140608000000,42.918,3.0617,42,0,18.1,21.6,19.4,79,93,88,4.3,-999,0,-999,-999
11202001,20140609000000,42.918,3.0617,42,0,18.4,23,20.1,71,92,84,4.7,-999,0,-999,-999
11202001,20140610000000,42.918,3.0617,42,0,18.1,25.9,22.2,43,88,64,3.8,-999,0,-999,-999
11202001,20140611000000,42.918,3.0617,42,0,20,29.1,24.9,44,89,60,4.2,-999,0,-999,-999
11202001,20140612000000,42.918,3.0617,42,0,23.6,34.3,28.2,33,71,54,4.8,-999,0,-999,-999
11202001,20140613000000,42.918,3.0617,42,0,23.8,34.4,29,35,74,49,7.6,-999,0,-999,-999
11202001,20140614000000,42.918,3.0617,42,0,22.4,28.8,25,28,66,48,11.5,-999,0,-999,-999
11202001,20140615000000,42.918,3.0617,42,0,19,25.4,21.6,-999,-999,49,9.2,-999,0.2,-999,-999
11202001,20140616000000,42.918,3.0617,42,0,18.1,28.3,23.4,33,61,43,8.2,-999,0,-999,-999
11202001,20140617000000,42.918,3.0617,42,0,19.8,28.5,22.7,26,85,50,7.6,-999,6.5,-999,-999
11202001,20140618000000,42.918,3.0617,42,0,16,25.9,20.1,38,88,67,3.8,-999,0,-999,-999
11202001,20140619000000,42.918,3.0617,42,0,16.1,23.2,20.7,44,84,67,3.9,-999,0,-999,-999
11202001,20140620000000,42.918,3.0617,42,0,19.2,27.7,22.9,41,91,65,3.7,-999,0,-999,-999
11202001,20140621000000,42.918,3.0617,42,0,20.4,26.6,22.7,40,92,67,2.8,-999,0,-999,-999
11202001,20140622000000,42.918,3.0617,42,0,20,24.8,21.8,76,96,91,3.6,-999,0.2,-999,-999
11202001,20140623000000,42.918,3.0617,42,0,20.9,24.6,22.1,79,97,90,2.9,-999,0.2,-999,-999
11202001,20140624000000,42.918,3.0617,42,0,20.6,29.5,24.4,43,92,63,6.3,-999,2.8,-999,-999
11202001,20140625000000,42.918,3.0617,42,0,18.2,28.8,22.8,41,93,65,7.1,-999,1,-999,-999
11202001,20140626000000,42.918,3.0617,42,0,19.8,28.7,23.6,39,73,57,7.8,-999,0,-999,-999
11202001,20140627000000,42.918,3.0617,42,0,18.6,26.1,22.1,44,94,73,4.8,-999,0,-999,-999
11202001,20140628000000,42.918,3.0617,42,0,20.2,28.5,22.9,41,98,76,7.1,-999,0,-999,-999
11202001,20140629000000,42.918,3.0617,42,0,16.2,25.8,20.4,35,85,57,10.2,-999,1.2,-999,-999
11202001,20140630000000,42.918,3.0617,42,0,16,25.9,20.8,30,81,59,5.4,-999,0,-999,-999
11202001,20140701000000,42.918,3.0617,42,0,18.5,22.1,20.5,52,93,80,5.8,-999,2.8,-999,-999
11202001,20140702000000,42.918,3.0617,42,0,18.8,23.7,20.4,78,97,90,2.7,-999,0.2,-999,-999
11202001,20140703000000,42.918,3.0617,42,0,16.9,25.1,21.1,56,94,77,2.3,-999,0,-999,-999
11202001,20140704000000,42.918,3.0617,42,0,19.9,26.6,23,50,85,68,4.6,-999,0,-999,-999
11202001,20140705000000,42.918,3.0617,42,0,19.2,25.2,22.1,53,96,79,2.9,-999,0,-999,-999
11202001,20140706000000,42.918,3.0617,42,0,20.3,26.4,22,61,98,83,5,-999,4,-999,-999
11202001,20140707000000,42.918,3.0617,42,0,15.2,20,17.4,64,96,79,7.2,-999,22.8,-999,-999
11202001,20140708000000,42.918,3.0617,42,0,15.7,25.5,20.4,39,83,59,9.3,-999,0,-999,-999
11202001,20140709000000,42.918,3.0617,42,0,16.2,23.4,19.3,39,82,61,9.3,-999,0.2,-999,-999
11202001,20140710000000,42.918,3.0617,42,0,17.2,25,20.4,40,69,56,11.9,-999,0,-999,-999
11202001,20140711000000,42.918,3.0617,42,0,17.9,25.7,21.3,41,66,55,11.7,-999,0,-999,-999
11202001,20140712000000,42.918,3.0617,42,0,17.5,25.3,21.3,42,72,58,8.1,-999,0,-999,-999
11202001,20140713000000,42.918,3.0617,42,0,18.6,27.9,22.5,39,75,61,6,-999,0,-999,-999
11202001,20140714000000,42.918,3.0617,42,0,19.2,27.8,23.3,39,78,59,7.9,-999,0,-999,-999
11202001,20140715000000,42.918,3.0617,42,0,19.3,25,22.3,51,80,68,4,-999,0,-999,-999
11202001,20140716000000,42.918,3.0617,42,0,19.1,26.4,23.4,45,91,66,4,-999,0,-999,-999
11202001,20140717000000,42.918,3.0617,42,0,19.7,26.6,22.8,67,96,83,3.2,-999,0,-999,-999
11202001,20140718000000,42.918,3.0617,42,0,21.2,25,22.4,78,96,92,5.8,-999,0.2,-999,-999
11202001,20140719000000,42.918,3.0617,42,0,21.5,22.9,22.2,82,96,90,8.4,-999,0,-999,-999
11202001,20140720000000,42.918,3.0617,42,0,20.1,28.3,22.7,44,96,70,8.2,-999,1,-999,-999
11202001,20140721000000,42.918,3.0617,42,0,18.7,26.9,22.7,47,73,61,10.8,-999,0,-999,-999
11202001,20140722000000,42.918,3.0617,42,0,19.3,28.5,24.3,42,70,55,10.5,-999,0,-999,-999
11202001,20140723000000,42.918,3.0617,42,0,22.1,32,26.4,39,71,54,6.4,-999,0,-999,-999
11202001,20140724000000,42.918,3.0617,42,0,23,32.3,26.4,38,77,62,4.8,-999,2.2,-999,-999
11202001,20140725000000,42.918,3.0617,42,0,20.3,27.2,22.9,62,87,75,3.7,-999,0.4,-999,-999
11202001,20140726000000,42.918,3.0617,42,0,21,30.7,25.8,38,75,55,6.5,-999,0,-999,-999
11202001,20140727000000,42.918,3.0617,42,0,22.2,30.8,26.5,35,71,53,6.6,-999,0,-999,-999
11202001,20140728000000,42.918,3.0617,42,0,18.3,25.3,21.9,52,92,70,5,-999,8,-999,-999
11202001,20140729000000,42.918,3.0617,42,0,16.9,24.7,20.8,42,83,60,11.1,-999,0,-999,-999
11202001,20140730000000,42.918,3.0617,42,0,19.6,27.4,23.3,46,68,58,10.7,-999,0,-999,-999
11202001,20140731000000,42.918,3.0617,42,0,21.6,31.7,26.6,32,64,48,5.6,-999,0,-999,-999
11202001,20140801000000,42.918,3.0617,42,0,21.7,26.1,22.9,50,93,72,3.2,-999,3.6,-999,-999
11202001,20140802000000,42.918,3.0617,42,0,19.9,25.1,21.1,75,95,88,3.6,-999,1.4,-999,-999
11202001,20140803000000,42.918,3.0617,42,0,18.8,25.3,21.7,69,95,84,3.3,-999,0,-999,-999
11202001,20140804000000,42.918,3.0617,42,0,20.8,29.3,24.2,51,82,67,3.5,-999,0,-999,-999
11202001,20140805000000,42.918,3.0617,42,0,21.3,29.8,25,33,73,52,6.9,-999,0,-999,-999
11202001,20140806000000,42.918,3.0617,42,0,19.5,31,25.8,33,61,47,6.3,-999,0,-999,-999
11202001,20140807000000,42.918,3.0617,42,0,21.4,31.4,26.3,42,73,57,5.5,-999,0,-999,-999
11202001,20140808000000,42.918,3.0617,42,0,21.6,25.5,23.6,48,88,78,5.6,-999,1.4,-999,-999
11202001,20140809000000,42.918,3.0617,42,0,19.6,24.4,22.3,73,95,85,4.1,-999,0,-999,-999
11202001,20140810000000,42.918,3.0617,42,0,22.3,24.5,23,75,98,93,5.7,-999,0,-999,-999
11202001,20140811000000,42.918,3.0617,42,0,22.7,27.2,23.8,47,79,61,8.8,-999,0,-999,-999
11202001,20140812000000,42.918,3.0617,42,0,19.1,27.7,22.8,47,79,66,4.5,-999,7.7,-999,-999
11202001,20140813000000,42.918,3.0617,42,0,17.5,24.9,21.2,42,95,60,9.3,-999,0,-999,-999
11202001,20140814000000,42.918,3.0617,42,0,17.3,25.6,21.4,36,72,55,7.9,-999,0,-999,-999
11202001,20140815000000,42.918,3.0617,42,0,17.8,26.1,21.5,36,68,53,7.3,-999,0,-999,-999
11202001,20140816000000,42.918,3.0617,42,0,16.9,25.6,21.1,30,73,51,7.7,-999,0,-999,-999
11202001,20140817000000,42.918,3.0617,42,0,16.8,24.4,20.6,53,87,66,4.3,-999,0,-999,-999
11202001,20140818000000,42.918,3.0617,42,0,17.6,23.9,20.9,60,93,80,3.8,-999,3.2,-999,-999
11202001,20140819000000,42.918,3.0617,42,0,18.9,26.1,22.2,49,91,62,6.4,-999,0,-999,-999
11202001,20140820000000,42.918,3.0617,42,0,18.9,26.1,21.1,42,64,56,6.1,-999,0,-999,-999
11202001,20140821000000,42.918,3.0617,42,0,17.2,25.8,20.8,42,70,60,4.4,-999,0,-999,-999
11202001,20140822000000,42.918,3.0617,42,0,18.6,23.2,19.8,59,91,73,3.2,-999,4.6,-999,-999
11202001,20140823000000,42.918,3.0617,42,0,16.4,25.1,20.5,38,78,58,7.6,-999,0,-999,-999
11202001,20140824000000,42.918,3.0617,42,0,17.7,25.2,20.9,38,73,58,3.7,-999,0,-999,-999
11202001,20140825000000,42.918,3.0617,42,0,17.6,23.3,20.4,55,94,73,3.7,-999,0,-999,-999
11202001,20140826000000,42.918,3.0617,42,0,19.5,26.4,23,54,91,78,3.6,-999,0,-999,-999
11202001,20140827000000,42.918,3.0617,42,0,22.4,28.4,24.7,46,79,62,6.8,-999,0,-999,-999
11202001,20140828000000,42.918,3.0617,42,0,20.1,26.1,22.6,58,90,74,2.3,-999,0,-999,-999
11202001,20140829000000,42.918,3.0617,42,0,20.4,28.7,23.6,49,88,68,6.8,-999,0,-999,-999
11202001,20140830000000,42.918,3.0617,42,0,20.7,29.7,24.7,39,72,55,7.2,-999,0,-999,-999
11202001,20140831000000,42.918,3.0617,42,0,21,29.5,24.7,29,65,49,8.2,-999,0,-999,-999
11202001,20140901000000,42.918,3.0617,42,0,19.1,29.1,23.8,23,67,45,9,-999,0,-999,-999
11202001,20140902000000,42.918,3.0617,42,0,20,31.5,24.9,19,68,41,7,-999,0,-999,-999
11202001,20140903000000,42.918,3.0617,42,0,17.6,25.7,20.6,44,85,65,2.4,-999,0,-999,-999
11202001,20140904000000,42.918,3.0617,42,0,16.5,22.2,19.6,66,94,84,3.2,-999,0.2,-999,-999
11202001,20140905000000,42.918,3.0617,42,0,18.9,27.3,22.9,-999,-999,73,3.6,-999,0,-999,-999
11202001,20140906000000,42.918,3.0617,42,0,21.3,26.4,23.4,52,97,70,3.5,-999,0,-999,-999
11202001,20140907000000,42.918,3.0617,42,0,18.9,22.4,21,-999,-999,-999,3.2,-999,0.2,-999,-999
11202001,20140908000000,42.918,3.0617,42,0,19.8,24.5,21.6,76,99,91,3,-999,0.6,-999,-999
11202001,20140909000000,42.918,3.0617,42,0,18.4,26.6,22.4,62,97,77,3.7,-999,0,-999,-999
11202001,20140910000000,42.918,3.0617,42,0,20,27.4,23.8,52,91,70,3.5,-999,0,-999,-999
11202001,20140911000000,42.918,3.0617,42,0,20.9,30.8,24.5,35,76,56,3.8,-999,0,-999,-999
11202001,20140912000000,42.918,3.0617,42,0,19.5,29.6,24.2,21,84,47,5.9,-999,0,-999,-999
11202001,20140913000000,42.918,3.0617,42,0,17.8,24.6,21.6,48,85,64,3.4,-999,0,-999,-999
11202001,20140914000000,42.918,3.0617,42,0,19,24,21.3,62,92,78,2.5,-999,0,-999,-999
11202001,20140915000000,42.918,3.0617,42,0,18.8,26.3,21.7,72,96,85,3.8,-999,2,-999,-999
11202001,20140916000000,42.918,3.0617,42,0,19.3,22.9,21.7,85,94,91,10.1,-999,0,-999,-999
11202001,20140917000000,42.918,3.0617,42,0,21.7,26,22.8,70,94,85,9.5,-999,0,-999,-999
11202001,20140918000000,42.918,3.0617,42,0,20.4,25.6,22.2,74,97,92,9.9,-999,0,-999,-999
11202001,20140919000000,42.918,3.0617,42,0,21.8,25.8,22.9,75,96,87,8.1,-999,0,-999,-999
11202001,20140920000000,42.918,3.0617,42,0,20.8,25.5,22.2,68,95,86,3.6,-999,0,-999,-999
11202001,20140921000000,42.918,3.0617,42,0,20.5,28.9,24,38,91,58,4,-999,0,-999,-999
11202001,20140922000000,42.918,3.0617,42,0,19.2,25.5,21.8,51,82,65,4.5,-999,0,-999,-999
11202001,20140923000000,42.918,3.0617,42,0,16.6,22.2,18.6,37,89,66,5.3,-999,0,-999,-999
11202001,20140924000000,42.918,3.0617,42,0,16.8,24.1,19.7,41,82,57,6.2,-999,0,-999,-999
11202001,20140925000000,42.918,3.0617,42,0,14.7,22.6,18.5,39,68,54,8.1,-999,0,-999,-999
11202001,20140926000000,42.918,3.0617,42,0,13.8,24.3,19.1,39,71,55,4.8,-999,0,-999,-999
11202001,20140927000000,42.918,3.0617,42,0,13.8,21.4,19.1,45,90,72,6.9,-999,0,-999,-999
11202001,20140928000000,42.918,3.0617,42,0,20.6,21.8,21,86,94,90,11,-999,50,-999,-999
11202001,20140929000000,42.918,3.0617,42,0,19.3,24.4,20.9,76,98,91,6.6,-999,4.2,-999,-999
11202001,20140930000000,42.918,3.0617,42,0,19,23.6,20.2,70,97,85,4.8,-999,0,-999,-999
11202001,20141001000000,42.918,3.0617,42,0,18.4,26,22.1,54,91,70,6.5,-999,0,-999,-999
11202001,20141002000000,42.918,3.0617,42,0,19.1,26.1,21.6,46,81,65,4.8,-999,0,-999,-999
11202001,20141003000000,42.918,3.0617,42,0,17.4,24.6,20.4,56,85,71,3.1,-999,0,-999,-999
11202001,20141004000000,42.918,3.0617,42,0,15.2,23.7,19.5,66,90,81,3.2,-999,2.8,-999,-999
11202001,20141005000000,42.918,3.0617,42,0,15.6,20.2,17.7,47,88,63,7.9,-999,0,-999,-999
11202001,20141006000000,42.918,3.0617,42,0,13.7,21.1,17.8,55,92,80,4.8,-999,0,-999,-999
11202001,20141007000000,42.918,3.0617,42,0,17.5,24.3,20,67,95,86,2.8,-999,0,-999,-999
11202001,20141008000000,42.918,3.0617,42,0,17.2,25.6,20.8,69,99,85,4.3,-999,0,-999,-999
11202001,20141009000000,42.918,3.0617,42,0,18,26.8,21.1,61,94,82,4.6,-999,0.2,-999,-999
11202001,20141010000000,42.918,3.0617,42,0,17.7,22.4,20.2,68,92,79,4.2,-999,0,-999,-999
11202001,20141011000000,42.918,3.0617,42,0,17.1,24.8,20.8,52,92,74,5.6,-999,0,-999,-999
11202001,20141012000000,42.918,3.0617,42,0,20.7,23.9,22.5,56,95,80,7.9,-999,0,-999,-999
11202001,20141013000000,42.918,3.0617,42,0,16.6,25.5,20.3,55,84,71,3.1,-999,0,-999,-999
11202001,20141014000000,42.918,3.0617,42,0,17,22.5,19.2,51,94,77,2.9,-999,0,-999,-999
11202001,20141015000000,42.918,3.0617,42,0,15.9,21.6,18.9,66,89,81,3.4,-999,0,-999,-999
11202001,20141016000000,42.918,3.0617,42,0,17,23.3,19.7,73,94,86,4.4,-999,0,-999,-999
11202001,20141017000000,42.918,3.0617,42,0,17.6,25,20.8,64,94,84,3.9,-999,0,-999,-999
11202001,20141018000000,42.918,3.0617,42,0,19.3,22.5,20.7,81,95,90,4.4,-999,0,-999,-999
11202001,20141019000000,42.918,3.0617,42,0,19.3,24.7,21.3,74,97,91,2.7,-999,0.2,-999,-999
11202001,20141020000000,42.918,3.0617,42,0,19.7,24.2,21.1,76,97,90,2.8,-999,0,-999,-999
11202001,20141021000000,42.918,3.0617,42,0,19.1,25.7,21.6,52,92,63,7.8,-999,0,-999,-999
11202001,20141022000000,42.918,3.0617,42,0,12.8,16.8,14.7,39,65,51,12.6,-999,0,-999,-999
11202001,20141023000000,42.918,3.0617,42,0,12.5,19.9,15.7,28,60,48,10.6,-999,0,-999,-999
11202001,20141024000000,42.918,3.0617,42,0,14.7,25.3,20.3,19,57,33,9.1,-999,0,-999,-999
11202001,20141025000000,42.918,3.0617,42,0,19,27.1,22.2,32,52,42,6.1,-999,0,-999,-999
11202001,20141026000000,42.918,3.0617,42,0,16.8,22.7,18.5,51,85,69,4.2,-999,0,-999,-999
11202001,20141027000000,42.918,3.0617,42,0,14.6,21,17.6,67,87,78,4.2,-999,0,-999,-999
11202001,20141028000000,42.918,3.0617,42,0,17.7,19,18.1,64,81,73,9.4,-999,0,-999,-999
11202001,20141029000000,42.918,3.0617,42,0,17.6,19.5,17.7,64,88,75,5.3,-999,0,-999,-999
11202001,20141030000000,42.918,3.0617,42,0,12.9,21.2,16.3,14,94,83,2.8,-999,-999,-999,-999
11202001,20141031000000,42.918,3.0617,42,0,13.7,21.9,17.1,64,96,82,3.2,-999,0,-999,-999
11202001,20141101000000,42.918,3.0617,42,0,15.5,21.3,17.3,69,91,84,3.7,-999,0,-999,-999
11202001,20141102000000,42.918,3.0617,42,0,14.1,20.2,17.7,74,93,85,5.5,-999,0,-999,-999
11202001,20141103000000,42.918,3.0617,42,0,14.4,21.4,18.4,62,94,78,10.6,-999,0,-999,-999
11202001,20141104000000,42.918,3.0617,42,0,10.3,16,14,44,87,71,9.2,-999,1.2,-999,-999
11202001,20141105000000,42.918,3.0617,42,0,9.7,14.5,11.3,50,80,71,8.7,-999,0,-999,-999
11202001,20141106000000,42.918,3.0617,42,0,8.9,15.1,11.2,51,79,67,6.7,-999,0,-999,-999
11202001,20141107000000,42.918,3.0617,42,0,6.3,17.6,12.8,57,85,67,4.5,-999,0,-999,-999
11202001,20141108000000,42.918,3.0617,42,0,11.8,18.7,14.6,54,82,70,3.7,-999,0,-999,-999
11202001,20141109000000,42.918,3.0617,42,0,11.5,16.7,13.6,57,91,72,5.6,-999,0,-999,-999
11202001,20141110000000,42.918,3.0617,42,0,11.3,16.7,14.3,48,76,64,6.7,-999,0,-999,-999
11202001,20141111000000,42.918,3.0617,42,0,15.2,18.5,16,44,78,62,8.9,-999,0,-999,-999
11202001,20141112000000,42.918,3.0617,42,0,11.7,18.7,14.3,42,82,61,5.2,-999,0,-999,-999
11202001,20141113000000,42.918,3.0617,42,0,10.5,18.4,14.8,57,83,71,4.5,-999,0,-999,-999
11202001,20141114000000,42.918,3.0617,42,0,11.5,18.8,15.6,64,89,80,5.5,-999,0.8,-999,-999
11202001,20141115000000,42.918,3.0617,42,0,12.5,17.7,13.8,49,84,68,4.4,-999,0,-999,-999
11202001,20141116000000,42.918,3.0617,42,0,9.1,18.4,13.1,44,87,69,4.7,-999,0,-999,-999
11202001,20141117000000,42.918,3.0617,42,0,10.6,15.8,12.8,48,71,60,5.7,-999,0,-999,-999
11202001,20141118000000,42.918,3.0617,42,0,10.2,17.9,13.8,47,73,60,2.5,-999,0,-999,-999
11202001,20141119000000,42.918,3.0617,42,0,9.6,16.7,12.8,63,84,74,4.1,-999,0,-999,-999
11202001,20141120000000,42.918,3.0617,42,0,11,17.6,15.3,67,88,81,6.7,-999,0,-999,-999
11202001,20141121000000,42.918,3.0617,42,0,16.8,17.9,17.5,80,92,87,9.2,-999,0,-999,-999
11202001,20141122000000,42.918,3.0617,42,0,17.4,17.8,17.7,83,93,89,14.6,-999,0,-999,-999
11202001,20141123000000,42.918,3.0617,42,0,17.4,18.1,17.8,91,97,94,9.4,-999,0.4,-999,-999
11202001,20141124000000,42.918,3.0617,42,0,17.6,17.9,17.1,90,98,94,-999,-999,41,-999,-999
11202001,20141125000000,42.918,3.0617,42,0,14.1,15.1,14.6,92,99,96,3.2,-999,1.6,-999,-999
11202001,20141126000000,42.918,3.0617,42,0,14.3,16.3,14.8,84,98,96,3.9,-999,1.8,-999,-999
11202001,20141127000000,42.918,3.0617,42,0,11.9,18.2,15.1,70,98,84,5.1,-999,1.6,-999,-999
11202001,20141128000000,42.918,3.0617,42,0,16,18.9,18,77,94,89,14.9,-999,0,-999,-999
11202001,20141129000000,42.918,3.0617,42,0,17.1,18.1,17.4,80,96,87,21.8,-999,120,-999,-999
11202001,20141130000000,42.918,3.0617,42,0,13.5,16.9,15.9,79,99,88,13.4,-999,15.3,-999,-999
11202001,20141201000000,42.918,3.0617,42,0,8.4,13.9,10.7,72,96,81,11.4,-999,0,-999,-999
11202001,20141202000000,42.918,3.0617,42,0,6.6,9.6,8.1,69,80,76,13.8,-999,0,-999,-999
11202001,20141203000000,42.918,3.0617,42,0,5.6,10,7.3,59,78,69,8.7,-999,0,-999,-999
11202001,20141204000000,42.918,3.0617,42,0,6.3,10,7.8,61,84,69,5.9,-999,6.4,-999,-999
11202001,20141205000000,42.918,3.0617,42,0,6.5,9.9,8.4,60,87,75,7.3,-999,2,-999,-999
11202001,20141206000000,42.918,3.0617,42,0,5.4,8.7,6.6,69,89,79,10.7,-999,4,-999,-999
11202001,20141207000000,42.918,3.0617,42,0,4.6,9,7.3,49,82,65,13.5,-999,0,-999,-999
11202001,20141208000000,42.918,3.0617,42,0,7,11.5,9.6,60,85,74,7.8,-999,0.2,-999,-999
11202001,20141209000000,42.918,3.0617,42,0,5.4,8.3,6.6,52,80,60,14.1,-999,0,-999,-999
11202001,20141210000000,42.918,3.0617,42,0,5.1,13.8,10.5,39,78,61,10.1,-999,0,-999,-999
11202001,20141211000000,42.918,3.0617,42,0,10.8,13.6,11.5,61,78,72,7.4,-999,0,-999,-999
11202001,20141212000000,42.918,3.0617,42,0,7.4,12.3,9.7,66,88,78,3.4,-999,0,-999,-999
11202001,20141213000000,42.918,3.0617,42,0,8.2,12.3,10.2,75,93,85,3.5,-999,0,-999,-999
11202001,20141214000000,42.918,3.0617,42,0,7.1,13.9,11.2,84,94,89,2.2,-999,9.7,-999,-999
11202001,20141215000000,42.918,3.0617,42,0,9.2,11.9,10.6,55,95,80,7,-999,0.8,-999,-999
11202001,20141216000000,42.918,3.0617,42,0,7.9,12.9,10.4,59,77,67,8.6,-999,0,-999,-999
11202001,20141217000000,42.918,3.0617,42,0,9.6,14.4,11.9,67,82,74,9.3,-999,0.6,-999,-999
11202001,20141218000000,42.918,3.0617,42,0,13.1,16.4,14.7,66,76,70,11.8,-999,0,-999,-999
11202001,20141219000000,42.918,3.0617,42,0,12.3,14.3,13,64,80,71,10.2,-999,0,-999,-999
11202001,20141220000000,42.918,3.0617,42,0,12,16.7,13.1,58,78,67,7.8,-999,0,-999,-999
11202001,20141221000000,42.918,3.0617,42,0,8.4,12.5,9.9,49,70,59,10.4,-999,0,-999,-999
11202001,20141222000000,42.918,3.0617,42,0,4.4,13.8,8.7,54,92,76,3.1,-999,0,-999,-999
11202001,20141223000000,42.918,3.0617,42,0,7.6,11.2,9.2,76,93,84,4.6,-999,0,-999,-999
11202001,20141224000000,42.918,3.0617,42,0,6.5,14.6,10.3,49,88,68,4.4,-999,0,-999,-999
11202001,20141225000000,42.918,3.0617,42,0,9,15.1,11.8,45,75,60,9.4,-999,0,-999,-999
11202001,20141226000000,42.918,3.0617,42,0,8,11,9.1,47,75,63,9.9,-999,0,-999,-999
11202001,20141227000000,42.918,3.0617,42,0,6.5,14.2,8.8,59,90,77,5.8,-999,5,-999,-999
11202001,20141228000000,42.918,3.0617,42,0,4.1,7.2,5.2,53,92,71,11.4,-999,0,-999,-999
11202001,20141229000000,42.918,3.0617,42,0,0.8,5.9,3.1,33,69,53,13,-999,0,-999,-999
11202001,20141230000000,42.918,3.0617,42,0,2.5,7.5,4.7,47,67,59,12.4,-999,0,-999,-999
11202001,20141231000000,42.918,3.0617,42,0,4.1,8.9,5.8,29,68,50,12.2,-999,0,-999,-999
11202001,20150101000000,42.918,3.0617,42,0,1.5,9.2,5.4,43,75,61,3.9,-999,0,-999,-999
11202001,20150102000000,42.918,3.0617,42,0,3.6,17.4,11.6,16,81,40,6.3,-999,0,-999,-999
11202001,20150103000000,42.918,3.0617,42,0,11.2,17.3,13.5,17,69,39,8.1,-999,0,-999,-999
11202001,20150104000000,42.918,3.0617,42,0,11.4,14.9,13.3,66,76,70,9.5,-999,0,-999,-999
11202001,20150105000000,42.918,3.0617,42,0,6.6,12.7,9.9,42,96,65,4.1,-999,0,-999,-999
11202001,20150106000000,42.918,3.0617,42,0,6.9,12.4,10.2,50,79,64,8.7,-999,0,-999,-999
11202001,20150107000000,42.918,3.0617,42,0,8.6,14,10.8,47,84,65,5.9,-999,0,-999,-999
11202001,20150108000000,42.918,3.0617,42,0,7.6,15.1,11.2,48,74,63,4,-999,0,-999,-999
11202001,20150109000000,42.918,3.0617,42,0,10.7,18.1,14.6,52,74,65,8.6,-999,0,-999,-999
11202001,20150110000000,42.918,3.0617,42,0,12.3,19.5,15.2,48,77,65,9.6,-999,0,-999,-999
11202001,20150111000000,42.918,3.0617,42,0,9.6,15.5,11.7,47,71,61,9.6,-999,0,-999,-999
11202001,20150112000000,42.918,3.0617,42,0,4.6,11.7,8.9,54,85,70,3.5,-999,0,-999,-999
11202001,20150113000000,42.918,3.0617,42,0,7.6,12.6,9.9,66,86,77,3.9,-999,0,-999,-999
11202001,20150114000000,42.918,3.0617,42,0,9.4,15.9,12.6,49,88,69,4.5,-999,0,-999,-999
11202001,20150115000000,42.918,3.0617,42,0,7.7,13.1,10,76,93,85,5,-999,0,-999,-999
11202001,20150116000000,42.918,3.0617,42,0,8.2,12.7,9.4,68,97,79,6.1,-999,0.6,-999,-999
11202001,20150117000000,42.918,3.0617,42,0,6.6,11.2,7.8,51,80,69,6.6,-999,0,-999,-999
11202001,20150118000000,42.918,3.0617,42,0,4.6,10.2,6.7,64,89,75,4.6,-999,0,-999,-999
11202001,20150119000000,42.918,3.0617,42,0,4.6,9.3,7,66,89,75,4.5,-999,2.8,-999,-999
11202001,20150120000000,42.918,3.0617,42,0,4.1,9.4,6.2,30,74,54,8.1,-999,0,-999,-999
11202001,20150121000000,42.918,3.0617,42,0,3.9,10.6,6.8,34,74,51,4.6,-999,0,-999,-999
11202001,20150122000000,42.918,3.0617,42,0,5.1,9.7,6.9,56,84,71,6.9,-999,0,-999,-999
11202001,20150123000000,42.918,3.0617,42,0,3.6,7,4.6,49,75,64,16.1,-999,0,-999,-999
11202001,20150124000000,42.918,3.0617,42,0,2.3,9.7,5.5,41,73,61,15,-999,0,-999,-999
11202001,20150125000000,42.918,3.0617,42,0,4,6.7,5.5,49,66,58,16,-999,0,-999,-999
11202001,20150126000000,42.918,3.0617,42,0,5.2,10.6,6.4,56,82,65,13.3,-999,1.6,-999,-999
11202001,20150127000000,42.918,3.0617,42,0,5.5,11.2,8.9,53,78,68,11.9,-999,0,-999,-999
11202001,20150128000000,42.918,3.0617,42,0,6.3,13.3,8.8,48,71,60,8.6,-999,1.8,-999,-999
11202001,20150129000000,42.918,3.0617,42,0,8.2,14.1,11.3,36,92,69,7.1,-999,6.8,-999,-999
11202001,20150130000000,42.918,3.0617,42,0,5,8.6,7.6,54,87,69,7.3,-999,0,-999,-999
11202001,20150131000000,42.918,3.0617,42,0,5.3,10.1,7,51,82,68,8.7,-999,0,-999,-999
11202001,20150201000000,42.918,3.0617,42,0,4.3,7.4,5.4,52,79,68,10.7,-999,0,-999,-999
11202001,20150202000000,42.918,3.0617,42,0,3,9.5,5.9,51,76,66,4.5,-999,0,-999,-999
11202001,20150203000000,42.918,3.0617,42,0,0.4,6.6,3.4,60,98,76,8.6,-999,3,-999,-999
11202001,20150204000000,42.918,3.0617,42,0,1.2,2.9,2.2,63,80,70,12.1,-999,0,-999,-999
11202001,20150205000000,42.918,3.0617,42,0,1.2,3.9,2.2,53,74,61,16.3,-999,0,-999,-999
11202001,20150206000000,42.918,3.0617,42,0,0.6,3.1,1.4,54,72,64,11.7,-999,0,-999,-999
11202001,20150207000000,42.918,3.0617,42,0,0.7,8.7,4.1,46,70,58,8.6,-999,0,-999,-999
11202001,20150208000000,42.918,3.0617,42,0,3,7,5.1,47,64,56,14.9,-999,0,-999,-999
11202001,20150209000000,42.918,3.0617,42,0,3.3,12.4,7.6,31,61,46,7.3,-999,0,-999,-999
11202001,20150210000000,42.918,3.0617,42,0,4.1,11.8,8.4,43,90,63,3.4,-999,0,-999,-999
11202001,20150211000000,42.918,3.0617,42,0,5.3,12.8,9.2,71,92,81,5.8,-999,0,-999,-999
11202001,20150212000000,42.918,3.0617,42,0,6.5,13.6,10.4,71,96,83,4.5,-999,0,-999,-999
11202001,20150213000000,42.918,3.0617,42,0,8.6,14,10.6,65,93,84,3.3,-999,0,-999,-999
11202001,20150214000000,42.918,3.0617,42,0,7.4,13.2,9.8,56,93,83,2.9,-999,4,-999,-999
11202001,20150215000000,42.918,3.0617,42,0,8.2,11.7,9,64,95,84,3.6,-999,1.6,-999,-999
11202001,20150216000000,42.918,3.0617,42,0,6.4,13.3,9.4,45,76,63,9.6,-999,0,-999,-999
11202001,20150217000000,42.918,3.0617,42,0,7.9,11.7,10,60,77,68,9,-999,0,-999,-999
11202001,20150218000000,42.918,3.0617,42,0,7,12.9,9.2,50,72,62,8.1,-999,0,-999,-999
11202001,20150219000000,42.918,3.0617,42,0,4.2,11.2,7.7,62,92,76,2.5,-999,0,-999,-999
11202001,20150220000000,42.918,3.0617,42,0,4.7,12.3,8.8,66,95,81,5.4,-999,0,-999,-999
11202001,20150221000000,42.918,3.0617,42,0,7.1,11.4,7.9,57,90,76,6.1,-999,2,-999,-999
11202001,20150222000000,42.918,3.0617,42,0,4,10,6.5,41,76,58,12.3,-999,0,-999,-999
11202001,20150223000000,42.918,3.0617,42,0,5.8,17.2,11.9,53,84,66,7.7,-999,1.6,-999,-999
11202001,20150224000000,42.918,3.0617,42,0,5.4,10.2,7.2,59,88,74,11.2,-999,1.2,-999,-999
11202001,20150225000000,42.918,3.0617,42,0,6.6,12,9.6,54,78,67,11.8,-999,0,-999,-999
11202001,20150226000000,42.918,3.0617,42,0,11.1,14.1,12.4,68,88,76,8.7,-999,5.6,-999,-999
11202001,20150227000000,42.918,3.0617,42,0,7.1,10.4,9.1,43,92,60,11.9,-999,0,-999,-999
11202001,20150228000000,42.918,3.0617,42,0,4.3,13.2,8.9,36,93,60,7.4,-999,1,-999,-999
11202001,20150301000000,42.918,3.0617,42,0,7.9,17.9,13.5,65,94,78,5.7,-999,0.2,-999,-999
11202001,20150302000000,42.918,3.0617,42,0,13.9,18.6,15.5,62,84,71,7.6,-999,0,-999,-999
11202001,20150303000000,42.918,3.0617,42,0,11.3,16,12.9,64,87,75,3.2,-999,0,-999,-999
11202001,20150304000000,42.918,3.0617,42,0,5.6,11.6,9.4,46,89,67,10.4,-999,3.6,-999,-999
11202001,20150305000000,42.918,3.0617,42,0,5.4,11.8,8.7,38,65,48,16,-999,0,-999,-999
11202001,20150306000000,42.918,3.0617,42,0,6.5,17.1,11.8,25,85,41,7.2,-999,0,-999,-999
11202001,20150307000000,42.918,3.0617,42,0,6.3,15.1,10.8,43,86,69,3,-999,0,-999,-999
11202001,20150308000000,42.918,3.0617,42,0,7.7,13.7,10.6,69,92,84,3,-999,0,-999,-999
11202001,20150309000000,42.918,3.0617,42,0,10.2,16.4,12.4,51,92,74,5.2,-999,0,-999,-999
11202001,20150310000000,42.918,3.0617,42,0,8,15.4,12.7,40,93,68,3.5,-999,0,-999,-999
11202001,20150311000000,42.918,3.0617,42,0,11.3,24,16.7,33,76,53,5.5,-999,0,-999,-999
11202001,20150312000000,42.918,3.0617,42,0,11.5,17,12.8,50,91,72,5.1,-999,0,-999,-999
11202001,20150313000000,42.918,3.0617,42,0,10,17.9,12.2,44,89,62,8.6,-999,0,-999,-999
11202001,20150314000000,42.918,3.0617,42,0,7.4,12.3,9.1,45,69,60,8.2,-999,0.8,-999,-999
11202001,20150315000000,42.918,3.0617,42,0,4.9,6.3,5.9,68,92,86,7.8,-999,16.6,-999,-999
11202001,20150316000000,42.918,3.0617,42,0,4.7,11.5,8,65,92,79,2.7,-999,0.6,-999,-999
11202001,20150317000000,42.918,3.0617,42,0,7.1,12.5,10.3,67,94,84,3.6,-999,1.2,-999,-999
11202001,20150318000000,42.918,3.0617,42,0,10.9,14.4,12.1,83,95,91,5,-999,0.2,-999,-999
11202001,20150319000000,42.918,3.0617,42,0,9.5,15.7,11.8,56,95,85,1.8,-999,0,-999,-999
11202001,20150320000000,42.918,3.0617,42,0,10.6,15.1,12.4,75,95,86,3.6,-999,0,-999,-999
11202001,20150321000000,42.918,3.0617,42,0,11.1,13.4,12,81,95,89,9.9,-999,18.6,-999,-999
11202001,20150322000000,42.918,3.0617,42,0,9.1,13.8,10.8,62,96,84,5.1,-999,4.4,-999,-999
11202001,20150323000000,42.918,3.0617,42,0,10.1,14.3,12,77,92,85,7.1,-999,0,-999,-999
11202001,20150324000000,42.918,3.0617,42,0,11.3,13.1,11.2,80,95,90,5.5,-999,7.4,-999,-999
11202001,20150325000000,42.918,3.0617,42,0,6.8,11,8.4,48,81,64,14,-999,0,-999,-999
11202001,20150326000000,42.918,3.0617,42,0,5.8,14.4,10.1,33,80,61,10.6,-999,0,-999,-999
11202001,20150327000000,42.918,3.0617,42,0,10.3,16.2,13.2,42,76,58,12.7,-999,0,-999,-999
11202001,20150328000000,42.918,3.0617,42,0,12.2,18.4,15.1,51,77,67,11.1,-999,0,-999,-999
11202001,20150329000000,42.918,3.0617,42,0,12.3,18.2,15.1,51,76,61,9.5,-999,0,-999,-999
11202001,20150330000000,42.918,3.0617,42,0,14.5,19.6,17,33,72,54,12.7,-999,0,-999,-999
11202001,20150331000000,42.918,3.0617,42,0,14.1,19.1,16,46,75,63,11.5,-999,0,-999,-999
11202001,20150401000000,42.918,3.0617,42,0,10.3,15,12.6,38,69,53,12.3,-999,0,-999,-999
11202001,20150402000000,42.918,3.0617,42,0,9.1,17.3,13,45,64,55,10.2,-999,0,-999,-999
11202001,20150403000000,42.918,3.0617,42,0,11.2,20.4,15.5,40,70,55,7.3,-999,0,-999,-999
11202001,20150404000000,42.918,3.0617,42,0,10.9,16.3,13.2,45,81,61,11.1,-999,0,-999,-999
11202001,20150405000000,42.918,3.0617,42,0,9.9,16.2,12.3,31,76,50,9.5,-999,0,-999,-999
11202001,20150406000000,42.918,3.0617,42,0,6.2,14.7,10.9,33,80,52,3.7,-999,0,-999,-999
11202001,20150407000000,42.918,3.0617,42,0,9.3,14.2,12,47,80,63,7.3,-999,0,-999,-999
11202001,20150408000000,42.918,3.0617,42,0,8.9,14.8,12.4,53,88,71,5.2,-999,0,-999,-999
11202001,20150409000000,42.918,3.0617,42,0,8.9,13.7,12.4,64,92,75,8.3,-999,0,-999,-999
11202001,20150410000000,42.918,3.0617,42,0,12.2,14.6,13.3,60,92,77,10.4,-999,0,-999,-999
11202001,20150411000000,42.918,3.0617,42,0,11.6,16.9,13.4,68,94,82,4.7,-999,0,-999,-999
11202001,20150412000000,42.918,3.0617,42,0,11,18.8,13.9,56,92,78,2.5,-999,0,-999,-999
11202001,20150413000000,42.918,3.0617,42,0,10.9,17.2,14.3,59,97,82,3.1,-999,0,-999,-999
11202001,20150414000000,42.918,3.0617,42,0,12.6,20.7,16.5,44,88,65,3.2,-999,0,-999,-999
11202001,20150415000000,42.918,3.0617,42,0,13.4,17.7,15.1,57,89,78,9.9,-999,0,-999,-999
11202001,20150416000000,42.918,3.0617,42,0,14.3,15.7,14.8,88,96,92,6.3,-999,1.4,-999,-999
11202001,20150417000000,42.918,3.0617,42,0,13.3,22.8,17.4,46,94,69,5.3,-999,0,-999,-999
11202001,20150418000000,42.918,3.0617,42,0,12.9,18.3,15.6,69,91,80,3.3,-999,5.2,-999,-999
11202001,20150419000000,42.918,3.0617,42,0,11.6,17.9,14.3,58,94,80,5.1,-999,8.5,-999,-999
11202001,20150420000000,42.918,3.0617,42,0,11.1,20.8,15.7,49,95,70,5.8,-999,0.8,-999,-999
11202001,20150421000000,42.918,3.0617,42,0,14.2,21.1,16.6,55,92,72,2.8,-999,0,-999,-999
11202001,20150422000000,42.918,3.0617,42,0,13.7,16.8,15.2,65,94,82,7.2,-999,0,-999,-999
11202001,20150423000000,42.918,3.0617,42,0,13.2,21.9,17.5,46,85,66,6.8,-999,0,-999,-999
11202001,20150424000000,42.918,3.0617,42,0,15.1,20.4,17.1,54,93,74,3.5,-999,0.4,-999,-999
11202001,20150425000000,42.918,3.0617,42,0,15.4,19.9,16.5,73,95,90,3.9,-999,0.2,-999,-999
11202001,20150426000000,42.918,3.0617,42,0,15.2,16.3,15.6,79,96,93,8.6,-999,1.8,-999,-999
11202001,20150427000000,42.918,3.0617,42,0,13.7,16.3,14.6,64,84,74,8.9,-999,-999,-999,-999
11202001,20150428000000,42.918,3.0617,42,0,11,18.1,13.9,37,82,54,10,-999,0,-999,-999
11202001,20150429000000,42.918,3.0617,42,0,10.2,19,14.9,32,62,46,4.9,-999,0,-999,-999
11202001,20150430000000,42.918,3.0617,42,0,12.3,18.6,15.8,51,96,72,3.2,-999,0,-999,-999
11202001,20150501000000,42.918,3.0617,42,0,14.2,20,16.8,68,99,84,5.4,-999,0,-999,-999
11202001,20150502000000,42.918,3.0617,42,0,15.7,21,17.6,64,92,79,4.1,-999,0,-999,-999
11202001,20150503000000,42.918,3.0617,42,0,15.6,18.1,16.5,83,95,91,4.7,-999,0,-999,-999
11202001,20150504000000,42.918,3.0617,42,0,15.9,16.9,16.2,88,95,92,5.1,-999,0,-999,-999
11202001,20150505000000,42.918,3.0617,42,0,15.6,24,19.1,45,93,67,6.6,-999,0,-999,-999
11202001,20150506000000,42.918,3.0617,42,0,15.5,22.7,19,41,63,52,7.9,-999,0,-999,-999
11202001,20150507000000,42.918,3.0617,42,0,12.9,21.2,17,44,92,66,3.4,-999,0,-999,-999
11202001,20150508000000,42.918,3.0617,42,0,14.9,23.3,18.8,45,94,72,5.3,-999,0,-999,-999
11202001,20150509000000,42.918,3.0617,42,0,16.5,25.2,20.3,43,71,57,8.1,-999,0,-999,-999
11202001,20150510000000,42.918,3.0617,42,0,15.6,24.2,19.5,28,86,61,3.2,-999,0,-999,-999
11202001,20150511000000,42.918,3.0617,42,0,15.5,22.6,17.8,65,89,79,2.4,-999,0,-999,-999
11202001,20150512000000,42.918,3.0617,42,0,15.7,18.3,16.9,79,92,85,4.1,-999,0,-999,-999
11202001,20150513000000,42.918,3.0617,42,0,16.1,20.2,17.5,76,95,89,2.1,-999,0,-999,-999
11202001,20150514000000,42.918,3.0617,42,0,16.9,26.6,18.7,50,97,74,8.1,-999,0,-999,-999
11202001,20150515000000,42.918,3.0617,42,0,12.2,18.4,15.1,46,88,59,13.4,-999,1,-999,-999
11202001,20150516000000,42.918,3.0617,42,0,13.9,19.8,17,48,68,58,15.2,-999,0,-999,-999
11202001,20150517000000,42.918,3.0617,42,0,15.5,23.6,19.8,40,75,55,11.4,-999,0,-999,-999
11202001,20150518000000,42.918,3.0617,42,0,16.3,24.8,19.7,38,85,60,5.6,-999,0,-999,-999
11202001,20150519000000,42.918,3.0617,42,0,11.6,15.2,13.7,57,88,74,9.8,-999,4,-999,-999
11202001,20150520000000,42.918,3.0617,42,0,11.2,18.2,13.9,42,73,62,9.6,-999,0,-999,-999
11202001,20150521000000,42.918,3.0617,42,0,10.7,19.6,15.5,31,73,48,11.3,-999,0,-999,-999
11202001,20150522000000,42.918,3.0617,42,0,12.4,22,17.3,30,62,44,11.8,-999,0,-999,-999
11202001,20150523000000,42.918,3.0617,42,0,14.7,22.3,18.1,39,65,53,11.4,-999,0,-999,-999
11202001,20150524000000,42.918,3.0617,42,0,15.8,24.7,20.5,36,71,52,9.3,-999,0,-999,-999
11202001,20150525000000,42.918,3.0617,42,0,17.6,23.9,19.9,45,73,59,10.7,-999,0,-999,-999
11202001,20150526000000,42.918,3.0617,42,0,14.6,22.1,18.2,41,73,55,12.6,-999,0,-999,-999
11202001,20150527000000,42.918,3.0617,42,0,14.2,24.5,19.6,26,58,38,11.5,-999,0,-999,-999
11202001,20150528000000,42.918,3.0617,42,0,15.5,25.5,20.2,30,83,51,4.7,-999,0,-999,-999
11202001,20150529000000,42.918,3.0617,42,0,17.5,24.3,19.7,41,80,62,4.2,-999,0,-999,-999
11202001,20150530000000,42.918,3.0617,42,0,17.3,24.4,20.7,42,66,53,8.1,-999,0,-999,-999
11202001,20150531000000,42.918,3.0617,42,0,17.8,23.2,20.2,47,75,61,5,-999,0,-999,-999
11202001,20150601000000,42.918,3.0617,42,0,18.8,24.8,20.6,47,94,68,-999,-999,0,-999,-999
11202001,20150602000000,42.918,3.0617,42,0,17.1,22.8,19.6,68,94,81,-999,-999,0,-999,-999
11202001,20150603000000,42.918,3.0617,42,0,17.4,23.4,20.6,56,96,79,4.3,-999,0,-999,-999
11202001,20150604000000,42.918,3.0617,42,0,18.7,26.1,21.2,57,89,77,2.9,-999,0,-999,-999
11202001,20150605000000,42.918,3.0617,42,0,18.3,24.2,20.7,70,94,84,4.1,-999,0,-999,-999
11202001,20150606000000,42.918,3.0617,42,0,18.4,31.2,25.3,35,87,57,6.5,-999,0,-999,-999
11202001,20150607000000,42.918,3.0617,42,0,22.4,30.9,25.8,34,67,55,4.4,-999,0,-999,-999
11202001,20150608000000,42.918,3.0617,42,0,21.3,32.7,24.3,33,83,62,4.2,-999,0,-999,-999
11202001,20150609000000,42.918,3.0617,42,0,20.8,29.5,24.2,41,86,59,6,-999,0,-999,-999
11202001,20150610000000,42.918,3.0617,42,0,19.2,23,20.9,79,96,88,4.7,-999,0,-999,-999
11202001,20150611000000,42.918,3.0617,42,0,20.1,24.2,21.6,75,96,90,4.8,-999,0,-999,-999
11202001,20150612000000,42.918,3.0617,42,0,16.5,21.5,19.3,80,97,89,5.3,-999,-999,-999,-999
11202001,20150613000000,42.918,3.0617,42,0,16.8,24.8,20.6,64,93,82,3.2,-999,0,-999,-999
11202001,20150614000000,42.918,3.0617,42,0,17.8,25.4,20.7,49,92,73,5.7,-999,5.4,-999,-999
11202001,20150615000000,42.918,3.0617,42,0,16.5,25.7,21.5,44,91,61,6.9,-999,0,-999,-999
11202001,20150616000000,42.918,3.0617,42,0,18.1,23.9,20,51,76,66,11.3,-999,0,-999,-999
11202001,20150617000000,42.918,3.0617,42,0,16.6,25.2,21.2,-999,-999,55,11.8,-999,-999,-999,-999
11202001,20150618000000,42.918,3.0617,42,0,18.3,27.5,23.2,41,64,52,11.1,-999,0,-999,-999
11202001,20150619000000,42.918,3.0617,42,0,18.3,25.9,22.4,43,71,57,10.9,-999,0,-999,-999
11202001,20150620000000,42.918,3.0617,42,0,18.2,27.7,23.5,33,66,47,10.2,-999,0,-999,-999
11202001,20150621000000,42.918,3.0617,42,0,20.2,28.3,23.8,34,65,52,5.7,-999,0,-999,-999
11202001,20150622000000,42.918,3.0617,42,0,21,26.3,22.7,51,93,70,2.3,-999,0,-999,-999
11202001,20150623000000,42.918,3.0617,42,0,20.5,29.4,24.9,21,90,41,7.8,-999,0,-999,-999
11202001,20150624000000,42.918,3.0617,42,0,18.7,27.1,21.9,30,79,55,5.2,-999,0,-999,-999
11202001,20150625000000,42.918,3.0617,42,0,17.1,25.4,21.4,55,89,73,-999,-999,0,-999,-999
11202001,20150626000000,42.918,3.0617,42,0,19.3,29.3,23.6,36,83,62,4.7,-999,0,-999,-999
11202001,20150627000000,42.918,3.0617,42,0,21,28.5,25.4,49,77,55,9.4,-999,0,-999,-999
11202001,20150628000000,42.918,3.0617,42,0,21.9,34.7,28.1,20,66,42,6.1,-999,0,-999,-999
11202001,20150629000000,42.918,3.0617,42,0,23.2,31.3,26.6,37,80,52,4.9,-999,0,-999,-999
11202001,20150630000000,42.918,3.0617,42,0,20.9,25.3,22.8,77,89,83,5,-999,0,-999,-999
11202001,20150701000000,42.918,3.0617,42,0,21.8,24.4,22.4,82,93,90,6,-999,0,-999,-999
11202001,20150702000000,42.918,3.0617,42,0,21.7,24.8,23.2,71,92,82,8,-999,0,-999,-999
11202001,20150703000000,42.918,3.0617,42,0,21.8,26.1,24.1,60,93,75,5.9,-999,0,-999,-999
11202001,20150704000000,42.918,3.0617,42,0,22.8,27.7,24.9,51,88,74,4.1,-999,0,-999,-999
11202001,20150705000000,42.918,3.0617,42,0,22.2,29.1,25.6,56,91,74,4.7,-999,0,-999,-999
11202001,20150706000000,42.918,3.0617,42,0,24.7,30.1,26.4,56,93,72,2.6,-999,0,-999,-999
11202001,20150707000000,42.918,3.0617,42,0,23,30.9,26.5,53,94,75,5.1,-999,0,-999,-999
11202001,20150708000000,42.918,3.0617,42,0,22,27.5,24.5,45,69,55,11.1,-999,0,-999,-999
11202001,20150709000000,42.918,3.0617,42,0,18.1,28.4,23.8,31,61,45,10.4,-999,0,-999,-999
11202001,20150710000000,42.918,3.0617,42,0,21.1,27.8,23.8,32,77,55,2.8,-999,0,-999,-999
11202001,20150711000000,42.918,3.0617,42,0,20.4,30.2,25.7,40,76,53,11.1,-999,0,-999,-999
11202001,20150712000000,42.918,3.0617,42,0,23.3,30.4,26.6,39,61,48,9.9,-999,0,-999,-999
11202001,20150713000000,42.918,3.0617,42,0,21.6,32.4,26.8,28,54,40,9.8,-999,0,-999,-999
11202001,20150714000000,42.918,3.0617,42,0,22.7,33.5,28.1,23,55,39,9.2,-999,0,-999,-999
11202001,20150715000000,42.918,3.0617,42,0,25.3,33.1,26.6,28,86,55,5.5,-999,0,-999,-999
11202001,20150716000000,42.918,3.0617,42,0,20.4,26.3,22.5,68,93,84,3.4,-999,0,-999,-999
11202001,20150717000000,42.918,3.0617,42,0,21.3,26.1,22.8,78,95,91,3.1,-999,0,-999,-999
11202001,20150718000000,42.918,3.0617,42,0,22,26.1,23.5,76,97,90,2.9,-999,0,-999,-999
11202001,20150719000000,42.918,3.0617,42,0,23,33.6,27.7,36,90,54,6.1,-999,0,-999,-999
11202001,20150720000000,42.918,3.0617,42,0,24.7,36.1,29.6,30,63,47,6.3,-999,0,-999,-999
11202001,20150721000000,42.918,3.0617,42,0,26.2,30.4,28,50,86,59,3.7,-999,0,-999,-999
11202001,20150722000000,42.918,3.0617,42,0,24.6,31.4,27.7,47,82,59,9.1,-999,0,-999,-999
11202001,20150723000000,42.918,3.0617,42,0,23,31.4,27.2,37,69,50,8.3,-999,0,-999,-999
11202001,20150724000000,42.918,3.0617,42,0,22.8,29.6,25.8,45,88,62,4.5,-999,0.2,-999,-999
11202001,20150725000000,42.918,3.0617,42,0,20.6,27.1,23.4,35,69,50,11.7,-999,0,-999,-999
11202001,20150726000000,42.918,3.0617,42,0,18.7,30.3,24.1,31,81,52,4.6,-999,0,-999,-999
11202001,20150727000000,42.918,3.0617,42,0,22.4,28.3,24.8,43,71,55,8.8,-999,0,-999,-999
11202001,20150728000000,42.918,3.0617,42,0,19.3,29.7,24.4,36,66,51,5.9,-999,0,-999,-999
11202001,20150729000000,42.918,3.0617,42,0,21.9,31.2,25,41,72,60,5.7,-999,0,-999,-999
11202001,20150730000000,42.918,3.0617,42,0,15.6,22.8,19.2,51,84,63,7.8,-999,1.2,-999,-999
11202001,20150731000000,42.918,3.0617,42,0,16.8,26,20.7,34,93,61,4.4,-999,11,-999,-999
11202001,20150801000000,42.918,3.0617,42,0,16.7,26.6,21.7,39,91,60,7.1,-999,0,-999,-999
11202001,20150802000000,42.918,3.0617,42,0,19.8,26,22.6,46,93,65,3.4,-999,0,-999,-999
11202001,20150803000000,42.918,3.0617,42,0,19.7,26.8,22.5,69,96,87,3.7,-999,0,-999,-999
11202001,20150804000000,42.918,3.0617,42,0,21.3,30.8,26,44,92,62,6.4,-999,0,-999,-999
11202001,20150805000000,42.918,3.0617,42,0,22.3,29.4,24.5,59,94,77,3.8,-999,0,-999,-999
11202001,20150806000000,42.918,3.0617,42,0,23.1,28.2,24.6,64,95,83,3.8,-999,0,-999,-999
11202001,20150807000000,42.918,3.0617,42,0,23.1,28.3,25.4,59,95,82,4.5,-999,0,-999,-999
11202001,20150808000000,42.918,3.0617,42,0,19.1,26.3,22.6,55,93,71,8.7,-999,6.4,-999,-999
11202001,20150809000000,42.918,3.0617,42,0,17.6,25.9,20.7,46,82,67,9.9,-999,0.2,-999,-999
11202001,20150810000000,42.918,3.0617,42,0,18.7,28.7,23.5,45,78,60,-999,-999,0,-999,-999
11202001,20150811000000,42.918,3.0617,42,0,20.7,26.9,23.4,57,95,74,-999,-999,0,-999,-999
11202001,20150812000000,42.918,3.0617,42,0,20.1,26.5,23.2,75,95,89,3.6,-999,0,-999,-999
11202001,20150813000000,42.918,3.0617,42,0,18.9,25.7,22,61,95,86,5.2,-999,14.6,-999,-999
11202001,20150814000000,42.918,3.0617,42,0,19.7,24.5,20.7,48,85,66,9.7,-999,2.4,-999,-999
11202001,20150815000000,42.918,3.0617,42,0,16.4,24.2,20.3,44,81,61,7.6,-999,0,-999,-999
11202001,20150816000000,42.918,3.0617,42,0,16.3,27.2,21.7,24,77,50,6.1,-999,0,-999,-999
11202001,20150817000000,42.918,3.0617,42,0,19.5,28.4,23.4,31,56,44,6.2,-999,0,-999,-999
11202001,20150818000000,42.918,3.0617,42,0,20.2,27.5,23.1,35,58,46,4.6,-999,0,-999,-999
11202001,20150819000000,42.918,3.0617,42,0,18.6,28,23.6,34,65,48,6.9,-999,0,-999,-999
11202001,20150820000000,42.918,3.0617,42,0,19.8,29,24.4,33,65,48,4.8,-999,0,-999,-999
11202001,20150821000000,42.918,3.0617,42,0,20.7,26.4,23.6,43,88,63,3.8,-999,0,-999,-999
11202001,20150822000000,42.918,3.0617,42,0,20.4,22.9,22.1,87,97,92,8.9,-999,0,-999,-999
11202001,20150823000000,42.918,3.0617,42,0,20.9,27.5,22.2,54,94,86,5.7,-999,0.8,-999,-999
11202001,20150824000000,42.918,3.0617,42,0,19.6,25.2,22,42,94,63,6.9,-999,0,-999,-999
11202001,20150825000000,42.918,3.0617,42,0,16.7,25.8,21.1,47,80,64,3.6,-999,0,-999,-999
11202001,20150826000000,42.918,3.0617,42,0,18.5,24.7,21.9,59,91,79,4.1,-999,0,-999,-999
11202001,20150827000000,42.918,3.0617,42,0,21.4,25.2,22.4,76,95,89,6,-999,0,-999,-999
11202001,20150828000000,42.918,3.0617,42,0,21.3,23.5,22.2,85,96,92,3.2,-999,0,-999,-999
11202001,20150829000000,42.918,3.0617,42,0,21.3,23.5,22.1,84,98,92,5.6,-999,0.2,-999,-999
11202001,20150830000000,42.918,3.0617,42,0,21.4,23.4,22.3,89,98,95,8.5,-999,0.2,-999,-999
11202001,20150831000000,42.918,3.0617,42,0,22.1,23.5,22.5,87,99,94,6.9,-999,2.4,-999,-999
11202001,20150901000000,42.918,3.0617,42,0,18.8,26.6,22.1,48,93,70,6.2,-999,0.4,-999,-999
11202001,20150902000000,42.918,3.0617,42,0,19.6,26.2,22.3,42,68,53,6.3,-999,1.4,-999,-999
11202001,20150903000000,42.918,3.0617,42,0,16,25.4,20,44,88,67,5.4,-999,0.4,-999,-999
11202001,20150904000000,42.918,3.0617,42,0,17.2,23.6,19.4,43,78,60,8.1,-999,0.2,-999,-999
11202001,20150905000000,42.918,3.0617,42,0,15.7,23.4,19.1,34,72,53,7.7,-999,0,-999,-999
11202001,20150906000000,42.918,3.0617,42,0,14.9,24.8,20,30,67,45,7.1,-999,0,-999,-999
11202001,20150907000000,42.918,3.0617,42,0,14.8,25.9,20.2,31,67,46,5.5,-999,0,-999,-999
11202001,20150908000000,42.918,3.0617,42,0,16.7,24.9,19.5,39,81,59,2.8,-999,0,-999,-999
11202001,20150909000000,42.918,3.0617,42,0,14.8,24.1,19.4,56,93,76,2.9,-999,0,-999,-999
11202001,20150910000000,42.918,3.0617,42,0,17.5,23,19.6,54,91,75,4.1,-999,0,-999,-999
11202001,20150911000000,42.918,3.0617,42,0,16.4,24,20.1,67,92,83,8.4,-999,0,-999,-999
11202001,20150912000000,42.918,3.0617,42,0,21,23,21.8,84,97,92,9.7,-999,0.2,-999,-999
11202001,20150913000000,42.918,3.0617,42,0,19.3,21.7,20.5,81,98,89,5.1,-999,0,-999,-999
11202001,20150914000000,42.918,3.0617,42,0,18.3,23.4,19.9,45,90,60,5.9,-999,0,-999,-999
11202001,20150915000000,42.918,3.0617,42,0,17.1,23.5,20.4,65,85,78,6.9,-999,0.6,-999,-999
11202001,20150916000000,42.918,3.0617,42,0,21.2,26.7,23.1,54,81,69,9.5,-999,0,-999,-999
11202001,20150917000000,42.918,3.0617,42,0,20,25.3,21.3,36,87,55,7.9,-999,0,-999,-999
11202001,20150918000000,42.918,3.0617,42,0,15.5,24.3,19.6,37,70,54,6.5,-999,0,-999,-999
11202001,20150919000000,42.918,3.0617,42,0,16,23.5,19.3,42,71,57,7.3,-999,0,-999,-999
11202001,20150920000000,42.918,3.0617,42,0,15.4,25,20.1,32,68,50,7.2,-999,0,-999,-999
11202001,20150921000000,42.918,3.0617,42,0,16.1,27.3,21,26,65,47,4.8,-999,0,-999,-999
11202001,20150922000000,42.918,3.0617,42,0,17,22.4,19.1,49,70,59,9.6,-999,0,-999,-999
11202001,20150923000000,42.918,3.0617,42,0,13.7,20.7,16.9,40,76,55,9.3,-999,0,-999,-999
11202001,20150924000000,42.918,3.0617,42,0,13.3,23.2,18.3,31,60,47,9.8,-999,0,-999,-999
11202001,20150925000000,42.918,3.0617,42,0,16.2,24.2,19.7,38,64,54,9.1,-999,0,-999,-999
11202001,20150926000000,42.918,3.0617,42,0,16.1,25.2,19.6,33,75,60,4.7,-999,0,-999,-999
11202001,20150927000000,42.918,3.0617,42,0,16.1,23.5,19,53,83,66,3.6,-999,0,-999,-999
11202001,20150928000000,42.918,3.0617,42,0,16.1,23.7,19.3,47,82,65,4.1,-999,0,-999,-999
11202001,20150929000000,42.918,3.0617,42,0,14.3,19,17.1,57,93,73,11.1,-999,2.6,-999,-999
11202001,20150930000000,42.918,3.0617,42,0,16.4,18.9,17.6,63,77,70,7.9,-999,0,-999,-999
11202001,20151001000000,42.918,3.0617,42,0,13.4,20.2,17.2,56,85,71,4,-999,0,-999,-999
11202001,20151002000000,42.918,3.0617,42,0,13.1,21.4,17.2,63,88,78,4.3,-999,2.2,-999,-999
11202001,20151003000000,42.918,3.0617,42,0,16.9,20.4,17.7,52,95,74,6,-999,4.1,-999,-999
11202001,20151004000000,42.918,3.0617,42,0,11.6,18.6,15.9,63,87,75,4.3,-999,0,-999,-999
11202001,20151005000000,42.918,3.0617,42,0,16.3,20.1,18.1,64,91,81,4,-999,0,-999,-999
11202001,20151006000000,42.918,3.0617,42,0,17.8,23.3,18.9,71,97,86,5.1,-999,9.5,-999,-999
11202001,20151007000000,42.918,3.0617,42,0,15.4,21.3,17.3,45,76,63,7.8,-999,0,-999,-999
11202001,20151008000000,42.918,3.0617,42,0,14.2,20.6,16.9,45,79,59,6.9,-999,0,-999,-999
11202001,20151009000000,42.918,3.0617,42,0,12.7,23.3,17.1,46,81,62,4.2,-999,0,-999,-999
11202001,20151010000000,42.918,3.0617,42,0,14.9,23.1,18,49,84,70,2.9,-999,0,-999,-999
11202001,20151011000000,42.918,3.0617,42,0,14.6,19.7,17.1,65,87,76,3.6,-999,0,-999,-999
11202001,20151012000000,42.918,3.0617,42,0,15.3,20.5,17.3,67,89,79,3.3,-999,0,-999,-999
11202001,20151013000000,42.918,3.0617,42,0,15.4,19.9,16.3,53,93,72,7.3,-999,0,-999,-999
11202001,20151014000000,42.918,3.0617,42,0,10.2,15.8,12.1,44,69,55,11.6,-999,0,-999,-999
11202001,20151015000000,42.918,3.0617,42,0,7,16.6,11.8,39,72,54,7.8,-999,0,-999,-999
11202001,20151016000000,42.918,3.0617,42,0,9.1,17.7,12.6,31,76,54,5.3,-999,0,-999,-999
11202001,20151017000000,42.918,3.0617,42,0,7.8,16.2,12.4,56,83,72,5.1,-999,0,-999,-999
11202001,20151018000000,42.918,3.0617,42,0,12.1,16.2,14.5,68,96,85,5.9,-999,0.8,-999,-999
11202001,20151019000000,42.918,3.0617,42,0,14.1,18.3,15.4,14,95,79,3.8,-999,0.4,-999,-999
11202001,20151020000000,42.918,3.0617,42,0,13.1,19.4,15,41,86,64,7.1,-999,0,-999,-999
11202001,20151021000000,42.918,3.0617,42,0,10.4,15.8,13.2,43,67,56,11,-999,0,-999,-999
11202001,20151022000000,42.918,3.0617,42,0,12.3,16.2,14.4,49,73,63,12.2,-999,0,-999,-999
11202001,20151023000000,42.918,3.0617,42,0,13.9,20.7,15.9,49,87,69,7,-999,0,-999,-999
11202001,20151024000000,42.918,3.0617,42,0,13.6,17.8,16.4,83,95,91,5.8,-999,0,-999,-999
11202001,20151025000000,42.918,3.0617,42,0,13.5,21.3,16.9,51,96,75,3.9,-999,0,-999,-999
11202001,20151026000000,42.918,3.0617,42,0,16.2,17.5,17.1,88,99,94,10.8,-999,1,-999,-999
11202001,20151027000000,42.918,3.0617,42,0,17.2,18.4,17.7,85,100,97,12.2,-999,0.2,-999,-999
11202001,20151028000000,42.918,3.0617,42,0,15.3,20.7,16.5,44,95,70,3.6,-999,0.2,-999,-999
11202001,20151029000000,42.918,3.0617,42,0,12.1,19.6,15.3,50,78,67,3,-999,0,-999,-999
11202001,20151030000000,42.918,3.0617,42,0,12.1,18.4,16,57,89,80,6.5,-999,0,-999,-999
11202001,20151031000000,42.918,3.0617,42,0,16.5,19.2,17.1,64,99,84,5.8,-999,0,-999,-999
11202001,20151101000000,42.918,3.0617,42,0,13.8,20.4,16.8,67,98,81,4.8,-999,0,-999,-999
11202001,20151102000000,42.918,3.0617,42,0,16.5,17.7,17.3,66,100,83,18.3,-999,12.3,-999,-999
11202001,20151103000000,42.918,3.0617,42,0,14.9,18.9,17.6,71,100,86,9.4,-999,0,-999,-999
11202001,20151104000000,42.918,3.0617,42,0,13.8,20.8,16.8,71,100,89,3.6,-999,0.4,-999,-999
11202001,20151105000000,42.918,3.0617,42,0,15.3,19.7,16.3,78,100,96,3.6,-999,0,-999,-999
11202001,20151106000000,42.918,3.0617,42,0,12.7,19.8,16.4,71,100,91,2.3,-999,0.4,-999,-999
11202001,20151107000000,42.918,3.0617,42,0,13.8,18,15.9,87,100,96,2.5,-999,0,-999,-999
11202001,20151108000000,42.918,3.0617,42,0,14.4,17.4,16.3,88,100,96,4.5,-999,0,-999,-999
11202001,20151109000000,42.918,3.0617,42,0,15.4,23.9,18.2,50,100,79,4.1,-999,0,-999,-999
11202001,20151110000000,42.918,3.0617,42,0,15.3,24,18,43,94,73,3.1,-999,0,-999,-999
11202001,20151111000000,42.918,3.0617,42,0,12,19,15.3,70,100,89,2.8,-999,0.2,-999,-999
11202001,20151112000000,42.918,3.0617,42,0,10.1,16.2,13.5,73,100,91,-999,-999,0,-999,-999
11202001,20151113000000,42.918,3.0617,42,0,12,16.4,14.5,65,91,76,-999,-999,0,-999,-999
11202001,20151114000000,42.918,3.0617,42,0,13.7,19.7,15.9,48,76,62,-999,-999,0,-999,-999
11202001,20151115000000,42.918,3.0617,42,0,13.7,21.7,17.7,24,73,48,-999,-999,0,-999,-999
11202001,20151116000000,42.918,3.0617,42,0,13.3,20.2,16.4,30,63,45,-999,-999,0,-999,-999
11202001,20151117000000,42.918,3.0617,42,0,-999,-999,16.9,-999,-999,51,-999,-999,0,-999,-999
11202001,20151118000000,42.918,3.0617,42,0,15.2,21.8,18.2,56,78,67,6.8,-999,0,-999,-999
11202001,20151119000000,42.918,3.0617,42,0,15.9,21.2,18.5,57,81,69,6.4,-999,0,-999,-999
11202001,20151120000000,42.918,3.0617,42,0,17.1,22.3,19.5,32,73,48,-999,-999,1,-999,-999
11202001,20151121000000,42.918,3.0617,42,0,8.4,13,11.3,43,83,61,-999,-999,0.2,-999,-999
11202001,20151122000000,42.918,3.0617,42,0,4.8,8.7,6.2,32,63,49,-999,-999,0,-999,-999
11202001,20151123000000,42.918,3.0617,42,0,3.4,8.6,5.8,37,62,52,-999,-999,0,-999,-999
11202001,20151124000000,42.918,3.0617,42,0,3.8,11.1,7.4,31,70,50,-999,-999,0.8,-999,-999
11202001,20151125000000,42.918,3.0617,42,0,6.5,13.7,11.8,36,85,73,-999,-999,0.4,-999,-999
11202001,20151126000000,42.918,3.0617,42,0,8.8,11.4,10.2,54,86,61,-999,-999,0,-999,-999
11202001,20151127000000,42.918,3.0617,42,0,6.5,12.5,9.2,38,65,55,-999,-999,0,-999,-999
11202001,20151128000000,42.918,3.0617,42,0,9.1,13.6,11.2,40,79,59,-999,-999,0,-999,-999
11202001,20151129000000,42.918,3.0617,42,0,8.1,16.4,12.3,40,65,52,-999,-999,0,-999,-999
11202001,20151130000000,42.918,3.0617,42,0,10.9,17.3,13.1,43,67,58,-999,-999,0,-999,-999
11202001,20151201000000,42.918,3.0617,42,0,9.2,17.6,12.2,40,79,64,-999,-999,0,-999,-999
11202001,20151202000000,42.918,3.0617,42,0,6.3,13.8,9.3,64,91,79,2.7,-999,0,-999,-999
11202001,20151203000000,42.918,3.0617,42,0,6.8,12,9.8,76,93,84,3.3,-999,0,-999,-999
11202001,20151204000000,42.918,3.0617,42,0,9.7,17.4,13.6,60,82,71,3.5,-999,0,-999,-999
11202001,20151205000000,42.918,3.0617,42,0,12.5,14.8,13.8,60,97,84,4.8,-999,2.4,-999,-999
11202001,20151206000000,42.918,3.0617,42,0,10.7,15.5,14,78,99,90,6.5,-999,0,-999,-999
11202001,20151207000000,42.918,3.0617,42,0,13.9,15.7,14.9,84,95,91,11,-999,0,-999,-999
11202001,20151208000000,42.918,3.0617,42,0,10.8,17.1,14.2,71,97,87,3.5,-999,0,-999,-999
11202001,20151209000000,42.918,3.0617,42,0,12.1,15.8,13.1,45,88,65,6.4,-999,0,-999,-999
11202001,20151210000000,42.918,3.0617,42,0,6.2,14.1,9.6,51,90,77,2.7,-999,0,-999,-999
11202001,20151211000000,42.918,3.0617,42,0,7.5,14.5,10.1,63,92,80,3.1,-999,0,-999,-999
11202001,20151212000000,42.918,3.0617,42,0,6.9,11.4,9.8,66,86,75,2.9,-999,0,-999,-999
11202001,20151213000000,42.918,3.0617,42,0,9.4,12.6,10.5,71,97,81,3.6,-999,0,-999,-999
11202001,20151214000000,42.918,3.0617,42,0,7.5,15.4,10.3,64,100,90,2.2,-999,0.4,-999,-999
11202001,20151215000000,42.918,3.0617,42,0,8.5,13.9,11.6,83,100,96,2.3,-999,0,-999,-999
11202001,20151216000000,42.918,3.0617,42,0,10.2,16.7,13,61,100,88,2.5,-999,0,-999,-999
11202001,20151217000000,42.918,3.0617,42,0,11.9,15.3,13.6,84,100,96,5.4,-999,0,-999,-999
11202001,20151218000000,42.918,3.0617,42,0,12.4,15,13.1,87,100,96,2.5,-999,0.2,-999,-999
11202001,20151219000000,42.918,3.0617,42,0,11.7,14.5,13.2,84,100,94,3.5,-999,0,-999,-999
11202001,20151220000000,42.918,3.0617,42,0,13.4,14.9,14.4,80,100,93,5.9,-999,0,-999,-999
11202001,20151221000000,42.918,3.0617,42,0,11.1,15.3,13.2,69,100,87,2.6,-999,0,-999,-999
11202001,20151222000000,42.918,3.0617,42,0,11.3,15.8,12.3,74,100,91,2.6,-999,0.2,-999,-999
11202001,20151223000000,42.918,3.0617,42,0,8.8,16.2,11.8,72,100,91,2.5,-999,0,-999,-999
11202001,20151224000000,42.918,3.0617,42,0,9.1,15.3,11.7,67,100,90,2.4,-999,0.2,-999,-999
11202001,20151225000000,42.918,3.0617,42,0,9.4,14.2,12.1,83,100,96,2.6,-999,0,-999,-999
11202001,20151226000000,42.918,3.0617,42,0,12.3,15.1,13.5,82,100,97,3.6,-999,0,-999,-999
11202001,20151227000000,42.918,3.0617,42,0,11.2,14.7,12.9,73,100,88,3.5,-999,0.2,-999,-999
11202001,20151228000000,42.918,3.0617,42,0,12.6,15.3,14.4,67,93,82,9.9,-999,0,-999,-999
11202001,20151229000000,42.918,3.0617,42,0,10.9,15.8,13.3,65,91,78,5.1,-999,0,-999,-999
11202001,20151230000000,42.918,3.0617,42,0,9.4,14,12.2,62,95,83,5.6,-999,0,-999,-999
11202001,20151231000000,42.918,3.0617,42,0,10.5,14.9,12.6,77,100,88,3.4,-999,0,-999,-999
11202001,20160101000000,42.918,3.0617,42,0,11,14.4,12.6,81,100,91,4.9,-999,0,-999,-999
11202001,20160102000000,42.918,3.0617,42,0,10.5,13.5,11.5,60,100,75,6.3,-999,0,-999,-999
11202001,20160103000000,42.918,3.0617,42,0,8.7,13.8,10.5,51,93,69,2.9,-999,0,-999,-999
11202001,20160104000000,42.918,3.0617,42,0,9.1,15,12.8,44,93,63,4.8,-999,0.6,-999,-999
11202001,20160105000000,42.918,3.0617,42,0,9.3,12.5,10.4,54,74,63,5.6,-999,0.2,-999,-999
11202001,20160106000000,42.918,3.0617,42,0,7.9,11.7,9.9,47,75,62,6.4,-999,2,-999,-999
11202001,20160107000000,42.918,3.0617,42,0,8.2,18.9,12.9,48,97,73,3.9,-999,0,-999,-999
11202001,20160108000000,42.918,3.0617,42,0,11,14.2,12.4,78,99,90,2.8,-999,0,-999,-999
11202001,20160109000000,42.918,3.0617,42,0,11.3,15,12.6,79,100,91,2.1,-999,0.2,-999,-999
11202001,20160110000000,42.918,3.0617,42,0,9.8,13.4,11.3,91,100,99,2.5,-999,0.2,-999,-999
11202001,20160111000000,42.918,3.0617,42,0,9.8,15.8,12.5,40,100,64,5.8,-999,0,-999,-999
11202001,20160112000000,42.918,3.0617,42,0,8.2,13.7,10.3,41,75,57,10.2,-999,0,-999,-999
11202001,20160113000000,42.918,3.0617,42,0,6.6,12.7,9.4,48,74,64,5,-999,0,-999,-999
11202001,20160114000000,42.918,3.0617,42,0,5.7,13.4,9.1,51,74,66,6,-999,0,-999,-999
11202001,20160115000000,42.918,3.0617,42,0,6.8,9.3,7.3,44,79,63,8.9,-999,0,-999,-999
11202001,20160116000000,42.918,3.0617,42,0,2.9,6.8,5.1,47,69,56,12.7,-999,0,-999,-999
11202001,20160117000000,42.918,3.0617,42,0,4.5,10.5,7.4,38,62,51,6.6,-999,0,-999,-999
11202001,20160118000000,42.918,3.0617,42,0,1.4,7.5,4.3,55,100,81,4.9,-999,5,-999,-999
11202001,20160119000000,42.918,3.0617,42,0,1.5,9.7,6.2,76,100,92,3.3,-999,0.2,-999,-999
11202001,20160120000000,42.918,3.0617,42,0,7.1,14.5,10.2,58,100,76,3.5,-999,0,-999,-999
11202001,20160121000000,42.918,3.0617,42,0,5.9,11.9,9.1,73,100,86,3.4,-999,0,-999,-999
11202001,20160122000000,42.918,3.0617,42,0,8,10.4,9.3,65,89,79,5,-999,0.4,-999,-999
11202001,20160123000000,42.918,3.0617,42,0,7.9,15,10.5,78,100,95,2,-999,0.4,-999,-999
11202001,20160124000000,42.918,3.0617,42,0,7.5,12.6,10.6,74,100,86,3.5,-999,0,-999,-999
11202001,20160125000000,42.918,3.0617,42,0,10,11.8,11,88,100,98,4.3,-999,0,-999,-999
11202001,20160126000000,42.918,3.0617,42,0,10.1,12.4,11.2,87,100,97,2.1,-999,0,-999,-999
11202001,20160127000000,42.918,3.0617,42,0,10.9,12.4,11.6,87,99,92,4.8,-999,0,-999,-999
11202001,20160128000000,42.918,3.0617,42,0,10.6,15,12.4,73,100,90,3.4,-999,0,-999,-999
11202001,20160129000000,42.918,3.0617,42,0,11.8,16.1,13,61,82,73,5.7,-999,0,-999,-999
11202001,20160130000000,42.918,3.0617,42,0,8,14.8,11.6,56,91,73,2.9,-999,0,-999,-999
11202001,20160131000000,42.918,3.0617,42,0,11.7,17.5,15.6,53,75,63,8.7,-999,0,-999,-999
11202001,20160201000000,42.918,3.0617,42,0,14.3,17.8,15.2,60,77,69,9.6,-999,0,-999,-999
11202001,20160202000000,42.918,3.0617,42,0,12.1,16.7,13.9,53,71,62,6,-999,0,-999,-999
11202001,20160203000000,42.918,3.0617,42,0,10.5,13.6,11.3,45,75,60,8.8,-999,0,-999,-999
11202001,20160204000000,42.918,3.0617,42,0,5.7,12.6,9.2,39,68,55,8.9,-999,0,-999,-999
11202001,20160205000000,42.918,3.0617,42,0,9.2,16.9,12.5,47,99,69,5.1,-999,0,-999,-999
11202001,20160206000000,42.918,3.0617,42,0,8.8,14.5,12.4,70,100,82,9.1,-999,0.2,-999,-999
11202001,20160207000000,42.918,3.0617,42,0,6.7,12.7,10.7,50,89,66,9.4,-999,1.6,-999,-999
11202001,20160208000000,42.918,3.0617,42,0,8.1,17.8,12.8,40,75,57,4.9,-999,0,-999,-999
11202001,20160209000000,42.918,3.0617,42,0,8.9,12.9,10.2,51,100,82,5,-999,0.6,-999,-999
11202001,20160210000000,42.918,3.0617,42,0,6.1,11.1,8.3,50,88,72,5.1,-999,0.6,-999,-999
11202001,20160211000000,42.918,3.0617,42,0,6.6,11,8.8,70,98,85,3.7,-999,1.8,-999,-999
11202001,20160212000000,42.918,3.0617,42,0,7.9,12.6,10.3,63,100,83,4.7,-999,12.3,-999,-999
11202001,20160213000000,42.918,3.0617,42,0,10.3,20.7,14.9,35,99,63,5.3,-999,2.4,-999,-999
11202001,20160214000000,42.918,3.0617,42,0,7.6,15.1,11.3,40,89,64,7.8,-999,2.4,-999,-999
11202001,20160215000000,42.918,3.0617,42,0,6.4,10.3,7.5,45,76,63,12.4,-999,0,-999,-999
11202001,20160216000000,42.918,3.0617,42,0,3.7,7.2,5.2,48,68,58,12.7,-999,0,-999,-999
11202001,20160217000000,42.918,3.0617,42,0,2.5,10.9,6.1,44,81,62,6.1,-999,0,-999,-999
11202001,20160218000000,42.918,3.0617,42,0,4.5,11.3,8,51,77,66,6.6,-999,0,-999,-999
11202001,20160219000000,42.918,3.0617,42,0,3.8,11.8,7.8,33,72,55,6.8,-999,0,-999,-999
11202001,20160220000000,42.918,3.0617,42,0,4.8,14.6,10.2,41,75,58,3.6,-999,0,-999,-999
11202001,20160221000000,42.918,3.0617,42,0,7.2,16.1,11.7,51,92,72,3.6,-999,0,-999,-999
11202001,20160222000000,42.918,3.0617,42,0,10.5,15.3,11.7,60,90,78,5.6,-999,0.6,-999,-999
11202001,20160223000000,42.918,3.0617,42,0,10.5,17.3,13.3,47,73,63,8.9,-999,0.2,-999,-999
11202001,20160224000000,42.918,3.0617,42,0,11.6,16.5,12.8,53,100,77,3.5,-999,0,-999,-999
11202001,20160225000000,42.918,3.0617,42,0,9.2,15.6,12,50,98,70,6.6,-999,0,-999,-999
11202001,20160226000000,42.918,3.0617,42,0,6.7,12.2,9.4,53,88,68,7.8,-999,3.2,-999,-999
11202001,20160227000000,42.918,3.0617,42,0,9.8,12.4,10.8,61,98,83,11.4,-999,17.6,-999,-999
11202001,20160228000000,42.918,3.0617,42,0,6.1,10.5,8.3,67,100,89,10.7,-999,9.7,-999,-999
11202001,20160229000000,42.918,3.0617,42,0,5.6,8.8,7,51,76,64,17.4,-999,0,-999,-999
11202001,20160301000000,42.918,3.0617,42,0,6.4,12.7,9.6,41,64,54,14.5,-999,0,-999,-999
11202001,20160302000000,42.918,3.0617,42,0,9.8,17,12.2,49,85,64,9.8,-999,1.2,-999,-999
11202001,20160303000000,42.918,3.0617,42,0,6.7,11.9,9.5,53,87,68,11.6,-999,0.2,-999,-999
11202001,20160304000000,42.918,3.0617,42,0,8.8,15.7,11.3,55,96,72,5.8,-999,0,-999,-999
11202001,20160305000000,42.918,3.0617,42,0,7.3,13.6,9.9,43,80,58,7.1,-999,0.4,-999,-999
11202001,20160306000000,42.918,3.0617,42,0,4.8,10.5,6.9,44,85,66,7.6,-999,0,-999,-999
11202001,20160307000000,42.918,3.0617,42,0,4.1,11.1,7.8,55,80,68,4.7,-999,0,-999,-999
11202001,20160308000000,42.918,3.0617,42,0,3.6,10.3,7.2,33,61,47,10.1,-999,0,-999,-999
11202001,20160309000000,42.918,3.0617,42,0,5.8,9.8,7.3,50,87,69,5.5,-999,2.8,-999,-999
11202001,20160310000000,42.918,3.0617,42,0,6,13,9.1,40,71,57,9.2,-999,0,-999,-999
11202001,20160311000000,42.918,3.0617,42,0,7.1,12.8,9.6,41,70,55,10.4,-999,0,-999,-999
11202001,20160312000000,42.918,3.0617,42,0,6.8,12.8,9.7,38,65,50,10.7,-999,0,-999,-999
11202001,20160313000000,42.918,3.0617,42,0,7.6,14.3,10.9,37,74,49,8.4,-999,0,-999,-999
11202001,20160314000000,42.918,3.0617,42,0,10.1,13,11.6,64,88,77,6.2,-999,0,-999,-999
11202001,20160315000000,42.918,3.0617,42,0,8.6,15.4,12.3,44,99,68,4.5,-999,0,-999,-999
11202001,20160316000000,42.918,3.0617,42,0,8.7,10.9,9.7,55,88,65,7.9,-999,0.4,-999,-999
11202001,20160317000000,42.918,3.0617,42,0,5.4,8.3,6.8,87,100,97,4.8,-999,25.2,-999,-999
11202001,20160318000000,42.918,3.0617,42,0,6.2,10.7,8.2,86,100,95,3.6,-999,1.6,-999,-999
11202001,20160319000000,42.918,3.0617,42,0,6.2,12.9,10.4,82,100,91,7.1,-999,0,-999,-999
11202001,20160320000000,42.918,3.0617,42,0,11.6,12.5,11.9,85,100,92,6.7,-999,3.2,-999,-999
11202001,20160321000000,42.918,3.0617,42,0,10,18.2,13.3,47,100,76,3.2,-999,0,-999,-999
11202001,20160322000000,42.918,3.0617,42,0,10.3,16.9,13.2,39,82,60,9.7,-999,0,-999,-999
11202001,20160323000000,42.918,3.0617,42,0,8.8,15.5,12.3,35,68,50,13.5,-999,0,-999,-999
11202001,20160324000000,42.918,3.0617,42,0,8,16.1,11.9,36,60,49,12,-999,0,-999,-999
11202001,20160325000000,42.918,3.0617,42,0,10.2,14,12,51,71,60,8.1,-999,0,-999,-999
11202001,20160326000000,42.918,3.0617,42,0,9.8,16.3,12.9,61,100,81,4.4,-999,0,-999,-999
11202001,20160327000000,42.918,3.0617,42,0,10.2,15.2,12.3,44,100,67,7.4,-999,0,-999,-999
11202001,20160328000000,42.918,3.0617,42,0,8.5,15.1,11.6,66,100,87,3.2,-999,0.2,-999,-999
11202001,20160329000000,42.918,3.0617,42,0,9.1,14.2,11.5,78,100,95,2.2,-999,0.2,-999,-999
11202001,20160330000000,42.918,3.0617,42,0,10.4,15.2,12.8,80,100,96,5.7,-999,0,-999,-999
11202001,20160331000000,42.918,3.0617,42,0,12,17.6,12.9,59,100,83,10.8,-999,0,-999,-999
11202001,20160401000000,42.918,3.0617,42,0,8.7,13,10.1,51,89,68,11.5,-999,14.1,-999,-999
11202001,20160402000000,42.918,3.0617,42,0,7.3,12.9,10.2,84,100,99,4.9,-999,2,-999,-999
11202001,20160403000000,42.918,3.0617,42,0,12.3,15.2,13.5,70,98,84,8.5,-999,0,-999,-999
11202001,20160404000000,42.918,3.0617,42,0,11,14,12.9,76,100,95,10.3,-999,2.4,-999,-999
11202001,20160405000000,42.918,3.0617,42,0,11.3,13.9,12.8,71,100,87,7.5,-999,8.3,-999,-999
11202001,20160406000000,42.918,3.0617,42,0,11.9,17.2,14.2,45,77,59,12.5,-999,0,-999,-999
11202001,20160407000000,42.918,3.0617,42,0,10.3,16.6,12.6,45,74,62,10.9,-999,0,-999,-999
11202001,20160408000000,42.918,3.0617,42,0,7.9,13.7,10.5,40,72,58,12.2,-999,0,-999,-999
11202001,20160409000000,42.918,3.0617,42,0,8.6,16.7,12.4,45,75,62,9.2,-999,0,-999,-999
11202001,20160410000000,42.918,3.0617,42,0,10.9,17.5,14.3,39,91,73,7.5,-999,0,-999,-999
11202001,20160411000000,42.918,3.0617,42,0,13.3,15.4,13.9,68,100,90,8.5,-999,0,-999,-999
11202001,20160412000000,42.918,3.0617,42,0,12.4,17,14.2,71,100,92,5.3,-999,0,-999,-999
11202001,20160413000000,42.918,3.0617,42,0,11.6,17.9,14.1,56,97,82,3.8,-999,1.4,-999,-999
11202001,20160414000000,42.918,3.0617,42,0,12.2,16.4,14.1,56,100,81,5.1,-999,0,-999,-999
11202001,20160415000000,42.918,3.0617,42,0,12.7,18.3,14.8,63,100,86,5.3,-999,0,-999,-999
11202001,20160416000000,42.918,3.0617,42,0,13.2,18.8,15.3,69,100,86,4.7,-999,0,-999,-999
11202001,20160417000000,42.918,3.0617,42,0,14.2,18.8,15.6,47,100,68,5.3,-999,0.6,-999,-999
11202001,20160418000000,42.918,3.0617,42,0,10.5,18.1,14.1,33,74,51,7.3,-999,0,-999,-999
11202001,20160419000000,42.918,3.0617,42,0,7.7,19.2,14.1,29,77,46,3.9,-999,0,-999,-999
11202001,20160420000000,42.918,3.0617,42,0,13.8,17.8,15.3,68,92,80,6.4,-999,0.2,-999,-999
11202001,20160421000000,42.918,3.0617,42,0,13.8,14.9,14.2,83,100,93,3.3,-999,4.2,-999,-999
11202001,20160422000000,42.918,3.0617,42,0,10.9,20.4,15.2,44,99,74,4.1,-999,0,-999,-999
11202001,20160423000000,42.918,3.0617,42,0,13.1,19.9,15.3,42,79,64,8.9,-999,0,-999,-999
11202001,20160424000000,42.918,3.0617,42,0,11.4,15,12.6,36,77,53,11.8,-999,0,-999,-999
11202001,20160425000000,42.918,3.0617,42,0,8.1,17.7,12.7,-999,-999,49,7.6,-999,0,-999,-999
11202001,20160426000000,42.918,3.0617,42,0,9.8,18.4,14.1,34,61,47,6.8,-999,0,-999,-999
11202001,20160427000000,42.918,3.0617,42,0,10.5,18.2,13.9,32,63,48,6.1,-999,0,-999,-999
11202001,20160428000000,42.918,3.0617,42,0,11.4,18.8,14.1,29,63,43,5.8,-999,0,-999,-999
11202001,20160429000000,42.918,3.0617,42,0,9.2,17.3,13.4,30,74,52,5.5,-999,0,-999,-999
11202001,20160430000000,42.918,3.0617,42,0,10.1,17.6,12.3,28,90,56,9.2,-999,0.2,-999,-999
11202001,20160501000000,42.918,3.0617,42,0,7.6,14.9,11.8,31,68,44,12.1,-999,0,-999,-999
11202001,20160502000000,42.918,3.0617,42,0,10,20.2,15.7,31,51,39,11,-999,0,-999,-999
11202001,20160503000000,42.918,3.0617,42,0,12.3,21,16.7,34,56,46,8.2,-999,0,-999,-999
11202001,20160504000000,42.918,3.0617,42,0,11.6,20.2,15.7,24,74,51,3.4,-999,0,-999,-999
11202001,20160505000000,42.918,3.0617,42,0,11.7,16.8,14.5,46,95,72,4.7,-999,0,-999,-999
11202001,20160506000000,42.918,3.0617,42,0,13.5,16,14.5,83,100,94,8.8,-999,0,-999,-999
11202001,20160507000000,42.918,3.0617,42,0,14,16.5,14.7,80,100,94,6.7,-999,0,-999,-999
11202001,20160508000000,42.918,3.0617,42,0,13.6,15.1,14.5,100,100,100,10.1,-999,3.2,-999,-999
11202001,20160509000000,42.918,3.0617,42,0,14.4,15.4,15,93,100,99,13.9,-999,4.2,-999,-999
11202001,20160510000000,42.918,3.0617,42,0,12.9,16.7,14.8,82,100,95,6.8,-999,3.8,-999,-999
11202001,20160511000000,42.918,3.0617,42,0,12.8,16.8,14.4,59,100,85,3.7,-999,0.8,-999,-999
11202001,20160512000000,42.918,3.0617,42,0,11.5,18.5,14.9,56,94,74,4.7,-999,2.6,-999,-999
11202001,20160513000000,42.918,3.0617,42,0,13.3,19.6,16,50,85,68,8.2,-999,0.6,-999,-999
11202001,20160514000000,42.918,3.0617,42,0,14.3,21.2,16.7,50,94,69,10.1,-999,3.6,-999,-999
11202001,20160515000000,42.918,3.0617,42,0,13.3,20.8,17.1,37,88,58,7.9,-999,0.2,-999,-999
11202001,20160516000000,42.918,3.0617,42,0,12.6,22,17.1,31,68,49,7.1,-999,0,-999,-999
11202001,20160517000000,42.918,3.0617,42,0,13.1,23.3,17.1,31,78,59,4.8,-999,0,-999,-999
11202001,20160518000000,42.918,3.0617,42,0,13.1,18.4,16,55,100,77,2.8,-999,1,-999,-999
11202001,20160519000000,42.918,3.0617,42,0,13.6,20.8,16.8,37,70,54,8.5,-999,0,-999,-999
11202001,20160520000000,42.918,3.0617,42,0,13.5,26,19.6,30,71,51,5.6,-999,0,-999,-999
11202001,20160521000000,42.918,3.0617,42,0,14.9,20.5,17.3,65,89,80,3.2,-999,0,-999,-999
11202001,20160522000000,42.918,3.0617,42,0,11.1,20,15.1,51,94,77,8.6,-999,4.8,-999,-999
11202001,20160523000000,42.918,3.0617,42,0,11.6,20.9,15.7,31,67,51,8.3,-999,0,-999,-999
11202001,20160524000000,42.918,3.0617,42,0,11.8,17.6,15.5,45,97,69,3.5,-999,0,-999,-999
11202001,20160525000000,42.918,3.0617,42,0,15.3,18,16,85,100,96,3.5,-999,0,-999,-999
11202001,20160526000000,42.918,3.0617,42,0,15.1,17.7,16.3,82,100,94,3.3,-999,0,-999,-999
11202001,20160527000000,42.918,3.0617,42,0,14.3,20.6,17.3,58,100,87,2,-999,0,-999,-999
11202001,20160528000000,42.918,3.0617,42,0,15.9,19,16.7,78,100,94,2.9,-999,5.6,-999,-999
11202001,20160529000000,42.918,3.0617,42,0,15.1,23.1,18.6,40,95,63,5.9,-999,0,-999,-999
11202001,20160530000000,42.918,3.0617,42,0,14.6,23.2,17.9,38,78,60,6,-999,0,-999,-999
11202001,20160531000000,42.918,3.0617,42,0,14.8,20.5,17.4,46,71,59,6.9,-999,0.2,-999,-999
11202001,20160601000000,42.918,3.0617,42,0,15.6,18.7,17.1,44,67,55,7,-999,0.4,-999,-999
11202001,20160602000000,42.918,3.0617,42,0,16,25.2,20.5,36,73,56,5.4,-999,0,-999,-999
11202001,20160603000000,42.918,3.0617,42,0,18.3,23.8,19.3,51,100,77,4.1,-999,0,-999,-999
11202001,20160604000000,42.918,3.0617,42,0,16.1,22.8,19.4,55,100,79,4.3,-999,0.2,-999,-999
11202001,20160605000000,42.918,3.0617,42,0,17.7,28.1,22,29,75,55,5.4,-999,0,-999,-999
11202001,20160606000000,42.918,3.0617,42,0,17.3,22.8,20.1,54,100,74,2.1,-999,0,-999,-999
11202001,20160607000000,42.918,3.0617,42,0,18.7,29.8,24.1,30,93,56,5,-999,0,-999,-999
11202001,20160608000000,42.918,3.0617,42,0,20.5,30.6,24.6,-999,-999,52,4.9,-999,-999,-999,-999
11202001,20160609000000,42.918,3.0617,42,0,19.9,31.2,26.1,25,63,39,5.8,-999,0,-999,-999
11202001,20160610000000,42.918,3.0617,42,0,19.5,23.9,20.8,43,98,66,2.6,-999,3.8,-999,-999
11202001,20160611000000,42.918,3.0617,42,0,18.8,26,21.2,38,74,58,6.5,-999,0,-999,-999
11202001,20160612000000,42.918,3.0617,42,0,17.3,26.6,21.4,31,65,51,7,-999,0,-999,-999
11202001,20160613000000,42.918,3.0617,42,0,18.7,27.2,21.5,36,86,60,7.6,-999,0.6,-999,-999
11202001,20160614000000,42.918,3.0617,42,0,16.9,25.1,20.2,31,66,49,6.6,-999,0,-999,-999
11202001,20160615000000,42.918,3.0617,42,0,15.8,21,18.3,50,95,68,2.9,-999,0.2,-999,-999
11202001,20160616000000,42.918,3.0617,42,0,15.5,23.5,18.4,33,77,54,5.3,-999,1,-999,-999
11202001,20160617000000,42.918,3.0617,42,0,15.4,20.7,17.6,44,91,65,6.1,-999,1.8,-999,-999
11202001,20160618000000,42.918,3.0617,42,0,13.9,22.9,17.6,33,85,59,7.9,-999,0,-999,-999
11202001,20160619000000,42.918,3.0617,42,0,14.9,23.4,19,36,78,54,10.1,-999,0,-999,-999
11202001,20160620000000,42.918,3.0617,42,0,15.8,27.3,22,27,70,47,7.2,-999,0,-999,-999
11202001,20160621000000,42.918,3.0617,42,0,19.1,24.2,21,45,100,71,2.9,-999,0,-999,-999
11202001,20160622000000,42.918,3.0617,42,0,18,23.3,19.7,69,100,90,2.8,-999,0.2,-999,-999
11202001,20160623000000,42.918,3.0617,42,0,18.2,24.7,20.7,62,100,84,3.9,-999,0,-999,-999
11202001,20160624000000,42.918,3.0617,42,0,19.3,30.4,23.8,39,82,62,6.3,-999,0.2,-999,-999
11202001,20160625000000,42.918,3.0617,42,0,21.1,27.2,23.2,37,70,55,9.3,-999,0,-999,-999
11202001,20160626000000,42.918,3.0617,42,0,18.1,27.3,22.3,31,66,47,8.3,-999,0,-999,-999
11202001,20160627000000,42.918,3.0617,42,0,17.8,28.2,23,29,65,45,7.6,-999,0,-999,-999
11202001,20160628000000,42.918,3.0617,42,0,19.2,27.5,22.8,37,87,61,4.8,-999,0,-999,-999
11202001,20160629000000,42.918,3.0617,42,0,21.4,26.9,23.4,46,83,63,3.7,-999,0,-999,-999
11202001,20160630000000,42.918,3.0617,42,0,20.9,28.3,24.3,44,69,57,4.8,-999,0,-999,-999
11202001,20160701000000,42.918,3.0617,42,0,21.1,25.2,23,49,90,69,3.5,-999,0,-999,-999
11202001,20160702000000,42.918,3.0617,42,0,21.6,25.8,23,46,67,58,7.9,-999,0,-999,-999
11202001,20160703000000,42.918,3.0617,42,0,17.9,29.1,23.4,26,69,46,6.9,-999,0,-999,-999
11202001,20160704000000,42.918,3.0617,42,0,20.5,28.1,23.8,37,74,55,4.6,-999,0,-999,-999
11202001,20160705000000,42.918,3.0617,42,0,21.5,29.6,26,42,79,54,6.7,-999,0,-999,-999
11202001,20160706000000,42.918,3.0617,42,0,22.2,33.9,27.9,25,62,42,6.3,-999,0,-999,-999
11202001,20160707000000,42.918,3.0617,42,0,22.2,29.4,24.5,38,82,59,4.1,-999,2.8,-999,-999
11202001,20160708000000,42.918,3.0617,42,0,21.3,31.2,24.8,41,88,70,4.4,-999,0,-999,-999
11202001,20160709000000,42.918,3.0617,42,0,22,35.6,28.6,19,71,44,5.5,-999,0,-999,-999
11202001,20160710000000,42.918,3.0617,42,0,23.2,28.3,24.9,40,95,69,2.1,-999,0,-999,-999
11202001,20160711000000,42.918,3.0617,42,0,22,28.7,24.7,53,97,69,4.6,-999,0,-999,-999
11202001,20160712000000,42.918,3.0617,42,0,21.4,26,22.4,46,68,57,7.9,-999,0,-999,-999
11202001,20160713000000,42.918,3.0617,42,0,17.8,24.7,20.4,30,62,48,8.7,-999,0,-999,-999
11202001,20160714000000,42.918,3.0617,42,0,15.3,24.4,19.6,28,65,44,8.1,-999,0,-999,-999
11202001,20160715000000,42.918,3.0617,42,0,16.2,27.6,22.3,23,49,34,7.8,-999,0,-999,-999
11202001,20160716000000,42.918,3.0617,42,0,17.2,26.1,22.2,22,64,41,4.7,-999,0,-999,-999
11202001,20160717000000,42.918,3.0617,42,0,18,23.9,21,37,98,65,3.3,-999,0,-999,-999
11202001,20160718000000,42.918,3.0617,42,0,18.3,24.1,20.7,67,100,88,3.9,-999,0,-999,-999
11202001,20160719000000,42.918,3.0617,42,0,18.9,23.4,20.5,74,98,91,4.6,-999,0,-999,-999
11202001,20160720000000,42.918,3.0617,42,0,20.2,24.9,22,67,98,84,3.8,-999,0,-999,-999
11202001,20160721000000,42.918,3.0617,42,0,21.2,29.7,25.3,43,78,62,5.4,-999,0,-999,-999
11202001,20160722000000,42.918,3.0617,42,0,20.1,28.7,23.9,43,90,61,6.5,-999,0.4,-999,-999
11202001,20160723000000,42.918,3.0617,42,0,20.1,29.1,24.2,36,72,53,9.6,-999,0,-999,-999
11202001,20160724000000,42.918,3.0617,42,0,20.8,31.2,26.2,30,67,47,8.2,-999,0,-999,-999
11202001,20160725000000,42.918,3.0617,42,0,22.6,33.4,28.3,26,59,42,6.5,-999,0,-999,-999
11202001,20160726000000,42.918,3.0617,42,0,23.8,33.2,28.3,30,57,43,6.8,-999,0,-999,-999
11202001,20160727000000,42.918,3.0617,42,0,22.8,30.8,26.4,33,52,44,7.2,-999,0,-999,-999
11202001,20160728000000,42.918,3.0617,42,0,20.8,30.9,25.7,30,65,48,7.1,-999,0,-999,-999
11202001,20160729000000,42.918,3.0617,42,0,21,27.4,23.5,45,94,69,3.8,-999,0,-999,-999
11202001,20160730000000,42.918,3.0617,42,0,19.7,24.4,21.7,-999,-999,96,4.4,-999,0.2,-999,-999
11202001,20160731000000,42.918,3.0617,42,0,21,27.8,23.8,46,93,66,6.7,-999,0,-999,-999
11202001,20160801000000,42.918,3.0617,42,0,19.2,29.3,24.2,31,71,47,6.9,-999,0,-999,-999
11202001,20160802000000,42.918,3.0617,42,0,19.9,33,26.4,21,60,40,6,-999,0,-999,-999
11202001,20160803000000,42.918,3.0617,42,0,22.2,26.2,23.7,44,94,63,3.4,-999,0,-999,-999
11202001,20160804000000,42.918,3.0617,42,0,20.8,29.4,23.3,41,95,74,3.9,-999,1.8,-999,-999
11202001,20160805000000,42.918,3.0617,42,0,17.9,27.2,22.5,31,88,51,8.3,-999,0,-999,-999
11202001,20160806000000,42.918,3.0617,42,0,19.1,29.6,24.7,26,54,38,8.4,-999,0,-999,-999
11202001,20160807000000,42.918,3.0617,42,0,20.1,33.1,26.9,19,53,35,5.5,-999,0,-999,-999
11202001,20160808000000,42.918,3.0617,42,0,23.7,35.1,29.2,25,49,36,7.1,-999,0,-999,-999
11202001,20160809000000,42.918,3.0617,42,0,19.9,27.1,23.2,39,78,57,7.2,-999,1.6,-999,-999
11202001,20160810000000,42.918,3.0617,42,0,17.8,27.1,22.5,23,69,40,8,-999,0,-999,-999
11202001,20160811000000,42.918,3.0617,42,0,16.8,26.6,21.9,24,52,35,8.1,-999,0,-999,-999
11202001,20160812000000,42.918,3.0617,42,0,19.3,25.9,22.4,30,79,45,4.6,-999,0,-999,-999
11202001,20160813000000,42.918,3.0617,42,0,17.9,23,20.7,68,96,80,3,-999,0,-999,-999
11202001,20160814000000,42.918,3.0617,42,0,19.1,23.3,21,71,100,89,2.7,-999,0,-999,-999
11202001,20160815000000,42.918,3.0617,42,0,19.9,23.5,21.3,79,100,95,3.8,-999,1.4,-999,-999
11202001,20160816000000,42.918,3.0617,42,0,20.6,24.6,21.8,80,100,94,3.3,-999,0,-999,-999
11202001,20160817000000,42.918,3.0617,42,0,19.5,25.7,22.7,64,100,86,4.3,-999,8.3,-999,-999
11202001,20160818000000,42.918,3.0617,42,0,22.6,28.3,25.2,46,71,58,6.4,-999,0,-999,-999
11202001,20160819000000,42.918,3.0617,42,0,19.1,24.3,22.4,63,100,84,2.6,-999,0,-999,-999
11202001,20160820000000,42.918,3.0617,42,0,20.4,27.3,22.6,46,100,67,5.9,-999,0,-999,-999
11202001,20160821000000,42.918,3.0617,42,0,18.4,27.4,22.9,30,71,47,7.6,-999,0,-999,-999
11202001,20160822000000,42.918,3.0617,42,0,19.4,29.3,23.5,18,59,40,4.3,-999,0,-999,-999
11202001,20160823000000,42.918,3.0617,42,0,18.3,24.1,21.8,39,100,73,2.9,-999,0.2,-999,-999
11202001,20160824000000,42.918,3.0617,42,0,19.6,24.3,21.6,61,100,90,2.8,-999,0.2,-999,-999
11202001,20160825000000,42.918,3.0617,42,0,20.1,24.8,22.2,62,100,86,2.2,-999,0.2,-999,-999
11202001,20160826000000,42.918,3.0617,42,0,20,24.8,22.4,74,100,90,2.4,-999,0.4,-999,-999
11202001,20160827000000,42.918,3.0617,42,0,19.7,24.5,22.8,86,100,95,3.1,-999,0,-999,-999
11202001,20160828000000,42.918,3.0617,42,0,22.1,27.3,24,55,100,82,4.7,-999,0,-999,-999
11202001,20160829000000,42.918,3.0617,42,0,21.3,28.8,23.6,38,67,56,7.7,-999,0.2,-999,-999
11202001,20160830000000,42.918,3.0617,42,0,19.2,30.8,24.3,25,73,50,4.9,-999,0,-999,-999
11202001,20160831000000,42.918,3.0617,42,0,19.6,25.7,23.1,46,93,71,3.6,-999,0,-999,-999
11202001,20160901000000,42.918,3.0617,42,0,23.8,34,28.6,21,50,34,5.2,-999,0,-999,-999
11202001,20160902000000,42.918,3.0617,42,0,22.1,26.9,25.2,32,70,50,3.8,-999,0,-999,-999
11202001,20160903000000,42.918,3.0617,42,0,24.1,29.6,26,33,73,49,3.8,-999,0,-999,-999
11202001,20160904000000,42.918,3.0617,42,0,21.5,32.3,26.4,21,71,49,3.8,-999,0,-999,-999
11202001,20160905000000,42.918,3.0617,42,0,25.4,31.7,28.1,24,51,37,8.4,-999,0,-999,-999
11202001,20160906000000,42.918,3.0617,42,0,23.4,34.2,26.7,31,68,48,5,-999,0,-999,-999
11202001,20160907000000,42.918,3.0617,42,0,21.3,25.5,22.7,44,86,73,7.8,-999,0,-999,-999
11202001,20160908000000,42.918,3.0617,42,0,18.9,29.2,24.1,44,92,64,6.4,-999,0,-999,-999
11202001,20160909000000,42.918,3.0617,42,0,22.8,28.7,25.4,34,70,52,5.8,-999,0,-999,-999
11202001,20160910000000,42.918,3.0617,42,0,22.2,30.1,25.7,33,65,46,5,-999,0,-999,-999
11202001,20160911000000,42.918,3.0617,42,0,23.5,29.8,25.5,34,91,52,4.1,-999,0,-999,-999
11202001,20160912000000,42.918,3.0617,42,0,21.3,25.7,23,78,100,93,7.3,-999,0,-999,-999
11202001,20160913000000,42.918,3.0617,42,0,22,23.5,22.7,74,99,92,13.1,-999,7.1,-999,-999
11202001,20160914000000,42.918,3.0617,42,0,16.5,19.7,17.6,66,97,83,5.6,-999,14.5,-999,-999
11202001,20160915000000,42.918,3.0617,42,0,14.6,22.6,18.7,53,81,69,4.1,-999,0,-999,-999
11202001,20160916000000,42.918,3.0617,42,0,16.3,25.2,20.4,35,84,60,6.4,-999,0,-999,-999
11202001,20160917000000,42.918,3.0617,42,0,16.4,23.1,18.5,30,68,54,6.9,-999,0,-999,-999
11202001,20160918000000,42.918,3.0617,42,0,15.3,22,18.5,42,68,56,10.2,-999,0,-999,-999
11202001,20160919000000,42.918,3.0617,42,0,17.4,24.8,20.7,41,68,55,9,-999,0,-999,-999
11202001,20160920000000,42.918,3.0617,42,0,17.4,25.7,21.3,33,72,51,5.7,-999,0,-999,-999
11202001,20160921000000,42.918,3.0617,42,0,16.8,27.1,21.5,23,69,48,5,-999,0,-999,-999
11202001,20160922000000,42.918,3.0617,42,0,15.2,21.5,19.3,14,93,70,3.5,-999,0.4,-999,-999
11202001,20160923000000,42.918,3.0617,42,0,16.3,21.7,19.3,65,95,82,3.2,-999,0,-999,-999
11202001,20160924000000,42.918,3.0617,42,0,17.2,21.3,19.8,67,97,87,6.2,-999,0,-999,-999
11202001,20160925000000,42.918,3.0617,42,0,17.1,22.3,19.6,70,96,84,6.5,-999,4.2,-999,-999
11202001,20160926000000,42.918,3.0617,42,0,17.3,25.1,20.4,37,78,63,4.6,-999,0,-999,-999
11202001,20160927000000,42.918,3.0617,42,0,16,26.4,21.4,34,67,49,5.7,-999,0,-999,-999
11202001,20160928000000,42.918,3.0617,42,0,17.4,23.9,20.1,42,75,62,3,-999,0,-999,-999
11202001,20160929000000,42.918,3.0617,42,0,15,21.8,19,67,95,83,5.8,-999,0.2,-999,-999
11202001,20160930000000,42.918,3.0617,42,0,17,22.5,20,70,98,87,6.1,-999,0,-999,-999
11202001,20161001000000,42.918,3.0617,42,0,17.9,23.3,20.4,64,94,82,3.6,-999,0,-999,-999
11202001,20161002000000,42.918,3.0617,42,0,17.6,23.2,19.3,53,84,72,2.4,-999,0,-999,-999
11202001,20161003000000,42.918,3.0617,42,0,15.5,20.2,18.6,57,79,68,3.5,-999,0,-999,-999
11202001,20161004000000,42.918,3.0617,42,0,17.3,20.7,18.7,41,79,54,3,-999,0,-999,-999
11202001,20161005000000,42.918,3.0617,42,0,14.8,26.2,20.7,44,80,58,3.8,-999,0,-999,-999
11202001,20161006000000,42.918,3.0617,42,0,15.1,19.2,17,63,95,82,2.7,-999,10.3,-999,-999
11202001,20161007000000,42.918,3.0617,42,0,12.5,19.9,17,55,95,75,2.9,-999,0,-999,-999
11202001,20161008000000,42.918,3.0617,42,0,13.7,20.1,16.1,41,65,55,6.4,-999,0,-999,-999
11202001,20161009000000,42.918,3.0617,42,0,11.5,20.6,15.8,32,71,51,5.9,-999,0,-999,-999
11202001,20161010000000,42.918,3.0617,42,0,10.5,19.4,14.4,23,64,44,5.4,-999,0,-999,-999
11202001,20161011000000,42.918,3.0617,42,0,11.5,19.3,15.2,26,54,42,4.8,-999,0,-999,-999
11202001,20161012000000,42.918,3.0617,42,0,14,18.2,15.7,47,98,73,9,-999,45.4,-999,-999
11202001,20161013000000,42.918,3.0617,42,0,14.5,18.2,17.1,87,98,92,17.7,-999,62.5,-999,-999
11202001,20161014000000,42.918,3.0617,42,0,14.9,19.3,16.3,63,95,78,6.9,-999,4.7,-999,-999
11202001,20161015000000,42.918,3.0617,42,0,13,18.6,16.7,66,94,80,3.2,-999,0,-999,-999
11202001,20161016000000,42.918,3.0617,42,0,17.1,21.1,18.7,56,96,82,3.4,-999,0,-999,-999
11202001,20161017000000,42.918,3.0617,42,0,15.7,21,17.7,76,95,89,2.3,-999,0,-999,-999
11202001,20161018000000,42.918,3.0617,42,0,15.8,22.6,18.3,46,95,65,5.2,-999,0,-999,-999
11202001,20161019000000,42.918,3.0617,42,0,13.2,19.6,15.4,44,71,59,4.9,-999,0,-999,-999
11202001,20161020000000,42.918,3.0617,42,0,11.6,18.4,13.9,39,76,58,5.3,-999,0,-999,-999
11202001,20161021000000,42.918,3.0617,42,0,10.5,18.6,13.6,39,74,54,5,-999,0,-999,-999
11202001,20161022000000,42.918,3.0617,42,0,9.3,16.5,13.4,66,98,85,4.3,-999,4.6,-999,-999
11202001,20161023000000,42.918,3.0617,42,0,12.6,19.4,17.6,80,99,92,10,-999,0,-999,-999
11202001,20161024000000,42.918,3.0617,42,0,17.8,18.4,18.2,93,99,97,12.2,-999,0.2,-999,-999
11202001,20161025000000,42.918,3.0617,42,0,17.8,18.4,18,96,99,98,2.2,-999,0.4,-999,-999
11202001,20161026000000,42.918,3.0617,42,0,16.7,24.3,19.6,61,97,81,4.1,-999,0,-999,-999
11202001,20161027000000,42.918,3.0617,42,0,16,22.8,17.8,31,78,59,6.5,-999,0,-999,-999
11202001,20161028000000,42.918,3.0617,42,0,10.8,18.9,14.9,54,91,71,2.4,-999,0,-999,-999
11202001,20161029000000,42.918,3.0617,42,0,10.3,17.1,14,67,92,82,2.2,-999,0.4,-999,-999
11202001,20161030000000,42.918,3.0617,42,0,10.7,17.4,14.2,64,97,82,2,-999,0,-999,-999
11202001,20161031000000,42.918,3.0617,42,0,11.5,17.4,15.3,67,93,83,3.8,-999,0.4,-999,-999
11202001,20161101000000,42.918,3.0617,42,0,14.9,19,16.7,69,96,86,2.7,-999,0,-999,-999
11202001,20161102000000,42.918,3.0617,42,0,13,23.2,16.8,38,93,71,3.1,-999,0,-999,-999
11202001,20161103000000,42.918,3.0617,42,0,13.2,18.8,15.2,62,90,76,3.7,-999,0,-999,-999
11202001,20161104000000,42.918,3.0617,42,0,13.2,16,14.7,65,88,78,3.7,-999,0.6,-999,-999
11202001,20161105000000,42.918,3.0617,42,0,11.6,17.1,13.7,66,94,83,5.5,-999,2.6,-999,-999
11202001,20161106000000,42.918,3.0617,42,0,9.3,14.2,10.6,50,77,67,6.4,-999,0,-999,-999
11202001,20161107000000,42.918,3.0617,42,0,6.6,12.2,8.6,50,82,68,5.3,-999,0,-999,-999
11202001,20161108000000,42.918,3.0617,42,0,6.1,12.2,9.1,43,82,65,6.4,-999,0,-999,-999
11202001,20161109000000,42.918,3.0617,42,0,7.5,15.6,11.3,56,90,73,5.9,-999,4.8,-999,-999
11202001,20161110000000,42.918,3.0617,42,0,10.6,15.6,13.5,58,82,68,6.9,-999,0,-999,-999
11202001,20161111000000,42.918,3.0617,42,0,11.7,15,12.7,59,90,70,5.4,-999,0.4,-999,-999
11202001,20161112000000,42.918,3.0617,42,0,8.4,16.7,12.1,45,74,64,4.2,-999,0.2,-999,-999
