20041001,20140101000000,41.375,9.1783,107,0,6.8,13.6,10.5,60,84,71,2.6,-999,0,-999,-999
20041001,20140102000000,41.375,9.1783,107,0,9.8,14.6,13.3,75,88,83,5.1,-999,0,-999,-999
20041001,20140103000000,41.375,9.1783,107,0,13.6,15.5,14.2,75,89,85,3.2,-999,0,-999,-999
20041001,20140104000000,41.375,9.1783,107,0,12.5,15.6,14.5,73,91,83,4.8,-999,7.1,-999,-999
20041001,20140105000000,41.375,9.1783,107,0,7.8,12.3,11.1,64,90,77,14.9,-999,20.2,-999,-999
20041001,20140106000000,41.375,9.1783,107,0,8.2,15.3,10.9,59,91,79,3.3,-999,0,-999,-999
20041001,20140107000000,41.375,9.1783,107,0,8.7,14.5,11.7,70,93,84,3.1,-999,0.4,-999,-999
20041001,20140108000000,41.375,9.1783,107,0,9.5,14.6,11.6,76,94,90,5,-999,0.2,-999,-999
20041001,20140109000000,41.375,9.1783,107,0,10,15.6,11.9,72,95,88,4.1,-999,0.4,-999,-999
20041001,20140110000000,41.375,9.1783,107,0,10,15.6,12.2,67,94,85,3.8,-999,0,-999,-999
20041001,20140111000000,41.375,9.1783,107,0,11.6,16.3,13.3,73,94,85,5.5,-999,0,-999,-999
20041001,20140112000000,41.375,9.1783,107,0,11,15.4,12.5,69,95,89,2.2,-999,0.2,-999,-999
20041001,20140113000000,41.375,9.1783,107,0,10.3,14.4,12.8,75,95,87,3,-999,2.2,-999,-999
20041001,20140114000000,41.375,9.1783,107,0,11.1,13.1,11.7,62,92,76,8.6,-999,2.4,-999,-999
20041001,20140115000000,41.375,9.1783,107,0,9.4,12.7,10.8,49,87,67,5.4,-999,0,-999,-999
20041001,20140116000000,41.375,9.1783,107,0,9.5,14.3,11.7,63,89,76,2.6,-999,0,-999,-999
20041001,20140117000000,41.375,9.1783,107,0,8.8,15.3,12.4,60,90,79,3.5,-999,0,-999,-999
20041001,20140118000000,41.375,9.1783,107,0,11,15,12.3,74,94,88,5,-999,0.2,-999,-999
20041001,20140119000000,41.375,9.1783,107,0,10.7,14.5,12.2,73,94,86,4.4,-999,1,-999,-999
20041001,20140120000000,41.375,9.1783,107,0,9.1,12.1,10.6,75,93,88,6.3,-999,32,-999,-999
20041001,20140121000000,41.375,9.1783,107,0,9.3,11.6,10.6,62,93,77,14.6,-999,1.4,-999,-999
20041001,20140122000000,41.375,9.1783,107,0,9.8,13.4,11.2,56,83,66,6.8,-999,0.6,-999,-999
20041001,20140123000000,41.375,9.1783,107,0,8.1,12.2,10.1,75,95,91,4.8,-999,10.4,-999,-999
20041001,20140124000000,41.375,9.1783,107,0,6.4,12.7,10,50,87,65,10.3,-999,0,-999,-999
20041001,20140125000000,41.375,9.1783,107,0,5.9,14.2,10.7,34,79,58,3.5,-999,0,-999,-999
20041001,20140126000000,41.375,9.1783,107,0,9.8,15.5,12,50,82,71,7.2,-999,0.2,-999,-999
20041001,20140127000000,41.375,9.1783,107,0,10.7,13.6,12.2,52,86,69,13.7,-999,0,-999,-999
20041001,20140128000000,41.375,9.1783,107,0,7.9,12.3,10,48,69,57,10.5,-999,0.6,-999,-999
20041001,20140129000000,41.375,9.1783,107,0,6.5,11.4,9.2,63,89,79,2.6,-999,3.8,-999,-999
20041001,20140130000000,41.375,9.1783,107,0,8.9,11.9,10.8,66,94,84,4.2,-999,3.8,-999,-999
20041001,20140131000000,41.375,9.1783,107,0,9.5,11.9,10.3,60,86,73,5.5,-999,0,-999,-999
20041001,20140201000000,41.375,9.1783,107,0,8.2,11.6,10.5,64,91,75,10.8,-999,0.2,-999,-999
20041001,20140202000000,41.375,9.1783,107,0,9.2,10.8,10,70,86,78,4.3,-999,2,-999,-999
20041001,20140203000000,41.375,9.1783,107,0,9.1,12.4,10.4,74,93,81,7,-999,1,-999,-999
20041001,20140204000000,41.375,9.1783,107,0,9.3,13.1,10.8,60,85,74,4.5,-999,0.8,-999,-999
20041001,20140205000000,41.375,9.1783,107,0,9.7,12.3,11.1,60,91,74,7.1,-999,10.9,-999,-999
20041001,20140206000000,41.375,9.1783,107,0,10.6,13.5,11.6,53,84,68,9.2,-999,0,-999,-999
20041001,20140207000000,41.375,9.1783,107,0,8,16.7,12.1,55,92,82,7.6,-999,0.2,-999,-999
20041001,20140208000000,41.375,9.1783,107,0,10.9,13.9,12.5,70,84,76,8.6,-999,10.9,-999,-999
20041001,20140209000000,41.375,9.1783,107,0,10.2,12.7,11.5,53,94,70,11.1,-999,12.1,-999,-999
20041001,20140210000000,41.375,9.1783,107,0,8.3,14.4,11.4,59,95,85,7,-999,7.8,-999,-999
20041001,20140211000000,41.375,9.1783,107,0,10,12.8,11.1,59,91,74,10.6,-999,1.4,-999,-999
20041001,20140212000000,41.375,9.1783,107,0,9.1,12.9,11.2,59,85,71,9.7,-999,0,-999,-999
20041001,20140213000000,41.375,9.1783,107,0,11,13.7,12.5,68,93,82,8.3,-999,0,-999,-999
20041001,20140214000000,41.375,9.1783,107,0,11.7,13.6,12.6,55,92,75,9.5,-999,0.2,-999,-999
20041001,20140215000000,41.375,9.1783,107,0,10.2,21.4,14.9,49,95,75,4.6,-999,0,-999,-999
20041001,20140216000000,41.375,9.1783,107,0,11.7,21,15.1,40,93,69,3.7,-999,0,-999,-999
20041001,20140217000000,41.375,9.1783,107,0,11.1,14.2,12.8,71,92,84,7.8,-999,0.2,-999,-999
20041001,20140218000000,41.375,9.1783,107,0,11.9,15.8,13.3,80,93,86,11.5,-999,0.2,-999,-999
20041001,20140219000000,41.375,9.1783,107,0,13,15.2,13.6,67,94,83,5.4,-999,0,-999,-999
20041001,20140220000000,41.375,9.1783,107,0,11.7,13,12.1,63,86,74,8.9,-999,0,-999,-999
20041001,20140221000000,41.375,9.1783,107,0,9.2,13.5,12,71,90,80,6.5,-999,0.2,-999,-999
20041001,20140222000000,41.375,9.1783,107,0,10.6,12.5,11.5,57,80,68,13.3,-999,0,-999,-999
20041001,20140223000000,41.375,9.1783,107,0,10.5,14.3,11.7,62,85,74,4.2,-999,0,-999,-999
20041001,20140224000000,41.375,9.1783,107,0,7.1,15,10,46,86,68,4.8,-999,0.2,-999,-999
20041001,20140225000000,41.375,9.1783,107,0,6.3,13.8,10,42,89,73,2,-999,1.2,-999,-999
20041001,20140226000000,41.375,9.1783,107,0,8.8,13.8,11.2,70,88,79,5.6,-999,1.6,-999,-999
20041001,20140227000000,41.375,9.1783,107,0,8.6,12.6,10.7,55,86,67,9.3,-999,1.2,-999,-999
20041001,20140228000000,41.375,9.1783,107,0,8.9,13.2,11.1,60,90,74,9.1,-999,17.7,-999,-999
20041001,20140301000000,41.375,9.1783,107,0,6.9,10.9,8.8,56,88,75,12.5,-999,12.1,-999,-999
20041001,20140302000000,41.375,9.1783,107,0,6.9,12.9,9.5,53,88,74,4.3,-999,3,-999,-999
20041001,20140303000000,41.375,9.1783,107,0,7.7,12.6,9.6,62,92,80,7.3,-999,20.8,-999,-999
20041001,20140304000000,41.375,9.1783,107,0,5.7,11.5,9.5,55,86,74,10.6,-999,0.2,-999,-999
20041001,20140305000000,41.375,9.1783,107,0,7.1,14.8,10.4,56,87,72,4.1,-999,0,-999,-999
20041001,20140306000000,41.375,9.1783,107,0,8.4,16.3,11.8,43,67,56,5.1,-999,0,-999,-999
20041001,20140307000000,41.375,9.1783,107,0,8.8,-999,-999,-999,-999,-999,-999,-999,0.2,-999,-999
20041001,20140308000000,41.375,9.1783,107,0,-999,17.3,13.3,34,91,67,6.3,-999,0,-999,-999
20041001,20140309000000,41.375,9.1783,107,0,9.8,16.1,12.5,43,70,56,6.4,-999,0,-999,-999
20041001,20140310000000,41.375,9.1783,107,0,8.4,15.6,11.2,37,83,62,5.1,-999,1.2,-999,-999
20041001,20140311000000,41.375,9.1783,107,0,8.7,15.1,11.1,56,74,66,6,-999,0,-999,-999
20041001,20140312000000,41.375,9.1783,107,0,9.1,13.9,10.6,57,85,70,5.6,-999,0.8,-999,-999
20041001,20140313000000,41.375,9.1783,107,0,7.2,16.4,11,44,88,75,4.6,-999,0,-999,-999
20041001,20140314000000,41.375,9.1783,107,0,8.7,18,12.4,51,88,74,4,-999,0,-999,-999
20041001,20140315000000,41.375,9.1783,107,0,9.5,14.3,12.7,62,91,79,5.5,-999,0,-999,-999
20041001,20140316000000,41.375,9.1783,107,0,12.3,15.8,13.6,66,92,80,5.1,-999,0.2,-999,-999
20041001,20140317000000,41.375,9.1783,107,0,11.7,15.5,13.2,75,95,89,7.3,-999,0.4,-999,-999
20041001,20140318000000,41.375,9.1783,107,0,11.7,16.7,13.8,55,96,85,5.3,-999,0,-999,-999
20041001,20140319000000,41.375,9.1783,107,0,10.4,17.6,13.1,62,96,85,5.5,-999,0,-999,-999
20041001,20140320000000,41.375,9.1783,107,0,11.8,17,13.6,65,94,81,6.5,-999,0.2,-999,-999
20041001,20140321000000,41.375,9.1783,107,0,11.9,17.4,13.9,70,95,86,4.2,-999,0,-999,-999
20041001,20140322000000,41.375,9.1783,107,0,12.2,17.5,13.7,56,94,82,5.6,-999,4.6,-999,-999
20041001,20140323000000,41.375,9.1783,107,0,10.2,12.6,11.7,53,91,70,12.4,-999,1.2,-999,-999
20041001,20140324000000,41.375,9.1783,107,0,8.6,12.1,11,46,71,58,15.9,-999,0.8,-999,-999
20041001,20140325000000,41.375,9.1783,107,0,8.1,11.9,9.8,56,87,74,5.5,-999,6.4,-999,-999
20041001,20140326000000,41.375,9.1783,107,0,5.7,11.6,8.8,73,95,89,6.2,-999,48.3,-999,-999
20041001,20140327000000,41.375,9.1783,107,0,7.7,12,10,78,94,89,4,-999,12.5,-999,-999
20041001,20140328000000,41.375,9.1783,107,0,10.3,14.5,12.1,61,88,75,5,-999,0,-999,-999
20041001,20140329000000,41.375,9.1783,107,0,8.8,15.6,13.2,66,87,78,9.9,-999,0,-999,-999
20041001,20140330000000,41.375,9.1783,107,0,12.3,17.3,13.7,61,93,81,7.5,-999,0,-999,-999
20041001,20140331000000,41.375,9.1783,107,0,10.4,17.1,13.6,52,95,83,3.8,-999,0,-999,-999
20041001,20140401000000,41.375,9.1783,107,0,12.4,15.9,13.2,69,94,85,3.8,-999,0,-999,-999
20041001,20140402000000,41.375,9.1783,107,0,10.4,17,13.8,69,95,85,9.2,-999,0.2,-999,-999
20041001,20140403000000,41.375,9.1783,107,0,13.1,16.3,14,73,93,84,10.5,-999,24.9,-999,-999
20041001,20140404000000,41.375,9.1783,107,0,11,13.9,11.9,78,95,90,4.9,-999,5.6,-999,-999
20041001,20140405000000,41.375,9.1783,107,0,9.5,15.1,13,69,94,90,2.4,-999,0.6,-999,-999
20041001,20140406000000,41.375,9.1783,107,0,12.4,18.1,14.3,59,95,88,2.5,-999,0.2,-999,-999
20041001,20140407000000,41.375,9.1783,107,0,12.6,15.8,14.1,83,96,92,4.3,-999,0.2,-999,-999
20041001,20140408000000,41.375,9.1783,107,0,13.5,15.6,14.2,78,94,89,7.2,-999,0,-999,-999
20041001,20140409000000,41.375,9.1783,107,0,13.5,16,14.2,65,93,78,5.7,-999,0,-999,-999
20041001,20140410000000,41.375,9.1783,107,0,11,21.7,15.1,27,93,76,3.8,-999,0,-999,-999
20041001,20140411000000,41.375,9.1783,107,0,13,16.6,14.5,71,93,85,5.9,-999,0.6,-999,-999
20041001,20140412000000,41.375,9.1783,107,0,13.1,19.4,14.9,61,95,86,3.5,-999,0,-999,-999
20041001,20140413000000,41.375,9.1783,107,0,12.3,18.4,14.5,66,95,86,2.3,-999,0,-999,-999
20041001,20140414000000,41.375,9.1783,107,0,11.9,19.7,15.5,50,95,81,4.8,-999,0.2,-999,-999
20041001,20140415000000,41.375,9.1783,107,0,13.7,20.4,15.4,47,91,72,6.5,-999,1,-999,-999
20041001,20140416000000,41.375,9.1783,107,0,9.2,16.6,11.4,40,80,55,4.2,-999,0.4,-999,-999
20041001,20140417000000,41.375,9.1783,107,0,8.1,16.1,13,27,65,51,6.2,-999,0,-999,-999
20041001,20140418000000,41.375,9.1783,107,0,10.2,15.5,13.8,44,89,72,7.6,-999,0,-999,-999
20041001,20140419000000,41.375,9.1783,107,0,12.6,15.2,13.9,47,84,68,10.7,-999,0,-999,-999
20041001,20140420000000,41.375,9.1783,107,0,11.3,18.7,14.7,56,89,76,5.8,-999,0,-999,-999
20041001,20140421000000,41.375,9.1783,107,0,13.5,18.9,15.7,58,91,80,4.9,-999,0,-999,-999
20041001,20140422000000,41.375,9.1783,107,0,13.3,17.6,14.9,75,94,88,2.4,-999,0.8,-999,-999
20041001,20140423000000,41.375,9.1783,107,0,13.2,16.3,15.1,80,93,87,8.7,-999,0.2,-999,-999
20041001,20140424000000,41.375,9.1783,107,0,14,17.8,15.6,78,93,88,7.9,-999,0.2,-999,-999
20041001,20140425000000,41.375,9.1783,107,0,13.1,21.6,15.2,59,93,83,3.4,-999,6.4,-999,-999
20041001,20140426000000,41.375,9.1783,107,0,12.6,17.1,15.2,75,92,82,7.1,-999,0,-999,-999
20041001,20140427000000,41.375,9.1783,107,0,12.2,15.5,14.5,61,92,76,13.2,-999,2.6,-999,-999
20041001,20140428000000,41.375,9.1783,107,0,13.3,15.4,14.3,63,79,71,14.1,-999,0,-999,-999
20041001,20140429000000,41.375,9.1783,107,0,13.5,15.7,14.5,71,89,77,8.7,-999,0,-999,-999
20041001,20140430000000,41.375,9.1783,107,0,13.3,15.9,14.8,71,92,82,9.1,-999,0,-999,-999
20041001,20140501000000,41.375,9.1783,107,0,13.3,16.4,14.8,70,89,80,5.9,-999,0,-999,-999
20041001,20140502000000,41.375,9.1783,107,0,13.5,15.9,14,65,89,77,9.6,-999,2.8,-999,-999
20041001,20140503000000,41.375,9.1783,107,0,10,17.2,14.3,65,90,80,2.5,-999,0,-999,-999
20041001,20140504000000,41.375,9.1783,107,0,14.3,20.4,16,42,92,70,2.9,-999,0.2,-999,-999
20041001,20140505000000,41.375,9.1783,107,0,12.1,21.4,16.7,30,85,58,3.6,-999,0,-999,-999
20041001,20140506000000,41.375,9.1783,107,0,14.2,21.3,17,37,91,75,2,-999,0.2,-999,-999
20041001,20140507000000,41.375,9.1783,107,0,14.4,20,16.5,57,93,78,3.5,-999,0,-999,-999
20041001,20140508000000,41.375,9.1783,107,0,14.9,20.9,17.2,53,92,77,4.3,-999,0,-999,-999
20041001,20140509000000,41.375,9.1783,107,0,14.5,18.1,16.3,71,92,83,6.2,-999,0,-999,-999
20041001,20140510000000,41.375,9.1783,107,0,15.8,18.7,16.9,79,93,87,8.6,-999,0,-999,-999
20041001,20140511000000,41.375,9.1783,107,0,15.5,18.3,16.8,75,94,86,8.2,-999,0.2,-999,-999
20041001,20140512000000,41.375,9.1783,107,0,15.7,17.1,16.1,59,80,70,10.5,-999,0,-999,-999
20041001,20140513000000,41.375,9.1783,107,0,14.7,17.1,15.6,61,84,72,14.2,-999,0,-999,-999
20041001,20140514000000,41.375,9.1783,107,0,13.6,17.8,15.4,51,79,68,5.1,-999,0,-999,-999
20041001,20140515000000,41.375,9.1783,107,0,12.7,20.7,15.6,21,82,55,4.1,-999,0,-999,-999
20041001,20140516000000,41.375,9.1783,107,0,12.6,17.9,15.8,43,83,70,7.2,-999,0,-999,-999
20041001,20140517000000,41.375,9.1783,107,0,14.1,19.6,16,54,89,74,4.2,-999,0,-999,-999
20041001,20140518000000,41.375,9.1783,107,0,13,20.8,16.8,61,92,80,7.8,-999,1.8,-999,-999
20041001,20140519000000,41.375,9.1783,107,0,14.2,20.6,16.4,68,95,86,6.7,-999,4,-999,-999
20041001,20140520000000,41.375,9.1783,107,0,15.3,21.4,17.8,68,95,87,6.1,-999,0,-999,-999
20041001,20140521000000,41.375,9.1783,107,0,16,21.4,17.9,-999,-999,84,10.2,-999,0.2,-999,-999
20041001,20140522000000,41.375,9.1783,107,0,16.9,21.4,18.1,70,91,85,7.4,-999,4.5,-999,-999
20041001,20140523000000,41.375,9.1783,107,0,16.2,21.3,17.8,36,93,79,4.8,-999,0.2,-999,-999
20041001,20140524000000,41.375,9.1783,107,0,13.4,23.9,17.9,35,92,71,4,-999,0,-999,-999
20041001,20140525000000,41.375,9.1783,107,0,13.6,23.8,17.7,36,88,71,4.9,-999,1,-999,-999
20041001,20140526000000,41.375,9.1783,107,0,15.8,19.1,16.9,67,90,77,9.8,-999,0,-999,-999
20041001,20140527000000,41.375,9.1783,107,0,15,17.7,16.1,58,82,68,11.9,-999,0.2,-999,-999
20041001,20140528000000,41.375,9.1783,107,0,14.9,18.1,16.6,73,86,79,7.9,-999,0.2,-999,-999
20041001,20140529000000,41.375,9.1783,107,0,15.2,19.4,17.1,74,86,81,7.2,-999,0.2,-999,-999
20041001,20140530000000,41.375,9.1783,107,0,16.2,18.5,17.2,70,87,80,8.8,-999,0,-999,-999
20041001,20140531000000,41.375,9.1783,107,0,16.2,18.9,17.3,72,88,81,5.9,-999,0.2,-999,-999
20041001,20140601000000,41.375,9.1783,107,0,13.6,23.8,18.7,26,89,55,3.4,-999,0,-999,-999
20041001,20140602000000,41.375,9.1783,107,0,14.8,24.7,19.8,27,86,57,3.9,-999,0,-999,-999
20041001,20140603000000,41.375,9.1783,107,0,16.6,20.6,18.4,65,88,77,6,-999,0,-999,-999
20041001,20140604000000,41.375,9.1783,107,0,16.7,20.4,18.3,70,90,80,7.4,-999,0,-999,-999
20041001,20140605000000,41.375,9.1783,107,0,17.1,25.5,19.7,42,89,75,4.7,-999,0,-999,-999
20041001,20140606000000,41.375,9.1783,107,0,17.6,24.4,20.5,53,91,77,8.8,-999,0.2,-999,-999
20041001,20140607000000,41.375,9.1783,107,0,17.8,26.7,21.6,43,92,74,5.2,-999,0,-999,-999
20041001,20140608000000,41.375,9.1783,107,0,17.8,31.7,24.1,20,83,52,2.5,-999,0,-999,-999
20041001,20140609000000,41.375,9.1783,107,0,19.9,30.4,24.7,30,70,51,4.7,-999,0,-999,-999
20041001,20140610000000,41.375,9.1783,107,0,19.2,33.3,25.2,21,90,58,3.9,-999,0,-999,-999
20041001,20140611000000,41.375,9.1783,107,0,19.5,29,24.2,31,88,67,2.6,-999,0,-999,-999
20041001,20140612000000,41.375,9.1783,107,0,20.8,24.3,22.6,76,92,86,3.5,-999,0.2,-999,-999
20041001,20140613000000,41.375,9.1783,107,0,20.7,25.2,22.6,76,93,87,5,-999,0.2,-999,-999
20041001,20140614000000,41.375,9.1783,107,0,21.2,25.6,22.7,71,93,83,6.1,-999,17.1,-999,-999
20041001,20140615000000,41.375,9.1783,107,0,18.2,25.8,21.3,59,92,78,5.4,-999,0,-999,-999
20041001,20140616000000,41.375,9.1783,107,0,17.5,22.6,19.1,69,89,80,5.8,-999,14,-999,-999
20041001,20140617000000,41.375,9.1783,107,0,16.1,24.5,20.3,53,85,72,2.8,-999,0,-999,-999
20041001,20140618000000,41.375,9.1783,107,0,17.9,22.1,20,66,85,74,4.8,-999,0,-999,-999
20041001,20140619000000,41.375,9.1783,107,0,17.7,22.3,20,63,82,73,9.5,-999,0,-999,-999
20041001,20140620000000,41.375,9.1783,107,0,18.3,22.4,20.4,68,90,81,8.2,-999,0,-999,-999
20041001,20140621000000,41.375,9.1783,107,0,19.7,23.9,21.3,65,91,82,5,-999,0,-999,-999
20041001,20140622000000,41.375,9.1783,107,0,18.8,28.7,23.3,40,90,72,3.6,-999,0,-999,-999
20041001,20140623000000,41.375,9.1783,107,0,20.6,26.3,22.4,64,91,82,8.3,-999,0.6,-999,-999
20041001,20140624000000,41.375,9.1783,107,0,20.2,28,23.5,14,88,77,6.4,-999,0,-999,-999
20041001,20140625000000,41.375,9.1783,107,0,21.1,23.7,22,73,90,82,7.9,-999,0,-999,-999
20041001,20140626000000,41.375,9.1783,107,0,19.7,23.4,21.7,69,87,79,7.6,-999,0.2,-999,-999
20041001,20140627000000,41.375,9.1783,107,0,20.9,23.1,21.8,78,90,84,7.8,-999,0.2,-999,-999
20041001,20140628000000,41.375,9.1783,107,0,19.7,27.8,23.3,46,92,76,5.5,-999,0.2,-999,-999
20041001,20140629000000,41.375,9.1783,107,0,20.4,28.7,23.2,49,92,78,9.3,-999,0,-999,-999
20041001,20140630000000,41.375,9.1783,107,0,19.7,21.1,20.1,60,77,68,13.1,-999,0,-999,-999
20041001,20140701000000,41.375,9.1783,107,0,18.2,25.6,20.8,52,89,71,4.4,-999,0,-999,-999
20041001,20140702000000,41.375,9.1783,107,0,17.6,26.2,22,61,90,78,7.9,-999,0.2,-999,-999
20041001,20140703000000,41.375,9.1783,107,0,20.5,26.5,22.8,70,92,83,9.3,-999,0,-999,-999
20041001,20140704000000,41.375,9.1783,107,0,21,27.1,23.2,52,95,74,8.2,-999,0,-999,-999
20041001,20140705000000,41.375,9.1783,107,0,20,22.8,21.4,77,95,87,7.5,-999,0,-999,-999
20041001,20140706000000,41.375,9.1783,107,0,19,28.8,23.6,49,91,75,5.1,-999,0.2,-999,-999
20041001,20140707000000,41.375,9.1783,107,0,19.8,26.8,22.4,67,93,84,5.1,-999,0.4,-999,-999
20041001,20140708000000,41.375,9.1783,107,0,19.9,22,20.8,61,90,71,14,-999,0,-999,-999
20041001,20140709000000,41.375,9.1783,107,0,19.2,21,19.9,61,80,70,14.2,-999,0,-999,-999
20041001,20140710000000,41.375,9.1783,107,0,17.9,20.8,19.1,57,85,70,12.4,-999,0,-999,-999
20041001,20140711000000,41.375,9.1783,107,0,18.3,20.7,19.9,69,86,77,6.2,-999,0,-999,-999
20041001,20140712000000,41.375,9.1783,107,0,19.3,20.8,20,69,87,76,9.5,-999,0,-999,-999
20041001,20140713000000,41.375,9.1783,107,0,19.2,21.3,20.3,71,86,80,8.8,-999,0,-999,-999
20041001,20140714000000,41.375,9.1783,107,0,19.5,21.8,20.2,74,90,82,8.7,-999,0,-999,-999
20041001,20140715000000,41.375,9.1783,107,0,18.8,26.5,21.6,49,91,80,3.4,-999,0,-999,-999
20041001,20140716000000,41.375,9.1783,107,0,20.1,25.3,22.1,68,93,84,3.4,-999,0,-999,-999
20041001,20140717000000,41.375,9.1783,107,0,20.9,25.5,22.6,64,93,84,3.8,-999,0,-999,-999
20041001,20140718000000,41.375,9.1783,107,0,21.2,26.2,23.2,62,94,78,3.3,-999,0.2,-999,-999
20041001,20140719000000,41.375,9.1783,107,0,20.6,31.3,25.9,35,90,58,6.7,-999,0,-999,-999
20041001,20140720000000,41.375,9.1783,107,0,23.2,28.9,25,59,93,76,8.7,-999,0,-999,-999
20041001,20140721000000,41.375,9.1783,107,0,20.9,22.6,21.6,68,92,78,12.4,-999,0,-999,-999
20041001,20140722000000,41.375,9.1783,107,0,20.1,22.8,21.3,75,88,83,6.5,-999,0,-999,-999
20041001,20140723000000,41.375,9.1783,107,0,20.4,25.7,22,68,88,81,4.6,-999,0,-999,-999
20041001,20140724000000,41.375,9.1783,107,0,20.6,24.5,22.3,75,93,85,6.2,-999,0.2,-999,-999
20041001,20140725000000,41.375,9.1783,107,0,19.5,28.5,24,50,94,80,5.9,-999,0,-999,-999
20041001,20140726000000,41.375,9.1783,107,0,22.3,27.3,23.3,62,91,82,7.3,-999,0,-999,-999
20041001,20140727000000,41.375,9.1783,107,0,21.6,23.6,22.5,76,88,81,5.7,-999,0,-999,-999
20041001,20140728000000,41.375,9.1783,107,0,21.2,24.2,22.7,74,88,83,6.1,-999,0.6,-999,-999
20041001,20140729000000,41.375,9.1783,107,0,18.4,21,20.2,60,89,79,7.4,-999,9.1,-999,-999
20041001,20140730000000,41.375,9.1783,107,0,17.4,22.2,20.5,68,89,81,10.2,-999,0,-999,-999
20041001,20140731000000,41.375,9.1783,107,0,20.3,22.6,21.6,76,90,83,8.5,-999,0,-999,-999
20041001,20140801000000,41.375,9.1783,107,0,20,24.1,21.8,80,93,87,7.8,-999,0.2,-999,-999
20041001,20140802000000,41.375,9.1783,107,0,19.3,30,24.1,46,94,74,3.4,-999,4,-999,-999
20041001,20140803000000,41.375,9.1783,107,0,20.4,30.1,24.4,47,93,77,3.6,-999,0.2,-999,-999
20041001,20140804000000,41.375,9.1783,107,0,21.3,26,23.5,71,94,83,5.4,-999,0,-999,-999
20041001,20140805000000,41.375,9.1783,107,0,21.5,24.4,22.7,76,91,83,8.6,-999,0,-999,-999
20041001,20140806000000,41.375,9.1783,107,0,20.2,26.5,23,65,90,78,4.1,-999,0,-999,-999
20041001,20140807000000,41.375,9.1783,107,0,21,25.6,22.8,69,88,80,6.4,-999,0,-999,-999
20041001,20140808000000,41.375,9.1783,107,0,20.9,25.1,23.1,79,93,86,4.2,-999,0.2,-999,-999
20041001,20140809000000,41.375,9.1783,107,0,21.1,31.9,25.5,45,94,77,5.2,-999,0,-999,-999
20041001,20140810000000,41.375,9.1783,107,0,22.7,28.9,25.3,65,91,81,8.9,-999,0.2,-999,-999
20041001,20140811000000,41.375,9.1783,107,0,22.2,29.3,25.1,63,92,82,4.6,-999,0,-999,-999
20041001,20140812000000,41.375,9.1783,107,0,22.7,26,24,74,92,83,5.6,-999,0,-999,-999
20041001,20140813000000,41.375,9.1783,107,0,22.2,25.5,23.6,66,85,75,7.9,-999,0,-999,-999
20041001,20140814000000,41.375,9.1783,107,0,19.8,22.6,21,57,79,66,13,-999,0,-999,-999
20041001,20140815000000,41.375,9.1783,107,0,18.8,22.3,20.5,61,80,71,11.1,-999,0,-999,-999
20041001,20140816000000,41.375,9.1783,107,0,19.5,23,20.7,54,79,67,9.3,-999,0,-999,-999
20041001,20140817000000,41.375,9.1783,107,0,18.2,24.9,21.5,55,79,69,5.1,-999,0,-999,-999
20041001,20140818000000,41.375,9.1783,107,0,19.1,24.3,21.5,66,89,76,5.6,-999,0,-999,-999
20041001,20140819000000,41.375,9.1783,107,0,20,30.7,24.3,43,87,70,6.5,-999,0,-999,-999
20041001,20140820000000,41.375,9.1783,107,0,20.9,24.7,22.7,62,86,75,8.4,-999,0,-999,-999
20041001,20140821000000,41.375,9.1783,107,0,21,23.4,22,61,78,70,11.1,-999,0,-999,-999
20041001,20140822000000,41.375,9.1783,107,0,20.9,24.7,22.2,60,78,67,5.8,-999,0,-999,-999
20041001,20140823000000,41.375,9.1783,107,0,19.5,24.1,22.2,66,82,74,9.1,-999,0,-999,-999
20041001,20140824000000,41.375,9.1783,107,0,20.2,23.3,21.1,56,74,64,13.4,-999,-999,-999,-999
20041001,20140825000000,41.375,9.1783,107,0,19.1,24.2,21.8,60,85,74,7.1,-999,0,-999,-999
20041001,20140826000000,41.375,9.1783,107,0,19.8,27.3,23.6,52,90,77,5.6,-999,0,-999,-999
20041001,20140827000000,41.375,9.1783,107,0,22.2,24.7,23.1,74,92,86,9.8,-999,0,-999,-999
20041001,20140828000000,41.375,9.1783,107,0,21.3,26.1,23,63,88,79,4.9,-999,0,-999,-999
20041001,20140829000000,41.375,9.1783,107,0,20.7,27,23.3,68,91,83,3.3,-999,0,-999,-999
20041001,20140830000000,41.375,9.1783,107,0,21.4,26.8,23.7,64,91,82,3.6,-999,0,-999,-999
20041001,20140831000000,41.375,9.1783,107,0,21.9,24.7,23,70,91,80,7.7,-999,0,-999,-999
20041001,20140901000000,41.375,9.1783,107,0,21.5,26.7,22.7,49,85,64,7.1,-999,0.4,-999,-999
20041001,20140902000000,41.375,9.1783,107,0,19,25.8,22.1,47,76,64,3.1,-999,0,-999,-999
20041001,20140903000000,41.375,9.1783,107,0,18.1,26.1,21.8,46,78,64,2.6,-999,0,-999,-999
20041001,20140904000000,41.375,9.1783,107,0,17.9,25.7,22.4,57,80,70,2.9,-999,0,-999,-999
20041001,20140905000000,41.375,9.1783,107,0,19.2,25.2,22.6,58,86,73,4.8,-999,0,-999,-999
20041001,20140906000000,41.375,9.1783,107,0,20.2,24.2,22.4,68,86,79,7.7,-999,0,-999,-999
20041001,20140907000000,41.375,9.1783,107,0,20.6,25.1,22.8,71,88,81,5,-999,0,-999,-999
20041001,20140908000000,41.375,9.1783,107,0,19.9,29.5,23.8,46,93,77,2.4,-999,0.4,-999,-999
20041001,20140909000000,41.375,9.1783,107,0,19.7,27.8,23.5,55,93,79,2.5,-999,0,-999,-999
20041001,20140910000000,41.375,9.1783,107,0,19.9,24.7,22.9,73,87,82,6.2,-999,0,-999,-999
20041001,20140911000000,41.375,9.1783,107,0,20.6,24.8,22.9,77,90,84,6.8,-999,6.5,-999,-999
20041001,20140912000000,41.375,9.1783,107,0,20.8,24.1,22.1,57,86,73,7.9,-999,0,-999,-999
20041001,20140913000000,41.375,9.1783,107,0,20.8,25.7,22.1,56,80,72,4.9,-999,0,-999,-999
20041001,20140914000000,41.375,9.1783,107,0,18.8,24.9,21.8,62,87,73,2.9,-999,0,-999,-999
20041001,20140915000000,41.375,9.1783,107,0,18.4,26.7,22.1,63,90,81,4.8,-999,0,-999,-999
20041001,20140916000000,41.375,9.1783,107,0,20.8,27.6,23.1,66,91,82,5.6,-999,0,-999,-999
20041001,20140917000000,41.375,9.1783,107,0,21.1,25.1,22.5,74,93,86,6.5,-999,1,-999,-999
20041001,20140918000000,41.375,9.1783,107,0,21.4,27.3,23.9,68,93,85,7.7,-999,0,-999,-999
20041001,20140919000000,41.375,9.1783,107,0,23.6,28.3,24.7,72,95,90,5.8,-999,0.2,-999,-999
20041001,20140920000000,41.375,9.1783,107,0,22.9,28.3,24.5,44,95,80,4.7,-999,0.2,-999,-999
20041001,20140921000000,41.375,9.1783,107,0,21.8,26.4,23.5,67,94,85,6.9,-999,0,-999,-999
20041001,20140922000000,41.375,9.1783,107,0,22.2,24.6,22.9,66,93,79,7.4,-999,0,-999,-999
20041001,20140923000000,41.375,9.1783,107,0,17.9,22.2,20.1,46,91,69,4.7,-999,2.6,-999,-999
20041001,20140924000000,41.375,9.1783,107,0,17.9,24.9,21,42,86,62,2.5,-999,32.3,-999,-999
20041001,20140925000000,41.375,9.1783,107,0,16.5,22.5,20.3,59,96,73,7.3,-999,0,-999,-999
20041001,20140926000000,41.375,9.1783,107,0,18.8,25.4,20.9,48,77,64,3.3,-999,0,-999,-999
20041001,20140927000000,41.375,9.1783,107,0,15.8,25.9,20.8,39,87,67,4.1,-999,0,-999,-999
20041001,20140928000000,41.375,9.1783,107,0,17.2,26.5,21.5,53,90,75,5.2,-999,0.2,-999,-999
20041001,20140929000000,41.375,9.1783,107,0,18.5,25.9,22.1,51,90,71,5.9,-999,0,-999,-999
20041001,20140930000000,41.375,9.1783,107,0,19.5,26.5,22.4,60,88,77,5.6,-999,0,-999,-999
20041001,20141001000000,41.375,9.1783,107,0,20.2,24.3,21.9,72,90,84,4.1,-999,0,-999,-999
20041001,20141002000000,41.375,9.1783,107,0,18.3,25.2,21.2,60,92,72,5.4,-999,0,-999,-999
20041001,20141003000000,41.375,9.1783,107,0,18.8,24.1,20.6,54,80,67,6.2,-999,0,-999,-999
20041001,20141004000000,41.375,9.1783,107,0,17.5,24.9,20.3,47,76,67,5.1,-999,0,-999,-999
20041001,20141005000000,41.375,9.1783,107,0,16.3,25.4,20.1,37,81,65,2,-999,0,-999,-999
20041001,20141006000000,41.375,9.1783,107,0,16.8,22.5,20.4,59,83,73,4.9,-999,0,-999,-999
20041001,20141007000000,41.375,9.1783,107,0,17.3,27.2,21.8,42,90,74,3.7,-999,0.2,-999,-999
20041001,20141008000000,41.375,9.1783,107,0,19.1,27.9,22.9,40,93,82,5.9,-999,0.4,-999,-999
20041001,20141009000000,41.375,9.1783,107,0,21.2,27.1,23.2,61,95,87,8.1,-999,0.2,-999,-999
20041001,20141010000000,41.375,9.1783,107,0,20.8,26.6,23,65,95,88,7,-999,0.4,-999,-999
20041001,20141011000000,41.375,9.1783,107,0,21.1,24.7,22.4,75,95,87,2.9,-999,0.4,-999,-999
20041001,20141012000000,41.375,9.1783,107,0,19,25.2,22.2,74,94,88,7.1,-999,0,-999,-999
20041001,20141013000000,41.375,9.1783,107,0,22,26.1,22.8,60,95,83,6.1,-999,0.2,-999,-999
20041001,20141014000000,41.375,9.1783,107,0,20.5,26.6,22.5,58,89,78,4.6,-999,1,-999,-999
20041001,20141015000000,41.375,9.1783,107,0,19.4,23.8,21.7,66,92,79,5.8,-999,5.3,-999,-999
20041001,20141016000000,41.375,9.1783,107,0,20.1,23.1,21.7,68,86,79,6.4,-999,0,-999,-999
20041001,20141017000000,41.375,9.1783,107,0,20.9,23.2,22,76,91,82,-999,-999,0,-999,-999
20041001,20141018000000,41.375,9.1783,107,0,20.6,25.1,21.9,65,94,86,-999,-999,0.4,-999,-999
20041001,20141019000000,41.375,9.1783,107,0,18.9,25.6,20.8,62,95,85,-999,-999,0.4,-999,-999
20041001,20141020000000,41.375,9.1783,107,0,18,22.5,20.8,76,94,86,5,-999,0.2,-999,-999
20041001,20141021000000,41.375,9.1783,107,0,20.5,22.7,21.9,59,91,81,12.7,-999,0,-999,-999
20041001,20141022000000,41.375,9.1783,107,0,16.5,21.6,18.2,31,65,46,9.6,-999,0,-999,-999
20041001,20141023000000,41.375,9.1783,107,0,13.2,19,17.5,31,76,54,8,-999,0,-999,-999
20041001,20141024000000,41.375,9.1783,107,0,15.4,21.8,18.6,49,80,69,3.1,-999,0,-999,-999
20041001,20141025000000,41.375,9.1783,107,0,15.2,21.4,17.8,45,85,71,2.8,-999,0,-999,-999
20041001,20141026000000,41.375,9.1783,107,0,14.3,21.7,16.9,53,85,69,5.2,-999,0,-999,-999
20041001,20141027000000,41.375,9.1783,107,0,14.3,20.1,16.4,52,71,61,7.1,-999,0,-999,-999
20041001,20141028000000,41.375,9.1783,107,0,14.1,19.7,16.1,51,73,64,5.6,-999,0,-999,-999
20041001,20141029000000,41.375,9.1783,107,0,12.7,21.2,16.3,52,83,71,2.6,-999,0,-999,-999
20041001,20141030000000,41.375,9.1783,107,0,13.6,21.9,16.6,54,84,71,2.8,-999,0,-999,-999
20041001,20141031000000,41.375,9.1783,107,0,13,21.7,16.3,39,80,64,3.9,-999,0,-999,-999
20041001,20141101000000,41.375,9.1783,107,0,12.8,21.5,16.1,43,81,62,3.6,-999,0,-999,-999
20041001,20141102000000,41.375,9.1783,107,0,12.6,20.8,16.8,49,88,70,1.3,-999,0,-999,-999
20041001,20141103000000,41.375,9.1783,107,0,13.9,22.2,17.9,44,85,69,3.2,-999,0,-999,-999
20041001,20141104000000,41.375,9.1783,107,0,14.9,26.1,19.9,38,70,58,4.4,-999,1.4,-999,-999
20041001,20141105000000,41.375,9.1783,107,0,15.4,18.8,17.3,46,91,74,4.8,-999,4.2,-999,-999
20041001,20141106000000,41.375,9.1783,107,0,12.8,16.7,15,56,88,72,5.4,-999,2.9,-999,-999
20041001,20141107000000,41.375,9.1783,107,0,13.7,19.8,16.1,54,83,71,3.4,-999,0,-999,-999
20041001,20141108000000,41.375,9.1783,107,0,13.8,18.9,17.2,52,76,67,7.3,-999,0,-999,-999
20041001,20141109000000,41.375,9.1783,107,0,12.3,20,16.1,61,87,76,4.3,-999,0.4,-999,-999
20041001,20141110000000,41.375,9.1783,107,0,15.5,21.4,17.6,66,92,86,3.6,-999,2.6,-999,-999
20041001,20141111000000,41.375,9.1783,107,0,14.6,16.9,15.6,79,93,90,4.5,-999,9.2,-999,-999
20041001,20141112000000,41.375,9.1783,107,0,14.2,18.3,16.5,63,85,75,6.8,-999,1.8,-999,-999
20041001,20141113000000,41.375,9.1783,107,0,15.6,18,16.7,55,72,65,11.5,-999,0,-999,-999
20041001,20141114000000,41.375,9.1783,107,0,12.4,21.1,16.2,54,86,74,3.4,-999,0,-999,-999
20041001,20141115000000,41.375,9.1783,107,0,14.8,18.3,16.7,57,91,77,7.4,-999,8.3,-999,-999
20041001,20141116000000,41.375,9.1783,107,0,11.8,17.7,15.8,53,85,68,9.5,-999,26.9,-999,-999
20041001,20141117000000,41.375,9.1783,107,0,11.6,17,15.2,54,90,75,8.9,-999,8.7,-999,-999
20041001,20141118000000,41.375,9.1783,107,0,12.9,17.2,15.9,57,79,66,10.9,-999,5.5,-999,-999
20041001,20141119000000,41.375,9.1783,107,0,14.5,18.8,15.9,55,72,64,6.6,-999,0,-999,-999
20041001,20141120000000,41.375,9.1783,107,0,11.6,19.2,14.8,55,92,78,4.8,-999,0,-999,-999
20041001,20141121000000,41.375,9.1783,107,0,12.9,19.6,15.2,68,92,85,3.8,-999,0,-999,-999
20041001,20141122000000,41.375,9.1783,107,0,13.2,18.9,15.9,75,92,87,5.6,-999,0,-999,-999
20041001,20141123000000,41.375,9.1783,107,0,15.6,20.1,17.7,79,94,89,8.1,-999,0,-999,-999
20041001,20141124000000,41.375,9.1783,107,0,17,19.2,17.6,85,95,93,5.3,-999,0.4,-999,-999
20041001,20141125000000,41.375,9.1783,107,0,15.6,19.2,17.2,79,95,90,1.6,-999,1,-999,-999
20041001,20141126000000,41.375,9.1783,107,0,14.5,20.6,16.8,68,94,85,3.2,-999,0,-999,-999
20041001,20141127000000,41.375,9.1783,107,0,14.6,21.3,16.9,59,93,85,4.2,-999,0,-999,-999
20041001,20141128000000,41.375,9.1783,107,0,16.6,20.9,18.3,73,94,86,6.9,-999,0,-999,-999
20041001,20141129000000,41.375,9.1783,107,0,17.3,18.4,17.9,86,95,92,7.5,-999,1,-999,-999
20041001,20141130000000,41.375,9.1783,107,0,17.4,18.6,17.3,69,92,86,8.2,-999,0,-999,-999
20041001,20141201000000,41.375,9.1783,107,0,13.2,20.1,15.9,53,91,77,3.3,-999,2.6,-999,-999
20041001,20141202000000,41.375,9.1783,107,0,12.9,17.4,14.5,61,90,80,7.1,-999,0.8,-999,-999
20041001,20141203000000,41.375,9.1783,107,0,12.6,18.4,14.5,63,93,79,3.3,-999,37.5,-999,-999
20041001,20141204000000,41.375,9.1783,107,0,11.5,18,14.3,63,93,81,2.3,-999,1.8,-999,-999
20041001,20141205000000,41.375,9.1783,107,0,11.3,17.7,14.2,60,92,77,5.4,-999,2.4,-999,-999
20041001,20141206000000,41.375,9.1783,107,0,12,14.4,13,56,80,66,12.9,-999,0,-999,-999
20041001,20141207000000,41.375,9.1783,107,0,10.2,16.2,12.1,50,78,65,2.9,-999,0.2,-999,-999
20041001,20141208000000,41.375,9.1783,107,0,9,16.5,12.9,54,76,67,4.4,-999,0,-999,-999
20041001,20141209000000,41.375,9.1783,107,0,9.4,14.5,11.7,55,91,65,8,-999,7.3,-999,-999
20041001,20141210000000,41.375,9.1783,107,0,9.1,15,11.3,40,69,55,4.6,-999,0,-999,-999
20041001,20141211000000,41.375,9.1783,107,0,9,16.1,12.3,57,72,65,4.6,-999,0,-999,-999
20041001,20141212000000,41.375,9.1783,107,0,8.9,15.3,13.6,57,76,67,6.3,-999,0,-999,-999
20041001,20141213000000,41.375,9.1783,107,0,11.1,18,13.5,47,89,74,3.5,-999,0,-999,-999
20041001,20141214000000,41.375,9.1783,107,0,10.1,16.3,13.7,71,90,82,5.5,-999,0,-999,-999
20041001,20141215000000,41.375,9.1783,107,0,13.7,17.6,14.5,71,87,82,5.7,-999,4.2,-999,-999
20041001,20141216000000,41.375,9.1783,107,0,10,13.7,12.4,68,90,80,4.2,-999,2.2,-999,-999
20041001,20141217000000,41.375,9.1783,107,0,10.4,16.4,13.6,59,87,75,4.3,-999,0.2,-999,-999
20041001,20141218000000,41.375,9.1783,107,0,11.8,17.2,13.9,60,90,79,3.5,-999,0,-999,-999
20041001,20141219000000,41.375,9.1783,107,0,11.4,16.1,15,72,86,80,6,-999,0,-999,-999
20041001,20141220000000,41.375,9.1783,107,0,14.2,16.6,14.8,68,83,76,7.7,-999,0,-999,-999
20041001,20141221000000,41.375,9.1783,107,0,11.8,15,13.2,61,87,74,3.6,-999,0,-999,-999
20041001,20141222000000,41.375,9.1783,107,0,10.5,14.8,13,65,82,75,4.5,-999,0,-999,-999
20041001,20141223000000,41.375,9.1783,107,0,12.8,14.7,14.2,60,77,66,4.8,-999,0,-999,-999
20041001,20141224000000,41.375,9.1783,107,0,12.6,14.1,13.5,59,70,64,5.5,-999,0,-999,-999
20041001,20141225000000,41.375,9.1783,107,0,12.4,14.8,13,56,78,68,7.8,-999,0,-999,-999
20041001,20141226000000,41.375,9.1783,107,0,8.4,16,11.4,40,78,61,4.8,-999,0,-999,-999
20041001,20141227000000,41.375,9.1783,107,0,8.6,14.1,11.5,43,89,64,9.6,-999,4.6,-999,-999
20041001,20141228000000,41.375,9.1783,107,0,6.9,11.4,9.4,44,63,53,8.6,-999,0,-999,-999
20041001,20141229000000,41.375,9.1783,107,0,5.2,9.6,7,26,54,37,7.6,-999,0,-999,-999
20041001,20141230000000,41.375,9.1783,107,0,4,8.5,6,21,66,52,5.9,-999,0,-999,-999
20041001,20141231000000,41.375,9.1783,107,0,3.8,6.7,5.1,41,83,57,8.9,-999,0,-999,-999
20041001,20150101000000,41.375,9.1783,107,0,1.9,11.7,7.2,26,70,51,4.1,-999,0,-999,-999
20041001,20150102000000,41.375,9.1783,107,0,5.6,14.2,10.8,54,84,70,6.2,-999,0,-999,-999
20041001,20150103000000,41.375,9.1783,107,0,12.2,14.7,13.8,70,85,80,12,-999,0,-999,-999
20041001,20150104000000,41.375,9.1783,107,0,12.2,15.1,13.9,73,91,81,8.5,-999,0,-999,-999
20041001,20150105000000,41.375,9.1783,107,0,8.4,14.7,11.7,37,91,54,5,-999,0,-999,-999
20041001,20150106000000,41.375,9.1783,107,0,8.5,13.9,12.5,60,82,72,6.8,-999,0,-999,-999
20041001,20150107000000,41.375,9.1783,107,0,10.9,13.5,12.5,60,83,71,4.9,-999,0,-999,-999
20041001,20150108000000,41.375,9.1783,107,0,10.4,14.3,12.1,57,76,69,8.2,-999,0,-999,-999
20041001,20150109000000,41.375,9.1783,107,0,12.2,14.5,13.4,60,87,74,11.4,-999,0,-999,-999
20041001,20150110000000,41.375,9.1783,107,0,13.1,15.4,14.4,79,89,85,10.7,-999,0,-999,-999
20041001,20150111000000,41.375,9.1783,107,0,12.7,14.4,13.5,61,86,79,9.1,-999,0,-999,-999
20041001,20150112000000,41.375,9.1783,107,0,11.6,13.7,12.5,69,81,75,5.7,-999,0,-999,-999
20041001,20150113000000,41.375,9.1783,107,0,11,14.6,11.8,57,83,75,3.6,-999,0,-999,-999
20041001,20150114000000,41.375,9.1783,107,0,10,14.1,12.7,75,87,81,7.8,-999,0,-999,-999
20041001,20150115000000,41.375,9.1783,107,0,11.6,14.5,12.3,75,89,82,5.1,-999,0,-999,-999
20041001,20150116000000,41.375,9.1783,107,0,10,20.7,14.5,44,91,75,4.1,-999,1,-999,-999
20041001,20150117000000,41.375,9.1783,107,0,11.4,12.9,12.2,58,89,67,11.8,-999,0,-999,-999
20041001,20150118000000,41.375,9.1783,107,0,9.3,14.2,10.3,43,83,62,4.7,-999,8.7,-999,-999
20041001,20150119000000,41.375,9.1783,107,0,6.7,13.9,9.9,55,86,70,3.6,-999,0,-999,-999
20041001,20150120000000,41.375,9.1783,107,0,8.6,13.7,9.7,56,89,76,4.6,-999,2.4,-999,-999
20041001,20150121000000,41.375,9.1783,107,0,7.2,13.5,10.7,52,92,75,3.5,-999,0.6,-999,-999
20041001,20150122000000,41.375,9.1783,107,0,7.1,12.7,9.1,64,92,80,3.8,-999,10.1,-999,-999
20041001,20150123000000,41.375,9.1783,107,0,7.5,15.3,11.3,58,86,73,2.7,-999,0,-999,-999
20041001,20150124000000,41.375,9.1783,107,0,9.3,15,11.5,47,83,65,3.3,-999,2.8,-999,-999
20041001,20150125000000,41.375,9.1783,107,0,7.2,12,9.4,48,89,62,7.6,-999,0,-999,-999
20041001,20150126000000,41.375,9.1783,107,0,6.5,11.4,8.5,45,58,52,7.3,-999,2.2,-999,-999
20041001,20150127000000,41.375,9.1783,107,0,4.6,12.8,8.3,44,85,65,2.4,-999,0,-999,-999
20041001,20150128000000,41.375,9.1783,107,0,5.9,13.2,8.8,24,72,51,3.4,-999,2,-999,-999
20041001,20150129000000,41.375,9.1783,107,0,6.2,13.8,11.7,53,93,77,14.8,-999,11.7,-999,-999
20041001,20150130000000,41.375,9.1783,107,0,9.5,13.1,11.2,37,88,62,16.8,-999,0.4,-999,-999
20041001,20150131000000,41.375,9.1783,107,0,8.8,12.1,10.4,55,79,67,7.8,-999,0,-999,-999
20041001,20150201000000,41.375,9.1783,107,0,8.4,11.2,9.4,46,77,55,14.9,-999,1.2,-999,-999
20041001,20150202000000,41.375,9.1783,107,0,4.8,10.8,8.3,43,73,57,10.5,-999,2,-999,-999
20041001,20150203000000,41.375,9.1783,107,0,5.9,11.9,8.8,59,91,76,4.9,-999,6.8,-999,-999
20041001,20150204000000,41.375,9.1783,107,0,7.3,10.4,8.7,62,92,78,7.3,-999,10.1,-999,-999
20041001,20150205000000,41.375,9.1783,107,0,6.4,12.8,9,49,90,69,4.6,-999,0.2,-999,-999
20041001,20150206000000,41.375,9.1783,107,0,6.1,11.9,8.3,60,92,77,5.2,-999,7.4,-999,-999
20041001,20150207000000,41.375,9.1783,107,0,5.4,7.9,6.2,79,92,89,3.5,-999,23.2,-999,-999
20041001,20150208000000,41.375,9.1783,107,0,4.6,10.9,7.9,58,84,72,6.7,-999,0,-999,-999
20041001,20150209000000,41.375,9.1783,107,0,5.1,10.3,8.2,43,70,55,7.8,-999,0,-999,-999
20041001,20150210000000,41.375,9.1783,107,0,8.7,12.2,10.5,63,80,73,8.5,-999,0,-999,-999
20041001,20150211000000,41.375,9.1783,107,0,7.1,15.5,11,59,93,80,3.9,-999,0,-999,-999
20041001,20150212000000,41.375,9.1783,107,0,8.2,15.6,11.2,65,95,82,5,-999,0,-999,-999
20041001,20150213000000,41.375,9.1783,107,0,7.2,15.7,10.2,55,88,76,3.3,-999,0,-999,-999
20041001,20150214000000,41.375,9.1783,107,0,7,13.7,10.2,64,90,79,2,-999,0.2,-999,-999
20041001,20150215000000,41.375,9.1783,107,0,8,15.4,10.7,59,93,80,3.1,-999,30.7,-999,-999
20041001,20150216000000,41.375,9.1783,107,0,8.3,11.9,10.2,85,94,91,4.6,-999,12.8,-999,-999
20041001,20150217000000,41.375,9.1783,107,0,10.1,14.9,12.3,63,92,76,8,-999,0,-999,-999
20041001,20150218000000,41.375,9.1783,107,0,9.3,12.4,10,53,70,60,8.3,-999,0,-999,-999
20041001,20150219000000,41.375,9.1783,107,0,6.6,14.4,9.7,47,84,68,3.9,-999,0,-999,-999
20041001,20150220000000,41.375,9.1783,107,0,6.1,13.8,9.9,53,85,72,2.1,-999,0,-999,-999
20041001,20150221000000,41.375,9.1783,107,0,6.8,11.4,9.6,76,93,86,3.8,-999,6.4,-999,-999
20041001,20150222000000,41.375,9.1783,107,0,8.6,14.3,10.9,66,87,79,2.7,-999,0,-999,-999
20041001,20150223000000,41.375,9.1783,107,0,9.5,12.8,10.7,63,91,75,8.9,-999,0.4,-999,-999
20041001,20150224000000,41.375,9.1783,107,0,8,11.9,10,60,84,73,12,-999,9.1,-999,-999
20041001,20150225000000,41.375,9.1783,107,0,6.1,13.8,9.3,51,88,74,5.6,-999,1.6,-999,-999
20041001,20150226000000,41.375,9.1783,107,0,8,14.3,10.6,55,83,67,5.4,-999,0.2,-999,-999
20041001,20150227000000,41.375,9.1783,107,0,8.1,14,10.8,55,85,74,2.4,-999,0,-999,-999
20041001,20150228000000,41.375,9.1783,107,0,6.9,12.6,10.2,61,87,73,3.5,-999,0,-999,-999
20041001,20150301000000,41.375,9.1783,107,0,8.6,12.7,11,65,95,80,6.9,-999,2.6,-999,-999
20041001,20150302000000,41.375,9.1783,107,0,10.1,14.1,13.2,79,93,87,12.3,-999,0,-999,-999
20041001,20150303000000,41.375,9.1783,107,0,12.5,13.9,13.1,67,86,77,9.9,-999,0,-999,-999
20041001,20150304000000,41.375,9.1783,107,0,9.4,13,11,69,94,87,8.2,-999,29,-999,-999
20041001,20150305000000,41.375,9.1783,107,0,5,10.1,7.8,30,90,61,8.2,-999,2,-999,-999
20041001,20150306000000,41.375,9.1783,107,0,7.2,13.4,10.2,24,38,33,9.5,-999,0,-999,-999
20041001,20150307000000,41.375,9.1783,107,0,8,13.9,10.4,25,59,43,8.3,-999,0,-999,-999
20041001,20150308000000,41.375,9.1783,107,0,7.9,13.4,10,36,58,48,7.3,-999,-999,-999,-999
20041001,20150309000000,41.375,9.1783,107,0,6.8,14.5,9.1,45,73,61,4.9,-999,0,-999,-999
20041001,20150310000000,41.375,9.1783,107,0,6.5,12.8,10.7,63,78,72,6.2,-999,0,-999,-999
20041001,20150311000000,41.375,9.1783,107,0,10.5,13.5,12,74,90,81,7.7,-999,0,-999,-999
20041001,20150312000000,41.375,9.1783,107,0,9.4,14.8,11.4,36,85,55,7.4,-999,0,-999,-999
20041001,20150313000000,41.375,9.1783,107,0,6.4,13.7,11.1,48,82,63,3.9,-999,1.6,-999,-999
20041001,20150314000000,41.375,9.1783,107,0,10.8,13.7,11.7,71,92,82,4,-999,9.1,-999,-999
20041001,20150315000000,41.375,9.1783,107,0,9.6,14.1,11.7,60,94,80,5.8,-999,4,-999,-999
20041001,20150316000000,41.375,9.1783,107,0,8.9,12.3,10.8,79,95,91,5,-999,20.2,-999,-999
20041001,20150317000000,41.375,9.1783,107,0,10.8,14.5,12.3,79,93,87,4.1,-999,1.2,-999,-999
20041001,20150318000000,41.375,9.1783,107,0,10,17,12.7,60,93,81,5.1,-999,0.2,-999,-999
20041001,20150319000000,41.375,9.1783,107,0,10.2,16.7,12.7,68,94,85,6.1,-999,0,-999,-999
20041001,20150320000000,41.375,9.1783,107,0,11.3,16,13.1,71,90,82,8.4,-999,0,-999,-999
20041001,20150321000000,41.375,9.1783,107,0,11.6,15.1,12.3,75,90,81,7.7,-999,0.8,-999,-999
20041001,20150322000000,41.375,9.1783,107,0,10.9,12.6,11.1,78,93,86,5.7,-999,0.8,-999,-999
20041001,20150323000000,41.375,9.1783,107,0,8.4,17.1,12.3,54,85,73,4.4,-999,0,-999,-999
20041001,20150324000000,41.375,9.1783,107,0,10.7,16.1,12.7,73,94,86,8.4,-999,29.1,-999,-999
20041001,20150325000000,41.375,9.1783,107,0,11,12.8,12.1,83,95,92,9.1,-999,10.7,-999,-999
20041001,20150326000000,41.375,9.1783,107,0,11.2,14.4,12.4,70,94,81,6.8,-999,0,-999,-999
20041001,20150327000000,41.375,9.1783,107,0,11.3,14.2,12.3,65,91,78,5.5,-999,3,-999,-999
20041001,20150328000000,41.375,9.1783,107,0,9.5,16.6,13.5,46,84,70,4.1,-999,0,-999,-999
20041001,20150329000000,41.375,9.1783,107,0,11.9,14.4,13.4,73,89,83,6.8,-999,0,-999,-999
20041001,20150330000000,41.375,9.1783,107,0,13.3,15.8,14.4,63,84,76,19.3,-999,0,-999,-999
20041001,20150331000000,41.375,9.1783,107,0,13.6,15.2,14.2,72,86,81,11.3,-999,0,-999,-999
20041001,20150401000000,41.375,9.1783,107,0,12.4,14.3,13.2,60,83,69,15.3,-999,0,-999,-999
20041001,20150402000000,41.375,9.1783,107,0,11.3,13.6,12.7,64,82,73,6.9,-999,0,-999,-999
20041001,20150403000000,41.375,9.1783,107,0,10.4,17.6,13.5,63,91,79,4.7,-999,0,-999,-999
20041001,20150404000000,41.375,9.1783,107,0,11.4,14.6,12.9,75,90,80,6.7,-999,0,-999,-999
20041001,20150405000000,41.375,9.1783,107,0,9.3,14.5,10.9,53,89,70,6.3,-999,1.2,-999,-999
20041001,20150406000000,41.375,9.1783,107,0,6.7,14.3,10.2,28,60,44,6.3,-999,0,-999,-999
20041001,20150407000000,41.375,9.1783,107,0,6.1,14,9.4,30,70,45,5.5,-999,0,-999,-999
20041001,20150408000000,41.375,9.1783,107,0,6.8,15.5,11.6,18,78,59,5.2,-999,0,-999,-999
20041001,20150409000000,41.375,9.1783,107,0,8.3,16.7,12.9,42,87,66,2.8,-999,0,-999,-999
20041001,20150410000000,41.375,9.1783,107,0,7.9,18,13.2,37,88,72,5,-999,0,-999,-999
20041001,20150411000000,41.375,9.1783,107,0,10.3,17.4,13.5,64,91,80,6.2,-999,0.4,-999,-999
20041001,20150412000000,41.375,9.1783,107,0,10.8,17.8,13.5,60,93,80,5.4,-999,0.2,-999,-999
20041001,20150413000000,41.375,9.1783,107,0,9.5,18.6,14.1,50,93,80,3.1,-999,0,-999,-999
20041001,20150414000000,41.375,9.1783,107,0,13,15.6,14.1,83,93,88,5.4,-999,0.2,-999,-999
20041001,20150415000000,41.375,9.1783,107,0,11.4,21.5,15.4,47,94,79,4.5,-999,0.4,-999,-999
20041001,20150416000000,41.375,9.1783,107,0,11.7,18.9,14.9,69,94,81,8.4,-999,0.2,-999,-999
20041001,20150417000000,41.375,9.1783,107,0,13.5,19.4,15.6,65,93,86,5.5,-999,0,-999,-999
20041001,20150418000000,41.375,9.1783,107,0,13.9,16.9,14.9,79,94,89,6.2,-999,0.2,-999,-999
20041001,20150419000000,41.375,9.1783,107,0,12.1,18,14.5,60,94,77,7.6,-999,0,-999,-999
20041001,20150420000000,41.375,9.1783,107,0,11.8,19.5,14.8,44,90,72,3.5,-999,0,-999,-999
20041001,20150421000000,41.375,9.1783,107,0,10.7,18.7,14.9,38,90,77,2.4,-999,0.2,-999,-999
20041001,20150422000000,41.375,9.1783,107,0,10.9,24.2,17,26,92,61,2.6,-999,0,-999,-999
20041001,20150423000000,41.375,9.1783,107,0,12.3,22.9,16.8,34,90,71,3.4,-999,0,-999,-999
20041001,20150424000000,41.375,9.1783,107,0,13.6,17.5,15.6,76,91,85,4.6,-999,0,-999,-999
20041001,20150425000000,41.375,9.1783,107,0,13.7,21.6,16.4,60,92,82,3.1,-999,0.2,-999,-999
20041001,20150426000000,41.375,9.1783,107,0,14,18.8,16,75,94,87,7.3,-999,0,-999,-999
20041001,20150427000000,41.375,9.1783,107,0,13.7,18.6,15.6,63,94,83,7.2,-999,10.5,-999,-999
20041001,20150428000000,41.375,9.1783,107,0,13.2,15,14.1,64,94,77,12,-999,0.6,-999,-999
20041001,20150429000000,41.375,9.1783,107,0,13.3,15.4,14.3,59,85,70,11.2,-999,0,-999,-999
20041001,20150430000000,41.375,9.1783,107,0,13.8,16.5,14.9,74,90,81,9.2,-999,0,-999,-999
20041001,20150501000000,41.375,9.1783,107,0,13.3,20.1,16.7,41,90,69,7.9,-999,0,-999,-999
20041001,20150502000000,41.375,9.1783,107,0,15.6,17.9,16.4,75,89,82,7.6,-999,0,-999,-999
20041001,20150503000000,41.375,9.1783,107,0,14.9,26.7,19.1,31,95,69,4,-999,0.2,-999,-999
20041001,20150504000000,41.375,9.1783,107,0,14.5,22.3,18.1,61,95,81,9.4,-999,0,-999,-999
20041001,20150505000000,41.375,9.1783,107,0,16.2,25.4,19,59,93,83,8.9,-999,0,-999,-999
20041001,20150506000000,41.375,9.1783,107,0,16.7,21.3,18.1,64,93,84,5.6,-999,0,-999,-999
20041001,20150507000000,41.375,9.1783,107,0,15.9,19.1,17,66,91,82,7.5,-999,0,-999,-999
20041001,20150508000000,41.375,9.1783,107,0,13.8,22.6,17.7,44,89,75,4.5,-999,0,-999,-999
20041001,20150509000000,41.375,9.1783,107,0,15.8,18.3,16.8,75,93,85,6.5,-999,0,-999,-999
20041001,20150510000000,41.375,9.1783,107,0,15.5,27.6,19.5,36,94,74,3.6,-999,0.4,-999,-999
20041001,20150511000000,41.375,9.1783,107,0,14.9,27.6,19.9,33,93,70,2.1,-999,0,-999,-999
20041001,20150512000000,41.375,9.1783,107,0,16.3,28.4,21.5,28,92,64,2.7,-999,0.2,-999,-999
20041001,20150513000000,41.375,9.1783,107,0,16.9,21.9,19,55,91,80,8.4,-999,0,-999,-999
20041001,20150514000000,41.375,9.1783,107,0,17.9,25.5,21.7,28,82,51,10.8,-999,0,-999,-999
20041001,20150515000000,41.375,9.1783,107,0,15.3,17.9,16.6,56,93,73,13,-999,7,-999,-999
20041001,20150516000000,41.375,9.1783,107,0,11.7,21.1,16.5,47,87,69,3.3,-999,0,-999,-999
20041001,20150517000000,41.375,9.1783,107,0,14.3,25.8,19.7,43,90,68,3.8,-999,0,-999,-999
20041001,20150518000000,41.375,9.1783,107,0,17.1,20.7,18.4,75,94,84,5.4,-999,0,-999,-999
20041001,20150519000000,41.375,9.1783,107,0,16.9,20.2,18,63,89,78,6.6,-999,0.2,-999,-999
20041001,20150520000000,41.375,9.1783,107,0,15.7,18.1,16.6,55,87,71,13.2,-999,0,-999,-999
20041001,20150521000000,41.375,9.1783,107,0,13.9,15.5,14.5,50,67,59,11.5,-999,0,-999,-999
20041001,20150522000000,41.375,9.1783,107,0,10.3,19.3,15.3,46,77,66,6.1,-999,0,-999,-999
20041001,20150523000000,41.375,9.1783,107,0,15.1,19.3,16.3,55,84,72,4.3,-999,0,-999,-999
20041001,20150524000000,41.375,9.1783,107,0,13.9,20.6,16.6,54,85,74,2.3,-999,0,-999,-999
20041001,20150525000000,41.375,9.1783,107,0,13.7,21.2,17.6,64,86,76,2.8,-999,0,-999,-999
20041001,20150526000000,41.375,9.1783,107,0,15.7,21.7,17.4,63,90,78,2.7,-999,0.8,-999,-999
20041001,20150527000000,41.375,9.1783,107,0,13.9,21.2,17.6,67,92,83,2.4,-999,0.4,-999,-999
20041001,20150528000000,41.375,9.1783,107,0,16.3,21.8,18.3,14,90,76,5.2,-999,0,-999,-999
20041001,20150529000000,41.375,9.1783,107,0,16,21.7,18,53,88,72,3.8,-999,0,-999,-999
20041001,20150530000000,41.375,9.1783,107,0,13.9,21.8,18.7,53,91,75,4.2,-999,0,-999,-999
20041001,20150531000000,41.375,9.1783,107,0,16.7,20.9,18.7,72,93,83,6,-999,0.2,-999,-999
20041001,20150601000000,41.375,9.1783,107,0,16.1,22,19.1,70,94,82,3,-999,0,-999,-999
20041001,20150602000000,41.375,9.1783,107,0,15.5,23.6,19.8,57,94,77,3,-999,0,-999,-999
20041001,20150603000000,41.375,9.1783,107,0,17.6,23.2,20.2,58,92,79,2.4,-999,0.2,-999,-999
20041001,20150604000000,41.375,9.1783,107,0,17.8,27.2,22.4,38,93,70,2,-999,0,-999,-999
20041001,20150605000000,41.375,9.1783,107,0,19.2,24.6,21.6,64,95,83,3.1,-999,0.2,-999,-999
20041001,20150606000000,41.375,9.1783,107,0,18.2,27.4,21.8,46,97,85,2.6,-999,0.2,-999,-999
20041001,20150607000000,41.375,9.1783,107,0,18,30.3,22.8,46,96,81,3,-999,0.2,-999,-999
20041001,20150608000000,41.375,9.1783,107,0,19.6,25.4,22.4,70,96,86,4.2,-999,0,-999,-999
20041001,20150609000000,41.375,9.1783,107,0,20.4,27,23,51,96,80,3.9,-999,0.2,-999,-999
20041001,20150610000000,41.375,9.1783,107,0,20.6,27.8,23.4,59,95,80,6.1,-999,0.2,-999,-999
20041001,20150611000000,41.375,9.1783,107,0,20.2,27.1,23.4,62,93,79,7.9,-999,0,-999,-999
20041001,20150612000000,41.375,9.1783,107,0,20,24.5,22.2,67,90,80,8.3,-999,1.8,-999,-999
20041001,20150613000000,41.375,9.1783,107,0,19.7,32,23.4,29,90,72,6.1,-999,7.5,-999,-999
20041001,20150614000000,41.375,9.1783,107,0,19.8,23.6,21.3,68,94,82,7,-999,0,-999,-999
20041001,20150615000000,41.375,9.1783,107,0,19.5,22.6,20.4,69,92,85,7,-999,0,-999,-999
20041001,20150616000000,41.375,9.1783,107,0,18.6,24,20.2,67,92,82,6.8,-999,1.4,-999,-999
20041001,20150617000000,41.375,9.1783,107,0,15.5,23.6,20.3,61,88,76,3.5,-999,0,-999,-999
20041001,20150618000000,41.375,9.1783,107,0,18.2,24.1,20.9,70,92,81,5.1,-999,0,-999,-999
20041001,20150619000000,41.375,9.1783,107,0,19,22.6,20.8,74,88,82,6.1,-999,0,-999,-999
20041001,20150620000000,41.375,9.1783,107,0,19.8,25.5,22,59,91,78,3.7,-999,0,-999,-999
20041001,20150621000000,41.375,9.1783,107,0,18.6,27.5,22.9,48,94,74,3.3,-999,0,-999,-999
20041001,20150622000000,41.375,9.1783,107,0,20,24.5,21.7,68,91,82,6.5,-999,0,-999,-999
20041001,20150623000000,41.375,9.1783,107,0,19.4,25.2,22.1,59,92,77,6.7,-999,0,-999,-999
20041001,20150624000000,41.375,9.1783,107,0,20.6,27.3,23.3,46,92,67,6.6,-999,0,-999,-999
20041001,20150625000000,41.375,9.1783,107,0,19.8,28.2,23.4,37,79,59,4.5,-999,0,-999,-999
20041001,20150626000000,41.375,9.1783,107,0,17.8,24.2,22,56,88,74,5.2,-999,0,-999,-999
20041001,20150627000000,41.375,9.1783,107,0,19.9,24.6,22.2,68,92,82,6.3,-999,0,-999,-999
20041001,20150628000000,41.375,9.1783,107,0,21,28.1,23,58,93,84,5.2,-999,0.2,-999,-999
20041001,20150629000000,41.375,9.1783,107,0,20.3,30.3,25,28,94,72,2.9,-999,0.2,-999,-999
20041001,20150630000000,41.375,9.1783,107,0,20.8,28.1,24.2,45,93,75,2,-999,0,-999,-999
20041001,20150701000000,41.375,9.1783,107,0,21.1,30.2,25.5,41,88,71,5.6,-999,0,-999,-999
20041001,20150702000000,41.375,9.1783,107,0,21.6,32.3,26.5,34,93,69,4.4,-999,0.2,-999,-999
20041001,20150703000000,41.375,9.1783,107,0,21.7,33.6,26.4,40,94,72,2.4,-999,0,-999,-999
20041001,20150704000000,41.375,9.1783,107,0,23.1,33.7,26.9,36,93,69,2.7,-999,0,-999,-999
20041001,20150705000000,41.375,9.1783,107,0,23.6,29.1,26,60,96,82,3.8,-999,0.2,-999,-999
20041001,20150706000000,41.375,9.1783,107,0,24.1,29.4,26,62,94,82,4.6,-999,0,-999,-999
20041001,20150707000000,41.375,9.1783,107,0,22.4,28.7,26,66,95,81,3.3,-999,0,-999,-999
20041001,20150708000000,41.375,9.1783,107,0,23.2,27.4,25.3,69,92,81,8.1,-999,0,-999,-999
20041001,20150709000000,41.375,9.1783,107,0,22.6,26.1,23.8,60,85,72,6.9,-999,0,-999,-999
20041001,20150710000000,41.375,9.1783,107,0,22.3,32,26.5,32,85,61,3.8,-999,0,-999,-999
20041001,20150711000000,41.375,9.1783,107,0,22.2,26.6,24.9,51,90,75,6.1,-999,0,-999,-999
20041001,20150712000000,41.375,9.1783,107,0,23.1,26.3,24.3,73,87,80,8.7,-999,0,-999,-999
20041001,20150713000000,41.375,9.1783,107,0,23.1,26,23.9,68,90,80,6.8,-999,0,-999,-999
20041001,20150714000000,41.375,9.1783,107,0,22.6,32.2,25.5,44,91,73,3.4,-999,0.2,-999,-999
20041001,20150715000000,41.375,9.1783,107,0,21.7,31,26.4,49,95,80,5.4,-999,0,-999,-999
20041001,20150716000000,41.375,9.1783,107,0,23.9,31.6,27.4,54,92,77,5.9,-999,0,-999,-999
20041001,20150717000000,41.375,9.1783,107,0,24,35.4,28.5,33,93,74,4.9,-999,0,-999,-999
20041001,20150718000000,41.375,9.1783,107,0,24.1,33.2,27.7,48,96,78,4.5,-999,0.2,-999,-999
20041001,20150719000000,41.375,9.1783,107,0,23.8,30.8,26.9,59,95,82,3.3,-999,0,-999,-999
20041001,20150720000000,41.375,9.1783,107,0,24.7,28.2,26.1,69,92,83,6.8,-999,0.2,-999,-999
20041001,20150721000000,41.375,9.1783,107,0,24.2,29.3,26.5,67,94,82,3.6,-999,0,-999,-999
20041001,20150722000000,41.375,9.1783,107,0,23,30.7,26.5,50,94,82,4.6,-999,0,-999,-999
20041001,20150723000000,41.375,9.1783,107,0,24.4,29.6,26.1,66,91,80,5.1,-999,0,-999,-999
20041001,20150724000000,41.375,9.1783,107,0,24.3,28.7,26,66,87,77,5.8,-999,0,-999,-999
20041001,20150725000000,41.375,9.1783,107,0,24.3,27.4,25.6,67,84,77,9.9,-999,0,-999,-999
20041001,20150726000000,41.375,9.1783,107,0,22.6,25,23.6,54,82,67,12.6,-999,0,-999,-999
20041001,20150727000000,41.375,9.1783,107,0,21.3,26.1,23.7,73,84,78,10.1,-999,0,-999,-999
20041001,20150728000000,41.375,9.1783,107,0,22.4,24,23,63,83,72,14.8,-999,0,-999,-999
20041001,20150729000000,41.375,9.1783,107,0,22.2,25.4,23.8,69,86,77,10.7,-999,0,-999,-999
20041001,20150730000000,41.375,9.1783,107,0,23.3,33.2,25.2,40,85,74,6.9,-999,0,-999,-999
20041001,20150731000000,41.375,9.1783,107,0,23,27.7,24.8,53,87,70,4.9,-999,0,-999,-999
20041001,20150801000000,41.375,9.1783,107,0,23,30.6,25.6,41,93,77,4,-999,0,-999,-999
20041001,20150802000000,41.375,9.1783,107,0,22.2,31.3,25.6,50,87,72,3.8,-999,0,-999,-999
20041001,20150803000000,41.375,9.1783,107,0,21.4,27.1,24.7,59,89,76,4.3,-999,0,-999,-999
20041001,20150804000000,41.375,9.1783,107,0,23.2,30.3,25.3,48,90,80,4.4,-999,0,-999,-999
20041001,20150805000000,41.375,9.1783,107,0,23.1,29.7,25.5,63,91,82,4,-999,0.2,-999,-999
20041001,20150806000000,41.375,9.1783,107,0,23.9,34.5,27,30,92,78,3,-999,0,-999,-999
20041001,20150807000000,41.375,9.1783,107,0,24.7,33.3,27.6,40,93,76,2.2,-999,0,-999,-999
20041001,20150808000000,41.375,9.1783,107,0,24.4,34.8,28.1,33,91,76,2.4,-999,0,-999,-999
20041001,20150809000000,41.375,9.1783,107,0,24.5,27.2,25.3,75,93,83,8.7,-999,0,-999,-999
20041001,20150810000000,41.375,9.1783,107,0,22.8,25.2,23.2,55,88,72,6.3,-999,1,-999,-999
20041001,20150811000000,41.375,9.1783,107,0,19.6,28.2,23.5,43,89,76,2.6,-999,0.6,-999,-999
20041001,20150812000000,41.375,9.1783,107,0,23.1,29,25.9,56,88,77,3.8,-999,0,-999,-999
20041001,20150813000000,41.375,9.1783,107,0,23.5,29.6,26.3,59,90,78,3.7,-999,0,-999,-999
20041001,20150814000000,41.375,9.1783,107,0,23.8,27.7,25.2,60,89,79,7.5,-999,0,-999,-999
20041001,20150815000000,41.375,9.1783,107,0,22.2,24.9,23,59,83,71,11,-999,0,-999,-999
20041001,20150816000000,41.375,9.1783,107,0,20.8,24.4,22.1,47,74,65,10.9,-999,0,-999,-999
20041001,20150817000000,41.375,9.1783,107,0,20.5,25.5,22.4,56,74,66,8.2,-999,0,-999,-999
20041001,20150818000000,41.375,9.1783,107,0,20.5,25.5,22.9,60,82,72,5.2,-999,0,-999,-999
20041001,20150819000000,41.375,9.1783,107,0,21,25.1,22.5,54,81,70,9.3,-999,0,-999,-999
20041001,20150820000000,41.375,9.1783,107,0,20.6,25.5,23.1,53,79,68,4.2,-999,0,-999,-999
20041001,20150821000000,41.375,9.1783,107,0,20.6,25.9,23.3,53,88,77,4.1,-999,0,-999,-999
20041001,20150822000000,41.375,9.1783,107,0,19.6,28.9,23.9,50,90,68,4.3,-999,0,-999,-999
20041001,20150823000000,41.375,9.1783,107,0,20.6,31.6,25.3,44,90,73,5.4,-999,1,-999,-999
20041001,20150824000000,41.375,9.1783,107,0,23.5,28.6,25.6,59,92,79,5.7,-999,0,-999,-999
20041001,20150825000000,41.375,9.1783,107,0,22.6,25.2,23.6,46,90,65,10.3,-999,0,-999,-999
20041001,20150826000000,41.375,9.1783,107,0,20.7,29.1,23.9,47,85,64,4.1,-999,0,-999,-999
20041001,20150827000000,41.375,9.1783,107,0,19.7,30.2,24.5,38,90,69,4,-999,0,-999,-999
20041001,20150828000000,41.375,9.1783,107,0,20.7,29.9,24.8,48,93,76,4.4,-999,0.4,-999,-999
20041001,20150829000000,41.375,9.1783,107,0,21.2,29.4,24.9,59,93,79,5.7,-999,0,-999,-999
20041001,20150830000000,41.375,9.1783,107,0,23,30.8,26.1,49,94,78,5.7,-999,0.4,-999,-999
20041001,20150831000000,41.375,9.1783,107,0,22.5,31.8,26.2,34,95,77,4.6,-999,0.4,-999,-999
20041001,20150901000000,41.375,9.1783,107,0,21.8,29.7,25.5,48,95,77,4.3,-999,0,-999,-999
20041001,20150902000000,41.375,9.1783,107,0,23,25.8,24.1,58,89,73,8.8,-999,0,-999,-999
20041001,20150903000000,41.375,9.1783,107,0,22.1,28.7,23.9,37,79,68,5.9,-999,0,-999,-999
20041001,20150904000000,41.375,9.1783,107,0,21.5,25.2,22.7,57,84,72,6.6,-999,1,-999,-999
20041001,20150905000000,41.375,9.1783,107,0,20.7,25,22.2,47,76,61,12.3,-999,0,-999,-999
20041001,20150906000000,41.375,9.1783,107,0,20,21.8,20.7,50,70,62,8.5,-999,0,-999,-999
20041001,20150907000000,41.375,9.1783,107,0,18.8,24.9,21.5,52,84,68,2.9,-999,0,-999,-999
20041001,20150908000000,41.375,9.1783,107,0,17.9,26.7,22,43,86,60,6.3,-999,0,-999,-999
20041001,20150909000000,41.375,9.1783,107,0,19.5,25.8,21.9,43,66,53,5.9,-999,0,-999,-999
20041001,20150910000000,41.375,9.1783,107,0,17.7,25.9,21.9,40,72,55,3.4,-999,0,-999,-999
20041001,20150911000000,41.375,9.1783,107,0,18.9,27.3,22.2,46,85,66,4,-999,0,-999,-999
20041001,20150912000000,41.375,9.1783,107,0,20.1,28,23.6,55,88,75,7.4,-999,0,-999,-999
20041001,20150913000000,41.375,9.1783,107,0,22.5,32.1,25.8,47,94,77,4.6,-999,0,-999,-999
20041001,20150914000000,41.375,9.1783,107,0,21.3,26.7,24.3,69,93,82,7.4,-999,0,-999,-999
20041001,20150915000000,41.375,9.1783,107,0,21.4,29,24,50,92,73,3.3,-999,0,-999,-999
20041001,20150916000000,41.375,9.1783,107,0,21.5,29.7,24.3,36,83,71,3.2,-999,0,-999,-999
20041001,20150917000000,41.375,9.1783,107,0,21.3,28.4,24.1,60,95,83,7.3,-999,0,-999,-999
20041001,20150918000000,41.375,9.1783,107,0,21.9,24.7,22.6,52,91,72,9.3,-999,0,-999,-999
20041001,20150919000000,41.375,9.1783,107,0,20.1,23.7,21.4,54,77,66,9.9,-999,0,-999,-999
20041001,20150920000000,41.375,9.1783,107,0,19,24.6,21.2,37,79,65,6.2,-999,0.2,-999,-999
20041001,20150921000000,41.375,9.1783,107,0,18.5,23.8,20.9,57,81,66,6.3,-999,0,-999,-999
20041001,20150922000000,41.375,9.1783,107,0,18.8,23.1,21.1,58,76,66,8.3,-999,0,-999,-999
20041001,20150923000000,41.375,9.1783,107,0,14.5,21.6,18.9,52,89,66,10.5,-999,2.8,-999,-999
20041001,20150924000000,41.375,9.1783,107,0,15.5,23.9,19.3,39,76,59,4.4,-999,0,-999,-999
20041001,20150925000000,41.375,9.1783,107,0,17.3,23.5,20.4,40,74,60,2.4,-999,0,-999,-999
20041001,20150926000000,41.375,9.1783,107,0,18.4,24.7,20.6,46,83,65,4.8,-999,0,-999,-999
20041001,20150927000000,41.375,9.1783,107,0,17.6,24.3,20.6,49,83,61,6.6,-999,0,-999,-999
20041001,20150928000000,41.375,9.1783,107,0,17.9,23.9,20,50,70,60,7.9,-999,0,-999,-999
20041001,20150929000000,41.375,9.1783,107,0,17.7,22.5,19.4,50,67,60,9.5,-999,0,-999,-999
20041001,20150930000000,41.375,9.1783,107,0,13.7,19.9,16.7,54,92,74,10.9,-999,6.2,-999,-999
20041001,20151001000000,41.375,9.1783,107,0,13.4,19.1,16.5,69,97,90,12,-999,134.2,-999,-999
20041001,20151002000000,41.375,9.1783,107,0,15.4,19.6,18,68,97,84,9.1,-999,0.6,-999,-999
20041001,20151003000000,41.375,9.1783,107,0,15.3,22.8,19.4,56,91,78,5.1,-999,0,-999,-999
20041001,20151004000000,41.375,9.1783,107,0,18.3,25.9,21.7,38,91,72,2.9,-999,0,-999,-999
20041001,20151005000000,41.375,9.1783,107,0,20,23.5,21.6,74,94,87,6.2,-999,0,-999,-999
20041001,20151006000000,41.375,9.1783,107,0,19.6,24.4,22.1,72,93,83,6.1,-999,0,-999,-999
20041001,20151007000000,41.375,9.1783,107,0,18.3,21.9,19.6,60,90,74,12.6,-999,0,-999,-999
20041001,20151008000000,41.375,9.1783,107,0,17.3,21.5,18.9,58,83,68,4,-999,0,-999,-999
20041001,20151009000000,41.375,9.1783,107,0,15,20.1,17.2,70,96,84,6.5,-999,8.1,-999,-999
20041001,20151010000000,41.375,9.1783,107,0,15,18.8,16.9,65,92,81,5,-999,1.8,-999,-999
20041001,20151011000000,41.375,9.1783,107,0,15.5,21.4,19.4,72,85,78,6.7,-999,0,-999,-999
20041001,20151012000000,41.375,9.1783,107,0,18.7,23.7,20,47,92,79,3.8,-999,0,-999,-999
20041001,20151013000000,41.375,9.1783,107,0,17.4,22.8,19.9,66,93,83,4.2,-999,3.8,-999,-999
20041001,20151014000000,41.375,9.1783,107,0,16.1,18.3,17.4,62,94,85,6.2,-999,7.2,-999,-999
20041001,20151015000000,41.375,9.1783,107,0,14.1,16.4,15.5,53,74,63,13,-999,0,-999,-999
20041001,20151016000000,41.375,9.1783,107,0,14.5,17.4,15.7,54,74,63,10.3,-999,0,-999,-999
20041001,20151017000000,41.375,9.1783,107,0,12.6,18.9,15.7,52,88,68,3.9,-999,0,-999,-999
20041001,20151018000000,41.375,9.1783,107,0,13.7,21.6,17.8,68,94,83,6.2,-999,0,-999,-999
20041001,20151019000000,41.375,9.1783,107,0,15.9,21.9,18.3,62,90,81,2.8,-999,0,-999,-999
20041001,20151020000000,41.375,9.1783,107,0,15.6,18.9,16.8,55,92,82,5.4,-999,1.2,-999,-999
20041001,20151021000000,41.375,9.1783,107,0,15.5,16.4,16,46,73,62,8,-999,0,-999,-999
20041001,20151022000000,41.375,9.1783,107,0,14.2,20.3,16,39,78,56,3.7,-999,0,-999,-999
20041001,20151023000000,41.375,9.1783,107,0,11.8,19.6,16.1,47,81,63,3.7,-999,0,-999,-999
20041001,20151024000000,41.375,9.1783,107,0,13.9,20.2,16.3,56,87,71,3.9,-999,0,-999,-999
20041001,20151025000000,41.375,9.1783,107,0,13.1,19.9,15.8,68,94,86,3.6,-999,0,-999,-999
20041001,20151026000000,41.375,9.1783,107,0,14.7,18.7,17,85,95,92,5.7,-999,1.8,-999,-999
20041001,20151027000000,41.375,9.1783,107,0,16.4,19.9,17.7,77,96,92,5.3,-999,2.6,-999,-999
20041001,20151028000000,41.375,9.1783,107,0,16.5,20.9,18.7,66,96,85,5.4,-999,9.1,-999,-999
20041001,20151029000000,41.375,9.1783,107,0,13.5,18.6,16.1,57,86,72,9.5,-999,1,-999,-999
20041001,20151030000000,41.375,9.1783,107,0,11.9,20.2,15.8,52,81,69,2.5,-999,0,-999,-999
20041001,20151031000000,41.375,9.1783,107,0,14.3,18.9,16.9,56,79,66,8.6,-999,0,-999,-999
20041001,20151101000000,41.375,9.1783,107,0,15.2,18.8,16.3,59,73,65,8.7,-999,0,-999,-999
20041001,20151102000000,41.375,9.1783,107,0,14.8,19,16.3,63,83,74,7.7,-999,0,-999,-999
20041001,20151103000000,41.375,9.1783,107,0,15.3,20.2,17.3,75,96,87,7.3,-999,0.8,-999,-999
20041001,20151104000000,41.375,9.1783,107,0,16.1,22,17.5,71,96,92,4.3,-999,0.6,-999,-999
20041001,20151105000000,41.375,9.1783,107,0,14.9,20.5,17.4,70,97,87,2.9,-999,0,-999,-999
20041001,20151106000000,41.375,9.1783,107,0,14,20.1,16.5,71,95,86,3,-999,0.2,-999,-999
20041001,20151107000000,41.375,9.1783,107,0,13.6,18.8,16.5,74,97,87,2.8,-999,0.4,-999,-999
20041001,20151108000000,41.375,9.1783,107,0,15.1,19.3,16.9,68,93,86,3.8,-999,0,-999,-999
20041001,20151109000000,41.375,9.1783,107,0,15.4,18.5,17.2,67,91,80,9.1,-999,0,-999,-999
20041001,20151110000000,41.375,9.1783,107,0,15.3,20.2,17.4,66,92,82,2.3,-999,0.2,-999,-999
20041001,20151111000000,41.375,9.1783,107,0,14.3,19.8,16.6,66,94,83,2.5,-999,0,-999,-999
20041001,20151112000000,41.375,9.1783,107,0,14.1,18.7,16.5,63,93,79,2.3,-999,0,-999,-999
20041001,20151113000000,41.375,9.1783,107,0,15.5,18.4,16.8,66,87,76,2.1,-999,0,-999,-999
20041001,20151114000000,41.375,9.1783,107,0,15.9,19,17.2,69,84,76,2.6,-999,0,-999,-999
20041001,20151115000000,41.375,9.1783,107,0,15.5,18.4,16.9,66,82,76,2.5,-999,0,-999,-999
20041001,20151116000000,41.375,9.1783,107,0,12.8,19.7,15.7,58,93,80,1.7,-999,0.2,-999,-999
20041001,20151117000000,41.375,9.1783,107,0,13,18.1,16.4,63,94,81,5.2,-999,0,-999,-999
20041001,20151118000000,41.375,9.1783,107,0,15.1,19.8,16.2,70,93,84,3.8,-999,0.2,-999,-999
20041001,20151119000000,41.375,9.1783,107,0,13.7,18.3,16.7,69,93,81,3.7,-999,0,-999,-999
20041001,20151120000000,41.375,9.1783,107,0,15.3,18.8,17.4,72,90,81,12.5,-999,0.2,-999,-999
20041001,20151121000000,41.375,9.1783,107,0,13.6,18.2,15,34,91,70,19.6,-999,4.8,-999,-999
20041001,20151122000000,41.375,9.1783,107,0,8.3,13.9,10.6,44,78,62,9.3,-999,3,-999,-999
20041001,20151123000000,41.375,9.1783,107,0,8.1,13.5,12,48,80,61,4.9,-999,0.4,-999,-999
20041001,20151124000000,41.375,9.1783,107,0,8,15.5,11.2,62,86,74,3.7,-999,0,-999,-999
20041001,20151125000000,41.375,9.1783,107,0,7.7,13.5,11.2,60,90,73,7.9,-999,3.8,-999,-999
20041001,20151126000000,41.375,9.1783,107,0,7.6,13.7,9.9,33,90,58,6,-999,0,-999,-999
20041001,20151127000000,41.375,9.1783,107,0,9,15,11.3,43,71,52,4.5,-999,0,-999,-999
20041001,20151128000000,41.375,9.1783,107,0,8.3,14,12.2,51,73,63,8.3,-999,0,-999,-999
20041001,20151129000000,41.375,9.1783,107,0,10.3,14.6,13.5,54,81,67,10,-999,0,-999,-999
20041001,20151130000000,41.375,9.1783,107,0,13.2,15.5,14.4,63,78,72,14.2,-999,0,-999,-999
20041001,20151201000000,41.375,9.1783,107,0,13.8,15.4,14.5,67,80,71,13.6,-999,0,-999,-999
20041001,20151202000000,41.375,9.1783,107,0,12.9,16.2,13.8,61,81,70,5.5,-999,0,-999,-999
20041001,20151203000000,41.375,9.1783,107,0,10.2,15.7,12.3,56,77,70,2,-999,0,-999,-999
20041001,20151204000000,41.375,9.1783,107,0,10.6,15.7,12.6,54,78,66,2.5,-999,0,-999,-999
20041001,20151205000000,41.375,9.1783,107,0,10.3,15.7,13.4,58,88,74,3.2,-999,0.4,-999,-999
20041001,20151206000000,41.375,9.1783,107,0,12.1,16,13.9,76,89,84,5.5,-999,0.2,-999,-999
20041001,20151207000000,41.375,9.1783,107,0,12.7,16.2,14.1,71,91,83,6.1,-999,0.2,-999,-999
20041001,20151208000000,41.375,9.1783,107,0,11.7,17.4,13.8,71,92,86,3.3,-999,0.2,-999,-999
20041001,20151209000000,41.375,9.1783,107,0,12.3,15.2,13.8,71,93,82,5.1,-999,0,-999,-999
20041001,20151210000000,41.375,9.1783,107,0,9.5,16.9,12.7,44,84,71,2.4,-999,0,-999,-999
20041001,20151211000000,41.375,9.1783,107,0,9.5,14.6,12.5,52,87,75,7.4,-999,0,-999,-999
20041001,20151212000000,41.375,9.1783,107,0,12,15.8,12.8,55,84,70,6.7,-999,0,-999,-999
20041001,20151213000000,41.375,9.1783,107,0,8.4,15.7,11.1,59,86,78,2.7,-999,0,-999,-999
20041001,20151214000000,41.375,9.1783,107,0,9,17.5,11.8,60,88,75,2.7,-999,0.2,-999,-999
20041001,20151215000000,41.375,9.1783,107,0,9.5,14.6,12.5,67,91,81,3.8,-999,1,-999,-999
20041001,20151216000000,41.375,9.1783,107,0,12,14,12.9,80,94,89,3.4,-999,0,-999,-999
20041001,20151217000000,41.375,9.1783,107,0,8.9,16.6,12.6,56,94,84,2.4,-999,0,-999,-999
20041001,20151218000000,41.375,9.1783,107,0,11.4,14.8,13.7,82,93,89,3.7,-999,0.2,-999,-999
20041001,20151219000000,41.375,9.1783,107,0,11.5,16.8,13.7,76,96,89,2.2,-999,0.4,-999,-999
20041001,20151220000000,41.375,9.1783,107,0,10.9,15.9,12.6,75,96,91,4.1,-999,0.4,-999,-999
20041001,20151221000000,41.375,9.1783,107,0,11.1,16.9,13.4,56,95,83,3,-999,0,-999,-999
20041001,20151222000000,41.375,9.1783,107,0,10.7,15.6,13.3,77,92,87,3,-999,0.4,-999,-999
20041001,20151223000000,41.375,9.1783,107,0,10.9,15.3,12.3,75,96,89,2,-999,0.4,-999,-999
20041001,20151224000000,41.375,9.1783,107,0,10.1,17,12.5,68,95,88,-999,-999,0.4,-999,-999
20041001,20151225000000,41.375,9.1783,107,0,9.8,15.7,12.4,77,95,90,-999,-999,0,-999,-999
20041001,20151226000000,41.375,9.1783,107,0,11.7,15.7,12.5,79,96,91,-999,-999,0.6,-999,-999
20041001,20151227000000,41.375,9.1783,107,0,9.7,15.9,11.9,71,97,89,-999,-999,0.2,-999,-999
20041001,20151228000000,41.375,9.1783,107,0,9.2,15.7,11.9,66,94,83,-999,-999,0.2,-999,-999
20041001,20151229000000,41.375,9.1783,107,0,8.2,16.4,12.3,63,89,80,-999,-999,5.7,-999,-999
20041001,20151230000000,41.375,9.1783,107,0,11.9,15.2,13.1,79,94,88,-999,-999,15.3,-999,-999
20041001,20151231000000,41.375,9.1783,107,0,8.9,14.1,10.7,65,90,81,-999,-999,0,-999,-999
20041001,20160101000000,41.375,9.1783,107,0,8.5,16,12.3,70,92,85,-999,-999,0,-999,-999
20041001,20160102000000,41.375,9.1783,107,0,11.8,15.6,14,67,93,85,-999,-999,1.2,-999,-999
20041001,20160103000000,41.375,9.1783,107,0,12.4,13.9,12.8,56,86,69,-999,-999,12.2,-999,-999
20041001,20160104000000,41.375,9.1783,107,0,11.4,14.1,13.2,65,96,82,-999,-999,3,-999,-999
20041001,20160105000000,41.375,9.1783,107,0,10.1,13.9,12,75,96,84,-999,-999,4.2,-999,-999
20041001,20160106000000,41.375,9.1783,107,0,8.4,13.2,11.1,61,89,77,-999,-999,10,-999,-999
20041001,20160107000000,41.375,9.1783,107,0,10.2,15.2,13.7,67,90,80,-999,-999,0,-999,-999
20041001,20160108000000,41.375,9.1783,107,0,14.4,16.1,15.1,82,95,89,-999,-999,0,-999,-999
20041001,20160109000000,41.375,9.1783,107,0,14.2,16.4,15.4,77,93,86,-999,-999,0.4,-999,-999
20041001,20160110000000,41.375,9.1783,107,0,14.5,15.7,15,77,94,86,-999,-999,0,-999,-999
20041001,20160111000000,41.375,9.1783,107,0,14.6,16.5,15.1,63,90,79,-999,-999,0,-999,-999
20041001,20160112000000,41.375,9.1783,107,0,11.7,14.3,12.9,49,75,64,-999,-999,0.6,-999,-999
20041001,20160113000000,41.375,9.1783,107,0,10.3,12.5,10.9,46,69,58,-999,-999,0,-999,-999
20041001,20160114000000,41.375,9.1783,107,0,9.6,14.5,13,62,92,76,-999,-999,2.6,-999,-999
20041001,20160115000000,41.375,9.1783,107,0,9.5,11.5,10.6,41,85,58,-999,-999,0,-999,-999
20041001,20160116000000,41.375,9.1783,107,0,3.8,9.9,6.7,27,80,52,-999,-999,0,-999,-999
20041001,20160117000000,41.375,9.1783,107,0,4.1,13,7.2,18,50,31,-999,-999,0,-999,-999
20041001,20160118000000,41.375,9.1783,107,0,3.6,12,6.7,20,92,51,7.3,-999,12.7,-999,-999
20041001,20160119000000,41.375,9.1783,107,0,4.2,9,6.6,59,94,80,4.7,-999,0.6,-999,-999
20041001,20160120000000,41.375,9.1783,107,0,5.8,11,9.3,59,93,84,4.2,-999,8.4,-999,-999
20041001,20160121000000,41.375,9.1783,107,0,9.2,13.3,10.6,65,89,81,3.8,-999,0,-999,-999
20041001,20160122000000,41.375,9.1783,107,0,7.6,13.3,10.2,66,92,80,3.4,-999,0,-999,-999
20041001,20160123000000,41.375,9.1783,107,0,7.2,12.2,10.1,70,89,82,4.2,-999,0,-999,-999
20041001,20160124000000,41.375,9.1783,107,0,7.5,15.1,10.8,60,89,80,2.7,-999,0.2,-999,-999
20041001,20160125000000,41.375,9.1783,107,0,10,13.8,11.5,76,89,83,4.5,-999,0.2,-999,-999
20041001,20160126000000,41.375,9.1783,107,0,9,13.7,12,83,96,89,4,-999,1.4,-999,-999
20041001,20160127000000,41.375,9.1783,107,0,11.8,14.2,12.6,78,93,88,5.5,-999,0.2,-999,-999
20041001,20160128000000,41.375,9.1783,107,0,8.9,13.8,11.7,77,95,88,3.2,-999,0,-999,-999
20041001,20160129000000,41.375,9.1783,107,0,9.9,14.1,12.8,71,91,79,4.1,-999,0,-999,-999
20041001,20160130000000,41.375,9.1783,107,0,12.3,13.8,12.7,78,89,85,5.2,-999,0,-999,-999
20041001,20160131000000,41.375,9.1783,107,0,12.4,14.4,13.5,75,90,82,14.4,-999,0,-999,-999
20041001,20160201000000,41.375,9.1783,107,0,13.4,15,14.1,79,91,86,6.6,-999,0,-999,-999
20041001,20160202000000,41.375,9.1783,107,0,12.8,14.7,13.5,78,91,84,8,-999,0,-999,-999
20041001,20160203000000,41.375,9.1783,107,0,12.2,14.1,12.7,42,87,73,14.7,-999,0,-999,-999
20041001,20160204000000,41.375,9.1783,107,0,8.5,14.8,11.3,27,68,54,7.2,-999,0,-999,-999
20041001,20160205000000,41.375,9.1783,107,0,10.6,15.3,12.4,61,89,75,4.2,-999,0.2,-999,-999
20041001,20160206000000,41.375,9.1783,107,0,8.5,15.6,12,65,95,83,4.4,-999,0,-999,-999
20041001,20160207000000,41.375,9.1783,107,0,10.4,16.5,12.8,58,90,80,4.5,-999,4.6,-999,-999
20041001,20160208000000,41.375,9.1783,107,0,10.1,13.9,12.5,64,93,78,11.5,-999,0,-999,-999
20041001,20160209000000,41.375,9.1783,107,0,12.4,15,13.6,70,88,80,9.1,-999,3.4,-999,-999
20041001,20160210000000,41.375,9.1783,107,0,10.7,12.1,11.3,53,88,68,18.2,-999,2,-999,-999
20041001,20160211000000,41.375,9.1783,107,0,8.9,12.7,10.8,58,87,72,9.5,-999,0,-999,-999
20041001,20160212000000,41.375,9.1783,107,0,10.2,14.3,12.6,73,92,83,8.6,-999,9.7,-999,-999
20041001,20160213000000,41.375,9.1783,107,0,11.3,14.7,13.2,68,93,82,10.2,-999,2.4,-999,-999
20041001,20160214000000,41.375,9.1783,107,0,12.5,14.8,13.4,63,95,81,9.3,-999,2.2,-999,-999
20041001,20160215000000,41.375,9.1783,107,0,9,15.1,10.6,60,94,88,4.2,-999,17.6,-999,-999
20041001,20160217000000,41.375,9.1783,107,0,8.1,13.9,10.9,69,93,79,5.7,-999,0,-999,-999
20041001,20160218000000,41.375,9.1783,107,0,8.6,12.9,10.2,57,86,70,6.8,-999,1,-999,-999
20041001,20160219000000,41.375,9.1783,107,0,9.4,12.1,10.8,53,74,63,13.5,-999,0,-999,-999
20041001,20160220000000,41.375,9.1783,107,0,9.1,12.5,11,50,75,62,11.9,-999,0,-999,-999
20041001,20160221000000,41.375,9.1783,107,0,10.6,13.9,12.7,70,91,81,11.9,-999,0,-999,-999
20041001,20160222000000,41.375,9.1783,107,0,11.4,20,13.8,26,95,77,5.2,-999,0.6,-999,-999
20041001,20160223000000,41.375,9.1783,107,0,12.3,14.4,13.3,68,95,81,13.9,-999,0,-999,-999
20041001,20160224000000,41.375,9.1783,107,0,12.5,14.2,13.1,73,88,81,12.9,-999,0,-999,-999
20041001,20160225000000,41.375,9.1783,107,0,11.6,15.7,13,65,89,79,5.8,-999,0,-999,-999
20041001,20160226000000,41.375,9.1783,107,0,10.9,13.2,11.8,64,86,73,8.8,-999,0,-999,-999
20041001,20160227000000,41.375,9.1783,107,0,9.2,14.9,11.7,61,91,80,5.1,-999,1.4,-999,-999
20041001,20160228000000,41.375,9.1783,107,0,7.8,11.5,9.5,79,95,88,4.7,-999,43.5,-999,-999
20041001,20160229000000,41.375,9.1783,107,0,8.3,13.2,10.6,72,96,83,7.7,-999,23.3,-999,-999
20041001,20160301000000,41.375,9.1783,107,0,8.1,14.5,11.5,68,90,78,5.5,-999,0,-999,-999
20041001,20160302000000,41.375,9.1783,107,0,10.9,13.5,12.1,61,90,77,12.5,-999,2.2,-999,-999
20041001,20160303000000,41.375,9.1783,107,0,10.2,12.5,11.5,45,72,59,17.8,-999,0.2,-999,-999
20041001,20160304000000,41.375,9.1783,107,0,9.9,12.8,11.2,52,86,68,7.2,-999,0,-999,-999
20041001,20160305000000,41.375,9.1783,107,0,9.1,17.2,11.7,43,94,70,10,-999,11.5,-999,-999
20041001,20160306000000,41.375,9.1783,107,0,7.7,11.4,10.2,46,86,65,10.5,-999,4.1,-999,-999
20041001,20160307000000,41.375,9.1783,107,0,8.2,12,10.3,45,64,56,12.5,-999,3.4,-999,-999
20041001,20160308000000,41.375,9.1783,107,0,7.4,10.5,9,49,88,63,10.1,-999,0.2,-999,-999
20041001,20160309000000,41.375,9.1783,107,0,4.2,12,8.3,49,86,72,3.4,-999,2.8,-999,-999
20041001,20160310000000,41.375,9.1783,107,0,6.2,14.5,9.9,52,89,74,6.1,-999,1.2,-999,-999
20041001,20160311000000,41.375,9.1783,107,0,6.9,14.2,10.5,62,92,75,6.7,-999,0,-999,-999
20041001,20160312000000,41.375,9.1783,107,0,9.6,15.7,11.7,56,82,71,5.4,-999,0,-999,-999
20041001,20160313000000,41.375,9.1783,107,0,7.4,15.9,11,52,74,64,4.5,-999,0,-999,-999
20041001,20160314000000,41.375,9.1783,107,0,9.3,15.6,11.6,53,69,62,5.3,-999,0,-999,-999
20041001,20160315000000,41.375,9.1783,107,0,8.5,13.3,10.7,-999,-999,74,4.8,-999,1.6,-999,-999
20041001,20160316000000,41.375,9.1783,107,0,7.7,16,10.6,51,93,78,3.5,-999,39,-999,-999
20041001,20160317000000,41.375,9.1783,107,0,7.7,11.8,9.9,83,94,91,5.2,-999,17.5,-999,-999
20041001,20160318000000,41.375,9.1783,107,0,8.8,14.5,11.8,70,88,81,5.2,-999,0,-999,-999
20041001,20160319000000,41.375,9.1783,107,0,9.7,16,12.4,66,94,81,3.6,-999,0.4,-999,-999
20041001,20160320000000,41.375,9.1783,107,0,10.1,15.4,13.2,75,94,88,8,-999,0,-999,-999
20041001,20160321000000,41.375,9.1783,107,0,12.6,17.3,13.7,72,94,86,6.6,-999,0,-999,-999
20041001,20160322000000,41.375,9.1783,107,0,10.1,16.6,14,62,91,77,8.2,-999,12.1,-999,-999
20041001,20160323000000,41.375,9.1783,107,0,9,16.1,11.2,55,92,75,4,-999,4.5,-999,-999
20041001,20160324000000,41.375,9.1783,107,0,7.9,16.3,12,31,77,54,4.4,-999,0,-999,-999
20041001,20160325000000,41.375,9.1783,107,0,9.9,13.8,12.3,63,85,76,7.8,-999,0,-999,-999
20041001,20160326000000,41.375,9.1783,107,0,10.7,16.1,13.4,67,86,77,4.2,-999,0,-999,-999
20041001,20160327000000,41.375,9.1783,107,0,10.8,17,13.4,55,93,75,3.9,-999,1.8,-999,-999
20041001,20160328000000,41.375,9.1783,107,0,11.9,15.3,13.4,69,94,83,8.1,-999,0,-999,-999
20041001,20160329000000,41.375,9.1783,107,0,12.8,16.9,14.3,54,92,81,6.3,-999,0,-999,-999
20041001,20160330000000,41.375,9.1783,107,0,11.7,21.2,15.3,42,91,70,6.4,-999,0,-999,-999
20041001,20160331000000,41.375,9.1783,107,0,13,16.8,14.5,78,94,89,10.9,-999,0,-999,-999
20041001,20160401000000,41.375,9.1783,107,0,13.3,18.9,14.9,72,95,90,8,-999,0,-999,-999
20041001,20160402000000,41.375,9.1783,107,0,13.9,16.8,14.8,69,94,83,8.5,-999,0,-999,-999
20041001,20160403000000,41.375,9.1783,107,0,12.4,19.6,15.5,67,94,83,5.3,-999,0,-999,-999
20041001,20160404000000,41.375,9.1783,107,0,12.6,19.2,15.2,69,95,86,7.2,-999,0,-999,-999
20041001,20160405000000,41.375,9.1783,107,0,14,18.7,15.4,71,96,85,10.3,-999,0.2,-999,-999
20041001,20160406000000,41.375,9.1783,107,0,13.2,22.2,16.9,34,86,58,4.8,-999,0,-999,-999
20041001,20160407000000,41.375,9.1783,107,0,12.3,16.6,14.3,81,96,91,3.6,-999,0,-999,-999
20041001,20160408000000,41.375,9.1783,107,0,11.9,14,13,61,88,72,13,-999,0,-999,-999
20041001,20160409000000,41.375,9.1783,107,0,9.5,12.6,10.8,59,89,74,6.9,-999,3.8,-999,-999
20041001,20160410000000,41.375,9.1783,107,0,8.9,15,13,71,88,80,5.1,-999,0,-999,-999
20041001,20160411000000,41.375,9.1783,107,0,10.1,18.6,14.5,62,95,83,6.3,-999,0,-999,-999
20041001,20160412000000,41.375,9.1783,107,0,12.2,19.7,15.3,68,94,85,5,-999,0.2,-999,-999
20041001,20160413000000,41.375,9.1783,107,0,12.6,17.5,14.9,76,95,90,6.4,-999,0,-999,-999
20041001,20160414000000,41.375,9.1783,107,0,13.7,15.9,14.7,65,93,83,8.8,-999,0,-999,-999
20041001,20160415000000,41.375,9.1783,107,0,13,21.3,16.2,36,94,73,4.4,-999,0.2,-999,-999
20041001,20160416000000,41.375,9.1783,107,0,12.9,24.1,17.5,36,93,73,4.2,-999,0,-999,-999
20041001,20160417000000,41.375,9.1783,107,0,14.7,20.7,16.9,54,95,81,6.2,-999,0,-999,-999
20041001,20160418000000,41.375,9.1783,107,0,14.8,18.1,15.5,66,95,83,8.3,-999,0,-999,-999
20041001,20160419000000,41.375,9.1783,107,0,12.2,19.3,14.4,44,82,65,6.5,-999,0,-999,-999
20041001,20160420000000,41.375,9.1783,107,0,12.4,20.7,16.1,44,93,68,8.6,-999,0,-999,-999
20041001,20160421000000,41.375,9.1783,107,0,13.2,18.5,15.6,65,93,82,6.4,-999,0.2,-999,-999
20041001,20160422000000,41.375,9.1783,107,0,13.3,17.7,15,76,93,87,5.6,-999,0,-999,-999
20041001,20160423000000,41.375,9.1783,107,0,13.9,15.9,14.8,75,88,82,10.5,-999,-999,-999,-999
20041001,20160424000000,41.375,9.1783,107,0,12.6,15.1,13.7,53,84,67,18.3,-999,0,-999,-999
20041001,20160425000000,41.375,9.1783,107,0,10.8,15.6,12.9,39,70,61,8.6,-999,0,-999,-999
20041001,20160426000000,41.375,9.1783,107,0,12,15.6,13.9,57,82,70,12.7,-999,0,-999,-999
20041001,20160427000000,41.375,9.1783,107,0,13.2,15.5,14,63,83,71,10.9,-999,0,-999,-999
20041001,20160428000000,41.375,9.1783,107,0,12.7,18.7,14.6,56,89,75,3.9,-999,0,-999,-999
20041001,20160429000000,41.375,9.1783,107,0,11.2,18.2,15,14,92,78,2.8,-999,0,-999,-999
20041001,20160430000000,41.375,9.1783,107,0,11.2,19,14.3,66,96,83,6.5,-999,2.4,-999,-999
20041001,20160501000000,41.375,9.1783,107,0,10.6,13.7,11.9,58,91,71,10.2,-999,5.8,-999,-999
20041001,20160502000000,41.375,9.1783,107,0,9,15.6,13,64,96,84,4,-999,6.3,-999,-999
20041001,20160503000000,41.375,9.1783,107,0,12.4,16.5,14.8,69,90,84,5.9,-999,0,-999,-999
20041001,20160504000000,41.375,9.1783,107,0,14,22.4,17.5,38,89,62,3.1,-999,0,-999,-999
20041001,20160505000000,41.375,9.1783,107,0,11.9,21.6,17,42,87,65,5.1,-999,0,-999,-999
20041001,20160506000000,41.375,9.1783,107,0,14.4,20,16.6,60,94,77,7.3,-999,0,-999,-999
20041001,20160507000000,41.375,9.1783,107,0,13.9,18.9,15.5,72,94,85,7,-999,0.6,-999,-999
20041001,20160508000000,41.375,9.1783,107,0,13,19.3,16.1,68,96,84,6.7,-999,0,-999,-999
20041001,20160509000000,41.375,9.1783,107,0,15,19.8,17,73,97,87,10.5,-999,0.2,-999,-999
20041001,20160510000000,41.375,9.1783,107,0,16.1,19.1,16.9,82,99,92,9.8,-999,1,-999,-999
20041001,20160511000000,41.375,9.1783,107,0,15.4,20.1,16.4,77,99,94,6.4,-999,0,-999,-999
20041001,20160512000000,41.375,9.1783,107,0,15,17.1,15.9,80,98,90,8.5,-999,0,-999,-999
20041001,20160513000000,41.375,9.1783,107,0,15.3,17.1,15.9,80,94,88,10.3,-999,9.1,-999,-999
20041001,20160514000000,41.375,9.1783,107,0,13.8,16.1,15.3,80,99,89,10.4,-999,0,-999,-999
20041001,20160515000000,41.375,9.1783,107,0,14.9,16.2,15.4,72,92,82,7.8,-999,0,-999,-999
20041001,20160516000000,41.375,9.1783,107,0,14.6,16.5,15.3,66,86,76,6.8,-999,0,-999,-999
20041001,20160517000000,41.375,9.1783,107,0,14.3,16.8,15.4,65,89,77,6.8,-999,0,-999,-999
20041001,20160518000000,41.375,9.1783,107,0,13.2,19.3,16,56,88,74,3,-999,0,-999,-999
20041001,20160519000000,41.375,9.1783,107,0,14,16.9,15.3,68,92,82,10.6,-999,0.4,-999,-999
20041001,20160520000000,41.375,9.1783,107,0,12.6,20.3,16.5,60,94,77,2.8,-999,0,-999,-999
20041001,20160521000000,41.375,9.1783,107,0,15,18.8,16.7,76,96,89,3.6,-999,0.2,-999,-999
20041001,20160522000000,41.375,9.1783,107,0,13.6,25.7,19.5,33,97,66,5.3,-999,0,-999,-999
20041001,20160523000000,41.375,9.1783,107,0,15.2,16.2,15.7,63,94,73,16.3,-999,0,-999,-999
20041001,20160524000000,41.375,9.1783,107,0,14.9,16.5,15.5,66,85,75,13.4,-999,0,-999,-999
20041001,20160525000000,41.375,9.1783,107,0,13.6,22.3,17.3,45,95,76,5.7,-999,0.2,-999,-999
20041001,20160526000000,41.375,9.1783,107,0,14.8,21.7,18.2,67,96,83,9.9,-999,0,-999,-999
20041001,20160527000000,41.375,9.1783,107,0,15.9,23.9,19.3,60,97,83,7.7,-999,0,-999,-999
20041001,20160528000000,41.375,9.1783,107,0,16.2,21.8,17.9,60,99,89,4.6,-999,1.4,-999,-999
20041001,20160529000000,41.375,9.1783,107,0,16.6,19.1,17.6,67,95,89,6.4,-999,0,-999,-999
20041001,20160530000000,41.375,9.1783,107,0,16.2,19.1,17.4,68,96,85,7.8,-999,0,-999,-999
20041001,20160531000000,41.375,9.1783,107,0,16,19.5,17.3,76,91,85,7.3,-999,0,-999,-999
20041001,20160601000000,41.375,9.1783,107,0,15.4,18.2,16.6,68,92,82,10.2,-999,1,-999,-999
20041001,20160602000000,41.375,9.1783,107,0,15.8,18.4,16.5,77,98,90,8.4,-999,4.5,-999,-999
20041001,20160603000000,41.375,9.1783,107,0,15.4,20.2,17.5,82,99,92,5.5,-999,0,-999,-999
20041001,20160604000000,41.375,9.1783,107,0,15.5,24.3,19.3,42,99,76,2.8,-999,0,-999,-999
20041001,20160605000000,41.375,9.1783,107,0,16.6,23.4,19.3,46,97,80,3.3,-999,0,-999,-999
20041001,20160606000000,41.375,9.1783,107,0,16.6,22.2,19.5,62,95,80,3.2,-999,0,-999,-999
20041001,20160607000000,41.375,9.1783,107,0,16.5,24,19.6,64,98,88,3.3,-999,0,-999,-999
20041001,20160608000000,41.375,9.1783,107,0,17.9,21.7,19.7,84,100,93,6.2,-999,0,-999,-999
20041001,20160609000000,41.375,9.1783,107,0,18.8,22.6,20.1,79,99,89,6.4,-999,0,-999,-999
20041001,20160610000000,41.375,9.1783,107,0,17.5,26.2,21,50,99,83,3.1,-999,0,-999,-999
20041001,20160611000000,41.375,9.1783,107,0,18,23.3,20,70,99,91,4.4,-999,0.2,-999,-999
20041001,20160612000000,41.375,9.1783,107,0,18.6,21,19.5,71,96,83,9.5,-999,0,-999,-999
20041001,20160613000000,41.375,9.1783,107,0,18.1,20.4,19.3,79,94,85,9.8,-999,0,-999,-999
20041001,20160614000000,41.375,9.1783,107,0,18,19.5,18.5,73,87,81,13,-999,0,-999,-999
20041001,20160615000000,41.375,9.1783,107,0,17.1,27.3,20.3,39,94,78,6.4,-999,0,-999,-999
20041001,20160616000000,41.375,9.1783,107,0,18.4,26.3,20.9,61,98,87,7.9,-999,0.2,-999,-999
20041001,20160617000000,41.375,9.1783,107,0,17.2,23,20.4,57,90,77,6.3,-999,0,-999,-999
20041001,20160618000000,41.375,9.1783,107,0,18.9,22.9,20.4,50,92,75,5.8,-999,0,-999,-999
20041001,20160619000000,41.375,9.1783,107,0,16.8,20.7,18.4,66,94,78,3.9,-999,3.9,-999,-999
20041001,20160620000000,41.375,9.1783,107,0,16.7,23.2,20.1,55,89,77,2.7,-999,0,-999,-999
20041001,20160621000000,41.375,9.1783,107,0,17.8,25.9,21,43,94,76,2.5,-999,0,-999,-999
20041001,20160622000000,41.375,9.1783,107,0,17.6,26.3,21.8,53,97,80,1.9,-999,0,-999,-999
20041001,20160623000000,41.375,9.1783,107,0,19.7,25.5,22.1,61,98,84,3.7,-999,0,-999,-999
20041001,20160624000000,41.375,9.1783,107,0,20.2,23.5,21.9,72,96,85,4.6,-999,0,-999,-999
20041001,20160625000000,41.375,9.1783,107,0,20.5,24.6,21.9,66,97,88,7,-999,0,-999,-999
20041001,20160626000000,41.375,9.1783,107,0,20.4,23.4,21.4,78,97,87,8.7,-999,0,-999,-999
20041001,20160627000000,41.375,9.1783,107,0,19.6,21.7,20.3,67,90,78,10.7,-999,0,-999,-999
20041001,20160628000000,41.375,9.1783,107,0,18.4,25.6,21.2,62,95,83,5.2,-999,0,-999,-999
20041001,20160629000000,41.375,9.1783,107,0,18.4,27.1,21.8,54,97,83,3,-999,0,-999,-999
20041001,20160630000000,41.375,9.1783,107,0,19.7,30.1,23.9,49,98,82,3.8,-999,0,-999,-999
20041001,20160701000000,41.375,9.1783,107,0,20.3,26.8,23.3,69,98,87,1.6,-999,0,-999,-999
20041001,20160702000000,41.375,9.1783,107,0,20.7,24.2,22.9,77,97,88,6.8,-999,0,-999,-999
20041001,20160703000000,41.375,9.1783,107,0,20.8,23.3,21.5,63,96,78,10.2,-999,0,-999,-999
20041001,20160704000000,41.375,9.1783,107,0,19.5,29,23.5,52,96,76,4.1,-999,0.2,-999,-999
20041001,20160705000000,41.375,9.1783,107,0,18.8,31.5,24.7,42,98,76,3.1,-999,0,-999,-999
20041001,20160706000000,41.375,9.1783,107,0,21.6,25.7,23,76,97,88,6,-999,0,-999,-999
20041001,20160707000000,41.375,9.1783,107,0,21.2,27.4,23.6,52,93,83,3.7,-999,0,-999,-999
20041001,20160708000000,41.375,9.1783,107,0,21.1,25.3,22.9,72,94,84,6.9,-999,0,-999,-999
20041001,20160709000000,41.375,9.1783,107,0,21.4,28.2,24.4,59,95,83,2.8,-999,0,-999,-999
20041001,20160710000000,41.375,9.1783,107,0,21,30.7,25.4,52,97,82,5.6,-999,0.2,-999,-999
20041001,20160711000000,41.375,9.1783,107,0,22.2,30.9,26,51,98,84,5.6,-999,0.2,-999,-999
20041001,20160712000000,41.375,9.1783,107,0,22.6,27.4,25,68,99,86,4.5,-999,0,-999,-999
20041001,20160713000000,41.375,9.1783,107,0,20.9,24.7,22.6,55,94,73,13.7,-999,0,-999,-999
20041001,20160714000000,41.375,9.1783,107,0,18.6,20.2,19.2,54,76,68,12.9,-999,0,-999,-999
20041001,20160715000000,41.375,9.1783,107,0,16.5,27.2,20.6,36,84,66,3.4,-999,0.4,-999,-999
20041001,20160716000000,41.375,9.1783,107,0,17.2,24.3,21,52,86,72,4.2,-999,0,-999,-999
20041001,20160717000000,41.375,9.1783,107,0,18.5,26.3,22.4,44,91,73,4,-999,0,-999,-999
20041001,20160718000000,41.375,9.1783,107,0,19.2,29.4,23.6,40,93,69,2.2,-999,0,-999,-999
20041001,20160719000000,41.375,9.1783,107,0,19.6,26.6,23.1,47,88,69,2.5,-999,0,-999,-999
20041001,20160720000000,41.375,9.1783,107,0,19.2,25.1,22.8,57,81,70,3.9,-999,0,-999,-999
20041001,20160721000000,41.375,9.1783,107,0,19.6,30.7,24.1,26,91,66,2.4,-999,0,-999,-999
20041001,20160722000000,41.375,9.1783,107,0,21.3,28.9,24.6,60,94,81,8.2,-999,0.2,-999,-999
20041001,20160723000000,41.375,9.1783,107,0,22.2,32,25.1,45,94,77,6.5,-999,0,-999,-999
20041001,20160724000000,41.375,9.1783,107,0,20.7,30.8,22.8,48,95,81,3.2,-999,2.8,-999,-999
20041001,20160725000000,41.375,9.1783,107,0,20.2,24.7,22.9,77,95,88,4.7,-999,0,-999,-999
20041001,20160726000000,41.375,9.1783,107,0,21.7,25.7,23,79,96,89,6.4,-999,0,-999,-999
20041001,20160727000000,41.375,9.1783,107,0,21.7,25.8,23.3,79,95,88,6.1,-999,0,-999,-999
20041001,20160728000000,41.375,9.1783,107,0,22.3,24.8,23.1,74,93,86,6.6,-999,0,-999,-999
20041001,20160729000000,41.375,9.1783,107,0,21.9,25.5,23.4,79,96,89,5.9,-999,0.2,-999,-999
20041001,20160730000000,41.375,9.1783,107,0,20.7,26.6,23.9,66,96,83,4.6,-999,0,-999,-999
20041001,20160731000000,41.375,9.1783,107,0,20.8,32.3,25.7,34,95,76,6.1,-999,0,-999,-999
20041001,20160801000000,41.375,9.1783,107,0,22.6,24.1,23,70,92,80,8.9,-999,0,-999,-999
20041001,20160802000000,41.375,9.1783,107,0,21.2,26.9,23.5,68,93,83,4.8,-999,0,-999,-999
20041001,20160803000000,41.375,9.1783,107,0,22.2,26.4,23.7,70,96,86,5,-999,0,-999,-999
20041001,20160804000000,41.375,9.1783,107,0,21.9,27.2,24.2,69,96,86,4.2,-999,0,-999,-999
20041001,20160805000000,41.375,9.1783,107,0,22.2,24.9,23.1,65,95,79,10.2,-999,0,-999,-999
20041001,20160806000000,41.375,9.1783,107,0,20.7,29.5,24.2,38,85,66,4.7,-999,0,-999,-999
20041001,20160807000000,41.375,9.1783,107,0,21,30.4,25,35,68,54,4.3,-999,0,-999,-999
20041001,20160808000000,41.375,9.1783,107,0,20.7,30.3,25,34,86,62,3,-999,0,-999,-999
20041001,20160809000000,41.375,9.1783,107,0,21.8,26.4,23.8,59,88,79,7.4,-999,0,-999,-999
20041001,20160810000000,41.375,9.1783,107,0,21.6,23.9,22.4,59,88,71,9.9,-999,0,-999,-999
20041001,20160811000000,41.375,9.1783,107,0,21.5,26.5,23.1,41,83,71,3.2,-999,1.4,-999,-999
20041001,20160812000000,41.375,9.1783,107,0,19.3,28.1,23.4,27,74,51,4.5,-999,0,-999,-999
20041001,20160813000000,41.375,9.1783,107,0,18.5,29.8,24,33,89,64,4.4,-999,0,-999,-999
20041001,20160814000000,41.375,9.1783,107,0,18.9,30.1,24.7,37,92,70,1.5,-999,0,-999,-999
20041001,20160815000000,41.375,9.1783,107,0,19.6,31.6,24.9,31,96,70,3.1,-999,0.2,-999,-999
20041001,20160816000000,41.375,9.1783,107,0,20.2,27.3,23.9,55,95,77,3.6,-999,0,-999,-999
20041001,20160817000000,41.375,9.1783,107,0,22.6,25.3,23.5,59,90,78,7.2,-999,0,-999,-999
20041001,20160818000000,41.375,9.1783,107,0,22.5,25.8,23.9,78,94,88,7.4,-999,0,-999,-999
20041001,20160819000000,41.375,9.1783,107,0,22.4,26.9,23.9,74,95,88,4.3,-999,0.2,-999,-999
20041001,20160820000000,41.375,9.1783,107,0,20.9,30.1,25,56,98,83,5.1,-999,0,-999,-999
20041001,20160821000000,41.375,9.1783,107,0,22.1,25.2,23.5,66,96,79,9.5,-999,0,-999,-999
20041001,20160822000000,41.375,9.1783,107,0,22,30.1,25.1,38,76,60,3.9,-999,0,-999,-999
20041001,20160823000000,41.375,9.1783,107,0,22.3,30.2,24.8,28,88,55,6.4,-999,0,-999,-999
20041001,20160824000000,41.375,9.1783,107,0,20.7,29.9,25.5,32,82,52,5.3,-999,0,-999,-999
20041001,20160825000000,41.375,9.1783,107,0,21.6,30.3,25.6,38,88,60,4.5,-999,0,-999,-999
20041001,20160826000000,41.375,9.1783,107,0,19.6,30.6,24.9,40,94,70,3.3,-999,0,-999,-999
20041001,20160827000000,41.375,9.1783,107,0,20.6,30.6,25.1,34,95,76,3.9,-999,0,-999,-999
20041001,20160828000000,41.375,9.1783,107,0,22,26.6,23.8,65,96,83,6.7,-999,0,-999,-999
20041001,20160829000000,41.375,9.1783,107,0,21.4,25.8,23.7,78,92,86,6.5,-999,0,-999,-999
20041001,20160830000000,41.375,9.1783,107,0,21.9,30,24.5,50,94,79,3.6,-999,0,-999,-999
20041001,20160831000000,41.375,9.1783,107,0,21.5,28.7,23.3,55,91,76,4.9,-999,0,-999,-999
20041001,20160901000000,41.375,9.1783,107,0,19.9,27.4,23.7,72,93,84,3.4,-999,0,-999,-999
20041001,20160902000000,41.375,9.1783,107,0,22.1,26.1,24.2,77,93,86,5.7,-999,0,-999,-999
20041001,20160903000000,41.375,9.1783,107,0,22.5,26.4,24.1,71,96,87,7.5,-999,0,-999,-999
20041001,20160904000000,41.375,9.1783,107,0,22.9,26.4,24.2,78,95,88,7.2,-999,0,-999,-999
20041001,20160905000000,41.375,9.1783,107,0,23.8,26.5,24.6,71,96,85,5.9,-999,0,-999,-999
20041001,20160906000000,41.375,9.1783,107,0,21.6,29.5,24,31,95,63,6.5,-999,1.4,-999,-999
20041001,20160907000000,41.375,9.1783,107,0,16.9,27.4,22.7,44,89,62,5.7,-999,0,-999,-999
20041001,20160908000000,41.375,9.1783,107,0,20.5,27.3,23.1,56,94,74,3.6,-999,2.8,-999,-999
20041001,20160909000000,41.375,9.1783,107,0,21.2,26.8,23.9,68,91,82,3.6,-999,0,-999,-999
20041001,20160910000000,41.375,9.1783,107,0,22.3,27.5,24.1,70,94,86,2.8,-999,0,-999,-999
20041001,20160911000000,41.375,9.1783,107,0,22.6,27.3,24,73,95,86,2.6,-999,0,-999,-999
20041001,20160912000000,41.375,9.1783,107,0,21.9,29.2,24.1,51,95,76,3.5,-999,0.2,-999,-999
20041001,20160913000000,41.375,9.1783,107,0,19.6,30,23.8,42,98,78,4,-999,0,-999,-999
20041001,20160914000000,41.375,9.1783,107,0,20.7,28.4,24,60,96,81,5.2,-999,3.8,-999,-999
20041001,20160915000000,41.375,9.1783,107,0,20,25.8,22.5,60,97,83,3.2,-999,7.3,-999,-999
20041001,20160916000000,41.375,9.1783,107,0,19.6,24.8,22,61,99,81,7.5,-999,1.8,-999,-999
20041001,20160917000000,41.375,9.1783,107,0,16.6,23,20.7,53,96,74,11.5,-999,7.4,-999,-999
20041001,20160918000000,41.375,9.1783,107,0,15.8,21,19.3,56,95,72,8.4,-999,5.1,-999,-999
20041001,20160919000000,41.375,9.1783,107,0,17.8,22.3,20.6,66,84,76,6.3,-999,0,-999,-999
20041001,20160920000000,41.375,9.1783,107,0,19.8,22.6,21,61,85,71,7.7,-999,0,-999,-999
20041001,20160921000000,41.375,9.1783,107,0,20.1,22.7,21.1,59,84,72,11,-999,0,-999,-999
20041001,20160922000000,41.375,9.1783,107,0,17.6,26.7,21.2,48,84,69,2.7,-999,0,-999,-999
20041001,20160923000000,41.375,9.1783,107,0,17.1,26,20.7,55,89,75,2.6,-999,0,-999,-999
20041001,20160924000000,41.375,9.1783,107,0,17.5,25.9,20.9,53,92,76,4.5,-999,0,-999,-999
20041001,20160925000000,41.375,9.1783,107,0,18,26.1,21.5,36,87,66,3.4,-999,0,-999,-999
20041001,20160926000000,41.375,9.1783,107,0,16.8,25.3,21,52,84,68,2.6,-999,0,-999,-999
20041001,20160927000000,41.375,9.1783,107,0,17.2,25.1,20.8,48,79,67,3.2,-999,0,-999,-999
20041001,20160928000000,41.375,9.1783,107,0,18.2,25.4,20.9,43,83,63,5.4,-999,0,-999,-999
20041001,20160929000000,41.375,9.1783,107,0,15.9,25.3,20.1,37,92,67,2.7,-999,0,-999,-999
20041001,20160930000000,41.375,9.1783,107,0,15.3,26.5,21.1,36,87,67,3,-999,0,-999,-999
20041001,20161001000000,41.375,9.1783,107,0,18.4,27.9,21.5,62,96,85,4.2,-999,4.4,-999,-999
20041001,20161002000000,41.375,9.1783,107,0,19.3,22.7,21.2,76,93,84,7.9,-999,0,-999,-999
20041001,20161003000000,41.375,9.1783,107,0,19.8,23.2,21,64,92,76,7.9,-999,0,-999,-999
20041001,20161004000000,41.375,9.1783,107,0,17.7,22.6,19.4,53,76,67,3.1,-999,0,-999,-999
20041001,20161005000000,41.375,9.1783,107,0,15.7,23.8,19.8,36,76,63,4.9,-999,0,-999,-999
20041001,20161006000000,41.375,9.1783,107,0,15.5,22.2,19,62,95,82,6.1,-999,67.8,-999,-999
20041001,20161007000000,41.375,9.1783,107,0,16.3,21,18.7,50,86,70,9.8,-999,0,-999,-999
20041001,20161008000000,41.375,9.1783,107,0,17.6,21.7,19.4,61,80,73,7.9,-999,0,-999,-999
20041001,20161009000000,41.375,9.1783,107,0,16.3,19.8,18.2,58,79,69,6.2,-999,0,-999,-999
20041001,20161010000000,41.375,9.1783,107,0,15.4,20,17.1,54,85,69,4,-999,0,-999,-999
20041001,20161011000000,41.375,9.1783,107,0,12.7,17.8,15.1,55,90,67,7.1,-999,0.6,-999,-999
20041001,20161012000000,41.375,9.1783,107,0,11.6,19.5,15.5,48,74,62,5.8,-999,0,-999,-999
20041001,20161013000000,41.375,9.1783,107,0,14.8,21.8,17.9,60,95,80,10.5,-999,0.6,-999,-999
20041001,20161014000000,41.375,9.1783,107,0,16.7,25.2,20,71,96,86,6,-999,2.6,-999,-999
20041001,20161015000000,41.375,9.1783,107,0,18.1,21.6,19.7,72,89,81,4.8,-999,0,-999,-999
20041001,20161016000000,41.375,9.1783,107,0,14.5,23.1,18.4,60,93,81,2.7,-999,0.2,-999,-999
20041001,20161017000000,41.375,9.1783,107,0,14.6,22.2,17.9,63,94,83,1.8,-999,0.2,-999,-999
20041001,20161018000000,41.375,9.1783,107,0,16.4,20,18.6,65,90,82,4,-999,0.4,-999,-999
20041001,20161019000000,41.375,9.1783,107,0,16.7,19.4,18.3,58,84,68,10.9,-999,0,-999,-999
20041001,20161020000000,41.375,9.1783,107,0,16.2,17.8,16.9,59,72,67,13,-999,0,-999,-999
20041001,20161021000000,41.375,9.1783,107,0,14.6,18.3,16,61,74,67,6.7,-999,0,-999,-999
20041001,20161022000000,41.375,9.1783,107,0,13.5,19.9,16.8,52,92,72,2.7,-999,0.2,-999,-999
20041001,20161023000000,41.375,9.1783,107,0,16.1,23.7,19.8,72,95,87,6.7,-999,0.2,-999,-999
20041001,20161024000000,41.375,9.1783,107,0,19,22.1,20.9,88,98,94,9.3,-999,0.2,-999,-999
20041001,20161025000000,41.375,9.1783,107,0,19.6,23.4,20.5,78,99,93,7,-999,0.2,-999,-999
20041001,20161026000000,41.375,9.1783,107,0,18.9,22.1,19.8,86,99,96,5,-999,0,-999,-999
20041001,20161027000000,41.375,9.1783,107,0,16.9,23.6,19.1,39,98,67,7.6,-999,0.2,-999,-999
20041001,20161028000000,41.375,9.1783,107,0,15.4,21.6,17.3,46,80,62,5.4,-999,0,-999,-999
20041001,20161029000000,41.375,9.1783,107,0,14.1,21.3,17.3,35,91,73,3,-999,0.2,-999,-999
20041001,20161030000000,41.375,9.1783,107,0,12.5,22.4,17.2,49,96,82,2.5,-999,0.2,-999,-999
20041001,20161031000000,41.375,9.1783,107,0,13.8,22.2,16.8,46,97,82,1.7,-999,0.4,-999,-999
20041001,20161101000000,41.375,9.1783,107,0,14.2,19.4,17.6,73,96,85,5.9,-999,0,-999,-999
20041001,20161102000000,41.375,9.1783,107,0,16.7,20.2,18.3,72,94,84,6.2,-999,2.7,-999,-999
20041001,20161103000000,41.375,9.1783,107,0,16.8,19.1,17.5,64,85,74,10.6,-999,0,-999,-999
20041001,20161104000000,41.375,9.1783,107,0,15.3,19.7,17.1,64,94,77,5.5,-999,0,-999,-999
20041001,20161105000000,41.375,9.1783,107,0,15.4,22.4,19.8,55,96,79,7.8,-999,5.4,-999,-999
20041001,20161106000000,41.375,9.1783,107,0,15,19.9,17.1,56,98,78,11.4,-999,7.5,-999,-999
20041001,20161107000000,41.375,9.1783,107,0,11.8,15.3,13.5,55,86,69,6.7,-999,1.2,-999,-999
20041001,20161108000000,41.375,9.1783,107,0,12.4,13.8,12.8,50,67,60,10.6,-999,0,-999,-999
20041001,20161109000000,41.375,9.1783,107,0,10.5,15.2,13.4,51,92,65,11.7,-999,4.1,-999,-999
20041001,20161110000000,41.375,9.1783,107,0,13.9,16.5,15.3,50,85,65,16.1,-999,3.6,-999,-999
20041001,20161111000000,41.375,9.1783,107,0,12.8,17.1,15.4,52,87,69,18.3,-999,3.1,-999,-999
20041001,20161112000000,41.375,9.1783,107,0,10.7,16,13.3,54,82,66,6.2,-999,0,-999,-999
