13085004,20140101000000,43.254167,5.594333,248,5,3.7,11.4,8.6,-999,-999,-999,-999,-999,-999,-999,-999
13085004,20140102000000,43.254167,5.594333,248,5,9.3,13.6,10.4,-999,-999,-999,-999,-999,-999,-999,-999
13085004,20140103000000,43.254167,5.594333,248,5,5.5,13.7,11.2,-999,-999,-999,-999,-999,-999,-999,-999
13085004,20140104000000,43.254167,5.594333,248,5,11,12.9,11.5,-999,-999,-999,-999,-999,-999,-999,-999
13085004,20140105000000,43.254167,5.594333,248,5,5.8,10.8,8.2,-999,-999,-999,-999,-999,-999,-999,-999
13085004,20140106000000,43.254167,5.594333,248,5,3.8,14.7,9.5,-999,-999,-999,-999,-999,-999,-999,-999
13085004,20140107000000,43.254167,5.594333,248,5,8.3,13.5,11.7,-999,-999,-999,-999,-999,-999,-999,-999
13085004,20140108000000,43.254167,5.594333,248,5,10.9,14.1,11.9,-999,-999,-999,-999,-999,-999,-999,-999
13085004,20140109000000,43.254167,5.594333,248,5,8.4,-999,10.5,-999,-999,-999,-999,-999,-999,-999,-999
13085004,20140116000000,43.254167,5.594333,248,5,3.8,12.2,10.7,-999,-999,-999,-999,-999,-999,-999,-999
13085004,20140117000000,43.254167,5.594333,248,5,9.5,12.9,11.2,-999,-999,-999,-999,-999,-999,-999,-999
13085004,20140118000000,43.254167,5.594333,248,5,9.1,11.6,10.4,-999,-999,-999,-999,-999,-999,-999,-999
13085004,20140119000000,43.254167,5.594333,248,5,8,11.1,9.4,-999,-999,-999,-999,-999,-999,-999,-999
13085004,20140120000000,43.254167,5.594333,248,5,6.2,8,7,-999,-999,-999,-999,-999,-999,-999,-999
13085004,20140121000000,43.254167,5.594333,248,5,4.6,10,5.6,-999,-999,-999,-999,-999,-999,-999,-999
13085004,20140122000000,43.254167,5.594333,248,5,-1,10.7,4,-999,-999,-999,-999,-999,-999,-999,-999
13085004,20140123000000,43.254167,5.594333,248,5,1.7,11.4,7.1,-999,-999,-999,-999,-999,-999,-999,-999
13085004,20140124000000,43.254167,5.594333,248,5,4.7,8.4,6.1,-999,-999,-999,-999,-999,-999,-999,-999
13085004,20140125000000,43.254167,5.594333,248,5,-1.1,12.1,5.6,-999,-999,-999,-999,-999,-999,-999,-999
13085004,20140126000000,43.254167,5.594333,248,5,7.1,13,10.5,-999,-999,-999,-999,-999,-999,-999,-999
13085004,20140127000000,43.254167,5.594333,248,5,7.8,10.5,8.9,-999,-999,-999,-999,-999,-999,-999,-999
13085004,20140128000000,43.254167,5.594333,248,5,2.1,8.3,4.9,-999,-999,-999,-999,-999,-999,-999,-999
13085004,20140129000000,43.254167,5.594333,248,5,2.5,7.8,6.1,-999,-999,-999,-999,-999,-999,-999,-999
13085004,20140130000000,43.254167,5.594333,248,5,4,5.7,5.2,-999,-999,-999,-999,-999,-999,-999,-999
13085004,20140201000000,43.254167,5.594333,248,5,-0.5,10.9,5.6,-999,-999,-999,-999,-999,-999,-999,-999
13085004,20140202000000,43.254167,5.594333,248,5,4.2,6.8,5.6,-999,-999,-999,-999,-999,-999,-999,-999
13085004,20140203000000,43.254167,5.594333,248,5,2.7,11.8,7.1,-999,-999,-999,-999,-999,-999,-999,-999
13085004,20140204000000,43.254167,5.594333,248,5,6.1,10.8,7.9,-999,-999,-999,-999,-999,-999,-999,-999
13085004,20140205000000,43.254167,5.594333,248,5,6,10.7,8.1,-999,-999,-999,-999,-999,-999,-999,-999
13085004,20140206000000,43.254167,5.594333,248,5,2.3,13.1,8.6,-999,-999,-999,-999,-999,-999,-999,-999
13085004,20140207000000,43.254167,5.594333,248,5,9.1,11.9,9.7,-999,-999,-999,-999,-999,-999,-999,-999
13085004,20140208000000,43.254167,5.594333,248,5,1.1,11.4,8.2,-999,-999,-999,-999,-999,-999,-999,-999
13085004,20140209000000,43.254167,5.594333,248,5,5.5,10.4,8,-999,-999,-999,-999,-999,-999,-999,-999
13085004,20140210000000,43.254167,5.594333,248,5,7.1,11.3,8.6,-999,-999,-999,-999,-999,-999,-999,-999
13085004,20140211000000,43.254167,5.594333,248,5,5.8,11.2,7.3,-999,-999,-999,-999,-999,-999,-999,-999
13085004,20140212000000,43.254167,5.594333,248,5,3.5,11.5,7.4,-999,-999,-999,-999,-999,-999,-999,-999
13085004,20140213000000,43.254167,5.594333,248,5,1.9,15.3,8.8,-999,-999,-999,-999,-999,-999,-999,-999
13085004,20140214000000,43.254167,5.594333,248,5,7.2,14.7,11,-999,-999,-999,-999,-999,-999,-999,-999
13085004,20140215000000,43.254167,5.594333,248,5,11.1,17.2,13.1,-999,-999,-999,-999,-999,-999,-999,-999
13085004,20140216000000,43.254167,5.594333,248,5,5.5,14.6,9.7,-999,-999,-999,-999,-999,-999,-999,-999
13085004,20140217000000,43.254167,5.594333,248,5,3.3,13.3,7,-999,-999,-999,-999,-999,-999,-999,-999
13085004,20140218000000,43.254167,5.594333,248,5,3.2,16.8,11.7,-999,-999,-999,-999,-999,-999,-999,-999
13085004,20140219000000,43.254167,5.594333,248,5,9.4,13.3,10.9,-999,-999,-999,-999,-999,-999,-999,-999
13085004,20140220000000,43.254167,5.594333,248,5,7.5,16,9.9,-999,-999,-999,-999,-999,-999,-999,-999
13085004,20140221000000,43.254167,5.594333,248,5,6.5,10.9,8.9,-999,-999,-999,-999,-999,-999,-999,-999
13085004,20140222000000,43.254167,5.594333,248,5,4.5,12.5,8.7,-999,-999,-999,-999,-999,-999,-999,-999
13085004,20140223000000,43.254167,5.594333,248,5,6.4,14.9,9.3,-999,-999,-999,-999,-999,-999,-999,-999
13085004,20140224000000,43.254167,5.594333,248,5,4.5,13.9,9.3,-999,-999,-999,-999,-999,-999,-999,-999
13085004,20140225000000,43.254167,5.594333,248,5,3.4,10.6,8.4,-999,-999,-999,-999,-999,-999,-999,-999
13085004,20140226000000,43.254167,5.594333,248,5,5.7,8.3,7.2,-999,-999,-999,-999,-999,-999,-999,-999
13085004,20140227000000,43.254167,5.594333,248,5,4.3,10.1,6.9,-999,-999,-999,-999,-999,-999,-999,-999
13085004,20140228000000,43.254167,5.594333,248,5,3.7,10.4,6.8,-999,-999,-999,-999,-999,-999,-999,-999
13085004,20140301000000,43.254167,5.594333,248,5,-999,-999,6.2,-999,-999,-999,-999,-999,-999,-999,-999
13085004,20140302000000,43.254167,5.594333,248,5,1.4,13.9,6.6,-999,-999,-999,-999,-999,-999,-999,-999
13085004,20140303000000,43.254167,5.594333,248,5,2.4,10,6.8,-999,-999,-999,-999,-999,-999,-999,-999
13085004,20140304000000,43.254167,5.594333,248,5,3.5,11.6,7.2,-999,-999,-999,-999,-999,-999,-999,-999
13085004,20140305000000,43.254167,5.594333,248,5,0.7,16.3,8.2,-999,-999,-999,-999,-999,-999,-999,-999
13085004,20140306000000,43.254167,5.594333,248,5,1.2,16.7,8.5,-999,-999,-999,-999,-999,-999,-999,-999
13085004,20140307000000,43.254167,5.594333,248,5,1.1,18.1,9.8,-999,-999,-999,-999,-999,-999,-999,-999
13085004,20140308000000,43.254167,5.594333,248,5,2.5,18.7,9.7,-999,-999,-999,-999,-999,-999,-999,-999
13085004,20140309000000,43.254167,5.594333,248,5,1.4,17,8.6,-999,-999,-999,-999,-999,-999,-999,-999
13085004,20140310000000,43.254167,5.594333,248,5,1.4,16.2,8.4,-999,-999,-999,-999,-999,-999,-999,-999
13085004,20140311000000,43.254167,5.594333,248,5,3.2,16.2,8.9,-999,-999,-999,-999,-999,-999,-999,-999
13085004,20140312000000,43.254167,5.594333,248,5,2.3,17.3,8.7,-999,-999,-999,-999,-999,-999,-999,-999
13085004,20140313000000,43.254167,5.594333,248,5,0,17.5,8.4,-999,-999,-999,-999,-999,-999,-999,-999
13085004,20140314000000,43.254167,5.594333,248,5,2.2,17.9,9.7,-999,-999,-999,-999,-999,-999,-999,-999
13085004,20140315000000,43.254167,5.594333,248,5,3.6,19.5,12,-999,-999,-999,-999,-999,-999,-999,-999
13085004,20140316000000,43.254167,5.594333,248,5,9.8,21.6,13.6,-999,-999,-999,-999,-999,-999,-999,-999
13085004,20140317000000,43.254167,5.594333,248,5,5.2,20,12.5,-999,-999,-999,-999,-999,-999,-999,-999
13085004,20140318000000,43.254167,5.594333,248,5,8.5,18.6,12.4,-999,-999,-999,-999,-999,-999,-999,-999
13085004,20140319000000,43.254167,5.594333,248,5,8.1,16.9,12.1,-999,-999,-999,-999,-999,-999,-999,-999
13085004,20140320000000,43.254167,5.594333,248,5,6.8,19.4,12.9,-999,-999,-999,-999,-999,-999,-999,-999
13085004,20140321000000,43.254167,5.594333,248,5,10.5,15,12.7,-999,-999,-999,-999,-999,-999,-999,-999
13085004,20140322000000,43.254167,5.594333,248,5,10.9,12,10.8,-999,-999,-999,-999,-999,-999,-999,-999
13085004,20140323000000,43.254167,5.594333,248,5,5.6,11.8,7.4,-999,-999,-999,-999,-999,-999,-999,-999
13085004,20140324000000,43.254167,5.594333,248,5,4.2,11.1,7.5,-999,-999,-999,-999,-999,-999,-999,-999
13085004,20140325000000,43.254167,5.594333,248,5,5.6,12.3,8.9,-999,-999,-999,-999,-999,-999,-999,-999
13085004,20140326000000,43.254167,5.594333,248,5,6.6,13.4,9.2,-999,-999,-999,-999,-999,-999,-999,-999
13085004,20140327000000,43.254167,5.594333,248,5,4.2,15.4,9,-999,-999,-999,-999,-999,-999,-999,-999
13085004,20140328000000,43.254167,5.594333,248,5,0.6,15.4,8.1,-999,-999,-999,-999,-999,-999,-999,-999
13085004,20140329000000,43.254167,5.594333,248,5,4.3,21,14.8,-999,-999,-999,-999,-999,-999,-999,-999
13085004,20140330000000,43.254167,5.594333,248,5,12.9,18.8,14.2,-999,-999,-999,-999,-999,-999,-999,-999
13085004,20140331000000,43.254167,5.594333,248,5,4.6,17.2,10.7,-999,-999,-999,-999,-999,-999,-999,-999
13085004,20140401000000,43.254167,5.594333,248,5,6.8,15.6,12.3,-999,-999,-999,-999,-999,-999,-999,-999
13085004,20140402000000,43.254167,5.594333,248,5,9.1,19.7,14.4,-999,-999,-999,-999,-999,-999,-999,-999
13085004,20140403000000,43.254167,5.594333,248,5,13.5,17.3,15.2,-999,-999,-999,-999,-999,-999,-999,-999
13085004,20140404000000,43.254167,5.594333,248,5,12.2,18.5,14.1,-999,-999,-999,-999,-999,-999,-999,-999
13085004,20140405000000,43.254167,5.594333,248,5,8.3,21.3,14.9,-999,-999,-999,-999,-999,-999,-999,-999
13085004,20140406000000,43.254167,5.594333,248,5,7.1,22.5,14.4,-999,-999,-999,-999,-999,-999,-999,-999
13085004,20140407000000,43.254167,5.594333,248,5,7.2,21.8,14.3,-999,-999,-999,-999,-999,-999,-999,-999
13085004,20140408000000,43.254167,5.594333,248,5,7.9,19.1,14.1,-999,-999,-999,-999,-999,-999,-999,-999
13085004,20140409000000,43.254167,5.594333,248,5,9.5,22.1,14.5,-999,-999,-999,-999,-999,-999,-999,-999
13085004,20140410000000,43.254167,5.594333,248,5,6.4,19.8,13,-999,-999,-999,-999,-999,-999,-999,-999
13085004,20140411000000,43.254167,5.594333,248,5,7.1,19.6,12.9,-999,-999,-999,-999,-999,-999,-999,-999
13085004,20140412000000,43.254167,5.594333,248,5,6.5,18.8,13.1,-999,-999,-999,-999,-999,-999,-999,-999
13085004,20140413000000,43.254167,5.594333,248,5,9.8,20.4,14.5,-999,-999,-999,-999,-999,-999,-999,-999
13085004,20140414000000,43.254167,5.594333,248,5,7.3,21.8,15.9,-999,-999,-999,-999,-999,-999,-999,-999
13085004,20140415000000,43.254167,5.594333,248,5,12,21.1,14.8,-999,-999,-999,-999,-999,-999,-999,-999
13085004,20140416000000,43.254167,5.594333,248,5,4.5,18.6,11.1,-999,-999,-999,-999,-999,-999,-999,-999
13085004,20140417000000,43.254167,5.594333,248,5,2,17.3,11,-999,-999,-999,-999,-999,-999,-999,-999
13085004,20140418000000,43.254167,5.594333,248,5,6.4,20.3,14.1,-999,-999,-999,-999,-999,-999,-999,-999
13085004,20140419000000,43.254167,5.594333,248,5,8.3,17.3,12,-999,-999,-999,-999,-999,-999,-999,-999
13085004,20140420000000,43.254167,5.594333,248,5,8.2,14.8,11.5,-999,-999,-999,-999,-999,-999,-999,-999
13085004,20140421000000,43.254167,5.594333,248,5,9.2,17.2,12.9,-999,-999,-999,-999,-999,-999,-999,-999
13085004,20140422000000,43.254167,5.594333,248,5,8.4,19.2,14.2,-999,-999,-999,-999,-999,-999,-999,-999
13085004,20140423000000,43.254167,5.594333,248,5,10.9,20.7,15.1,-999,-999,-999,-999,-999,-999,-999,-999
13085004,20140424000000,43.254167,5.594333,248,5,9.4,24.1,16.6,-999,-999,-999,-999,-999,-999,-999,-999
13085004,20140425000000,43.254167,5.594333,248,5,10.4,18.2,13.9,-999,-999,-999,-999,-999,-999,-999,-999
13085004,20140426000000,43.254167,5.594333,248,5,9.7,20.3,15,-999,-999,-999,-999,-999,-999,-999,-999
13085004,20140427000000,43.254167,5.594333,248,5,9.6,17.9,13.6,-999,-999,-999,-999,-999,-999,-999,-999
13085004,20140428000000,43.254167,5.594333,248,5,9.4,17.9,13.4,-999,-999,-999,-999,-999,-999,-999,-999
13085004,20140429000000,43.254167,5.594333,248,5,10.7,20.3,15.5,-999,-999,-999,-999,-999,-999,-999,-999
13085004,20140430000000,43.254167,5.594333,248,5,12.2,18.5,15,-999,-999,-999,-999,-999,-999,-999,-999
13085004,20140501000000,43.254167,5.594333,248,5,9.8,21.5,15.5,-999,-999,-999,-999,-999,-999,-999,-999
13085004,20140502000000,43.254167,5.594333,248,5,11.6,17.1,13.8,-999,-999,-999,-999,-999,-999,-999,-999
13085004,20140503000000,43.254167,5.594333,248,5,12.4,20.9,15.2,-999,-999,-999,-999,-999,-999,-999,-999
13085004,20140504000000,43.254167,5.594333,248,5,7.1,21.2,14.8,-999,-999,-999,-999,-999,-999,-999,-999
13085004,20140505000000,43.254167,5.594333,248,5,7,22,14.4,-999,-999,-999,-999,-999,-999,-999,-999
13085004,20140506000000,43.254167,5.594333,248,5,5.3,20.6,14.7,-999,-999,-999,-999,-999,-999,-999,-999
13085004,20140507000000,43.254167,5.594333,248,5,13,21.8,16.9,-999,-999,-999,-999,-999,-999,-999,-999
13085004,20140508000000,43.254167,5.594333,248,5,10.9,21.7,16.6,-999,-999,-999,-999,-999,-999,-999,-999
13085004,20140509000000,43.254167,5.594333,248,5,8.5,25.4,18.2,-999,-999,-999,-999,-999,-999,-999,-999
13085004,20140510000000,43.254167,5.594333,248,5,15,24.4,18.7,-999,-999,-999,-999,-999,-999,-999,-999
13085004,20140511000000,43.254167,5.594333,248,5,13.4,19.9,18.1,-999,-999,-999,-999,-999,-999,-999,-999
13085004,20140512000000,43.254167,5.594333,248,5,12.5,20.1,15.6,-999,-999,-999,-999,-999,-999,-999,-999
13085004,20140513000000,43.254167,5.594333,248,5,11.1,18.3,14.4,-999,-999,-999,-999,-999,-999,-999,-999
13085004,20140514000000,43.254167,5.594333,248,5,9.8,20.6,15.1,-999,-999,-999,-999,-999,-999,-999,-999
13085004,20140515000000,43.254167,5.594333,248,5,10.9,22,15.7,-999,-999,-999,-999,-999,-999,-999,-999
13085004,20140516000000,43.254167,5.594333,248,5,6.5,20.6,14.5,-999,-999,-999,-999,-999,-999,-999,-999
13085004,20140517000000,43.254167,5.594333,248,5,6.2,21.2,15.1,-999,-999,-999,-999,-999,-999,-999,-999
13085004,20140518000000,43.254167,5.594333,248,5,6.7,21.4,15.9,-999,-999,-999,-999,-999,-999,-999,-999
13085004,20140519000000,43.254167,5.594333,248,5,13.3,16.7,14.6,-999,-999,-999,-999,-999,-999,-999,-999
13085004,20140520000000,43.254167,5.594333,248,5,13.9,24,18.7,-999,-999,-999,-999,-999,-999,-999,-999
13085004,20140521000000,43.254167,5.594333,248,5,15.2,26.1,20.8,-999,-999,-999,-999,-999,-999,-999,-999
13085004,20140522000000,43.254167,5.594333,248,5,17.3,20.9,18.4,-999,-999,-999,-999,-999,-999,-999,-999
13085004,20140523000000,43.254167,5.594333,248,5,13.4,22,16.9,-999,-999,-999,-999,-999,-999,-999,-999
13085004,20140524000000,43.254167,5.594333,248,5,9.3,22.9,16.3,-999,-999,-999,-999,-999,-999,-999,-999
13085004,20140525000000,43.254167,5.594333,248,5,11.1,20.8,15.7,-999,-999,-999,-999,-999,-999,-999,-999
13085004,20140526000000,43.254167,5.594333,248,5,11.3,19.7,15.3,-999,-999,-999,-999,-999,-999,-999,-999
13085004,20140527000000,43.254167,5.594333,248,5,11.1,20,15.7,-999,-999,-999,-999,-999,-999,-999,-999
13085004,20140528000000,43.254167,5.594333,248,5,11.6,21.2,15.7,-999,-999,-999,-999,-999,-999,-999,-999
13085004,20140529000000,43.254167,5.594333,248,5,9.2,22.8,17.5,-999,-999,-999,-999,-999,-999,-999,-999
13085004,20140530000000,43.254167,5.594333,248,5,12.1,24.5,18.3,-999,-999,-999,-999,-999,-999,-999,-999
13085004,20140531000000,43.254167,5.594333,248,5,11.7,22.5,16.3,-999,-999,-999,-999,-999,-999,-999,-999
13085004,20140601000000,43.254167,5.594333,248,5,9.6,22.4,16.3,-999,-999,-999,-999,-999,-999,-999,-999
13085004,20140602000000,43.254167,5.594333,248,5,9,23.5,17.9,-999,-999,-999,-999,-999,-999,-999,-999
13085004,20140603000000,43.254167,5.594333,248,5,10.8,23.6,18,-999,-999,-999,-999,-999,-999,-999,-999
13085004,20140604000000,43.254167,5.594333,248,5,13.2,22.4,18.3,-999,-999,-999,-999,-999,-999,-999,-999
13085004,20140605000000,43.254167,5.594333,248,5,-999,-999,18.1,-999,-999,-999,-999,-999,-999,-999,-999
13085004,20140606000000,43.254167,5.594333,248,5,12,26.2,21,-999,-999,-999,-999,-999,-999,-999,-999
13085004,20140607000000,43.254167,5.594333,248,5,13.7,28,21.8,-999,-999,-999,-999,-999,-999,-999,-999
13085004,20140608000000,43.254167,5.594333,248,5,13.4,32,23.4,-999,-999,-999,-999,-999,-999,-999,-999
13085004,20140609000000,43.254167,5.594333,248,5,13.1,32,24,-999,-999,-999,-999,-999,-999,-999,-999
13085004,20140610000000,43.254167,5.594333,248,5,16.5,31.6,24.3,-999,-999,-999,-999,-999,-999,-999,-999
13085004,20140611000000,43.254167,5.594333,248,5,15.2,31.2,24.2,-999,-999,-999,-999,-999,-999,-999,-999
13085004,20140612000000,43.254167,5.594333,248,5,16.4,32.6,25.2,-999,-999,-999,-999,-999,-999,-999,-999
13085004,20140613000000,43.254167,5.594333,248,5,17.2,31.5,25.8,-999,-999,-999,-999,-999,-999,-999,-999
13085004,20140614000000,43.254167,5.594333,248,5,21.3,30.8,25.1,-999,-999,-999,-999,-999,-999,-999,-999
13085004,20140615000000,43.254167,5.594333,248,5,15.1,21.6,17.7,-999,-999,-999,-999,-999,-999,-999,-999
13085004,20140616000000,43.254167,5.594333,248,5,13.5,23.4,18.5,-999,-999,-999,-999,-999,-999,-999,-999
13085004,20140617000000,43.254167,5.594333,248,5,14.3,23.9,18.6,-999,-999,-999,-999,-999,-999,-999,-999
13085004,20140618000000,43.254167,5.594333,248,5,-999,-999,17,-999,-999,-999,-999,-999,-999,-999,-999
13085004,20140619000000,43.254167,5.594333,248,5,11,26,19.6,-999,-999,-999,-999,-999,-999,-999,-999
13085004,20140620000000,43.254167,5.594333,248,5,16.4,29.2,23.1,-999,-999,-999,-999,-999,-999,-999,-999
13085004,20140621000000,43.254167,5.594333,248,5,14,26.6,21.2,-999,-999,-999,-999,-999,-999,-999,-999
13085004,20140622000000,43.254167,5.594333,248,5,13.1,28.3,21.6,-999,-999,-999,-999,-999,-999,-999,-999
13085004,20140623000000,43.254167,5.594333,248,5,15,29.2,22.5,-999,-999,-999,-999,-999,-999,-999,-999
13085004,20140624000000,43.254167,5.594333,248,5,17.7,27,23.1,-999,-999,-999,-999,-999,-999,-999,-999
13085004,20140625000000,43.254167,5.594333,248,5,17,21.6,19.4,-999,-999,-999,-999,-999,-999,-999,-999
13085004,20140626000000,43.254167,5.594333,248,5,-999,-999,21.7,-999,-999,-999,-999,-999,-999,-999,-999
13085004,20140627000000,43.254167,5.594333,248,5,16.9,29,22.1,-999,-999,-999,-999,-999,-999,-999,-999
13085004,20140628000000,43.254167,5.594333,248,5,14.7,26.8,22.5,-999,-999,-999,-999,-999,-999,-999,-999
13085004,20140629000000,43.254167,5.594333,248,5,19.2,24.5,21,-999,-999,-999,-999,-999,-999,-999,-999
13085004,20140630000000,43.254167,5.594333,248,5,15.4,24.9,20,-999,-999,-999,-999,-999,-999,-999,-999
13085004,20140701000000,43.254167,5.594333,248,5,13.9,25.8,20.5,-999,-999,-999,-999,-999,-999,-999,-999
13085004,20140702000000,43.254167,5.594333,248,5,17.7,26.5,21.7,-999,-999,-999,-999,-999,-999,-999,-999
13085004,20140703000000,43.254167,5.594333,248,5,15.6,31.7,24.5,-999,-999,-999,-999,-999,-999,-999,-999
13085004,20140704000000,43.254167,5.594333,248,5,22,28.3,24.2,-999,-999,-999,-999,-999,-999,-999,-999
13085004,20140705000000,43.254167,5.594333,248,5,17.9,28.8,22.6,-999,-999,-999,-999,-999,-999,-999,-999
13085004,20140706000000,43.254167,5.594333,248,5,16.4,27.9,22.9,-999,-999,-999,-999,-999,-999,-999,-999
13085004,20140707000000,43.254167,5.594333,248,5,16.5,25.5,20.7,-999,-999,-999,-999,-999,-999,-999,-999
13085004,20140708000000,43.254167,5.594333,248,5,15.7,23.9,19.7,-999,-999,-999,-999,-999,-999,-999,-999
13085004,20140709000000,43.254167,5.594333,248,5,15.8,21.9,18.6,-999,-999,-999,-999,-999,-999,-999,-999
13085004,20140710000000,43.254167,5.594333,248,5,13.8,21.3,18,-999,-999,-999,-999,-999,-999,-999,-999
13085004,20140711000000,43.254167,5.594333,248,5,15.9,25.5,20.2,-999,-999,-999,-999,-999,-999,-999,-999
13085004,20140712000000,43.254167,5.594333,248,5,15.8,24.8,20.6,-999,-999,-999,-999,-999,-999,-999,-999
13085004,20140713000000,43.254167,5.594333,248,5,17.2,26,21.3,-999,-999,-999,-999,-999,-999,-999,-999
13085004,20140714000000,43.254167,5.594333,248,5,17.6,28.7,22.8,-999,-999,-999,-999,-999,-999,-999,-999
13085004,20140715000000,43.254167,5.594333,248,5,14.7,28,22.1,-999,-999,-999,-999,-999,-999,-999,-999
13085004,20140716000000,43.254167,5.594333,248,5,15,30.6,24.3,-999,-999,-999,-999,-999,-999,-999,-999
13085004,20140717000000,43.254167,5.594333,248,5,16.3,30.7,23.5,-999,-999,-999,-999,-999,-999,-999,-999
13085004,20140718000000,43.254167,5.594333,248,5,14.5,30.4,23.4,-999,-999,-999,-999,-999,-999,-999,-999
13085004,20140719000000,43.254167,5.594333,248,5,17.4,32.8,27,-999,-999,-999,-999,-999,-999,-999,-999
13085004,20140720000000,43.254167,5.594333,248,5,22.2,28.3,24.1,-999,-999,-999,-999,-999,-999,-999,-999
13085004,20140721000000,43.254167,5.594333,248,5,17.4,25.4,21.4,-999,-999,-999,-999,-999,-999,-999,-999
13085004,20140722000000,43.254167,5.594333,248,5,19.2,29.9,23.5,-999,-999,-999,-999,-999,-999,-999,-999
13085004,20140723000000,43.254167,5.594333,248,5,15.7,28.6,22.9,-999,-999,-999,-999,-999,-999,-999,-999
13085004,20140724000000,43.254167,5.594333,248,5,17.5,28,23.4,-999,-999,-999,-999,-999,-999,-999,-999
13085004,20140725000000,43.254167,5.594333,248,5,18.3,28.2,22,-999,-999,-999,-999,-999,-999,-999,-999
13085004,20140726000000,43.254167,5.594333,248,5,16.2,29.3,23.3,-999,-999,-999,-999,-999,-999,-999,-999
13085004,20140727000000,43.254167,5.594333,248,5,19.3,30.6,25,-999,-999,-999,-999,-999,-999,-999,-999
13085004,20140728000000,43.254167,5.594333,248,5,19.6,28,22.5,-999,-999,-999,-999,-999,-999,-999,-999
13085004,20140729000000,43.254167,5.594333,248,5,16.1,23.6,19.5,-999,-999,-999,-999,-999,-999,-999,-999
13085004,20140730000000,43.254167,5.594333,248,5,16.7,27.5,22.5,-999,-999,-999,-999,-999,-999,-999,-999
13085004,20140731000000,43.254167,5.594333,248,5,18.4,29.8,23.7,-999,-999,-999,-999,-999,-999,-999,-999
13085004,20140801000000,43.254167,5.594333,248,5,16,28.9,22.7,-999,-999,-999,-999,-999,-999,-999,-999
13085004,20140802000000,43.254167,5.594333,248,5,16.4,26.2,21.3,-999,-999,-999,-999,-999,-999,-999,-999
13085004,20140803000000,43.254167,5.594333,248,5,16.3,26.7,21.5,-999,-999,-999,-999,-999,-999,-999,-999
13085004,20140804000000,43.254167,5.594333,248,5,16.2,28.7,23.5,-999,-999,-999,-999,-999,-999,-999,-999
13085004,20140805000000,43.254167,5.594333,248,5,18.2,28,23.2,-999,-999,-999,-999,-999,-999,-999,-999
13085004,20140806000000,43.254167,5.594333,248,5,14.4,30,24,-999,-999,-999,-999,-999,-999,-999,-999
13085004,20140807000000,43.254167,5.594333,248,5,19.8,30.5,24.5,-999,-999,-999,-999,-999,-999,-999,-999
13085004,20140808000000,43.254167,5.594333,248,5,18.2,28.6,24,-999,-999,-999,-999,-999,-999,-999,-999
13085004,20140809000000,43.254167,5.594333,248,5,18.1,28.7,23.6,-999,-999,-999,-999,-999,-999,-999,-999
13085004,20140810000000,43.254167,5.594333,248,5,20.1,31.1,25.6,-999,-999,-999,-999,-999,-999,-999,-999
13085004,20140811000000,43.254167,5.594333,248,5,19.1,30.8,25.4,-999,-999,-999,-999,-999,-999,-999,-999
13085004,20140812000000,43.254167,5.594333,248,5,18.2,30.2,23.4,-999,-999,-999,-999,-999,-999,-999,-999
13085004,20140813000000,43.254167,5.594333,248,5,-999,-999,20.7,-999,-999,-999,-999,-999,-999,-999,-999
13085004,20140814000000,43.254167,5.594333,248,5,15.2,23.8,19.9,-999,-999,-999,-999,-999,-999,-999,-999
13085004,20140815000000,43.254167,5.594333,248,5,16.1,23.9,20.3,-999,-999,-999,-999,-999,-999,-999,-999
13085004,20140816000000,43.254167,5.594333,248,5,15.6,24.4,19.6,-999,-999,-999,-999,-999,-999,-999,-999
13085004,20140817000000,43.254167,5.594333,248,5,10.7,25.8,18.5,-999,-999,-999,-999,-999,-999,-999,-999
13085004,20140818000000,43.254167,5.594333,248,5,10.1,24.9,19.4,-999,-999,-999,-999,-999,-999,-999,-999
13085004,20140819000000,43.254167,5.594333,248,5,19.1,26.7,21.8,-999,-999,-999,-999,-999,-999,-999,-999
13085004,20140820000000,43.254167,5.594333,248,5,14.2,25,19.7,-999,-999,-999,-999,-999,-999,-999,-999
13085004,20140821000000,43.254167,5.594333,248,5,14.8,25.4,19.4,-999,-999,-999,-999,-999,-999,-999,-999
13085004,20140822000000,43.254167,5.594333,248,5,13.8,25.4,20,-999,-999,-999,-999,-999,-999,-999,-999
13085004,20140823000000,43.254167,5.594333,248,5,17.3,24.5,20.8,-999,-999,-999,-999,-999,-999,-999,-999
13085004,20140824000000,43.254167,5.594333,248,5,16.5,23.9,19.8,-999,-999,-999,-999,-999,-999,-999,-999
13085004,20140825000000,43.254167,5.594333,248,5,12.1,26.7,20,-999,-999,-999,-999,-999,-999,-999,-999
13085004,20140826000000,43.254167,5.594333,248,5,17.5,26.2,22.8,-999,-999,-999,-999,-999,-999,-999,-999
13085004,20140827000000,43.254167,5.594333,248,5,18.9,27.3,22.9,-999,-999,-999,-999,-999,-999,-999,-999
13085004,20140828000000,43.254167,5.594333,248,5,17.8,29.8,22.8,-999,-999,-999,-999,-999,-999,-999,-999
13085004,20140829000000,43.254167,5.594333,248,5,-999,-999,21.3,-999,-999,-999,-999,-999,-999,-999,-999
13085004,20140830000000,43.254167,5.594333,248,5,16.1,27.8,22.2,-999,-999,-999,-999,-999,-999,-999,-999
13085004,20140831000000,43.254167,5.594333,248,5,14,27.9,21.7,-999,-999,-999,-999,-999,-999,-999,-999
13085004,20140901000000,43.254167,5.594333,248,5,16.3,25.8,20.7,-999,-999,-999,-999,-999,-999,-999,-999
13085004,20140902000000,43.254167,5.594333,248,5,12.2,28.3,19.7,-999,-999,-999,-999,-999,-999,-999,-999
13085004,20140903000000,43.254167,5.594333,248,5,11,26.1,19.1,-999,-999,-999,-999,-999,-999,-999,-999
13085004,20140904000000,43.254167,5.594333,248,5,11.8,27.1,19.3,-999,-999,-999,-999,-999,-999,-999,-999
13085004,20140905000000,43.254167,5.594333,248,5,13.2,28.6,20.9,-999,-999,-999,-999,-999,-999,-999,-999
13085004,20140906000000,43.254167,5.594333,248,5,14.6,27.9,21,-999,-999,-999,-999,-999,-999,-999,-999
13085004,20140907000000,43.254167,5.594333,248,5,14.2,26.9,21.3,-999,-999,-999,-999,-999,-999,-999,-999
13085004,20140908000000,43.254167,5.594333,248,5,19,26.5,22.5,-999,-999,-999,-999,-999,-999,-999,-999
13085004,20140909000000,43.254167,5.594333,248,5,17.1,27.3,21.6,-999,-999,-999,-999,-999,-999,-999,-999
13085004,20140910000000,43.254167,5.594333,248,5,15.2,27.9,21.2,-999,-999,-999,-999,-999,-999,-999,-999
13085004,20140911000000,43.254167,5.594333,248,5,15.7,27.4,21.1,-999,-999,-999,-999,-999,-999,-999,-999
13085004,20140912000000,43.254167,5.594333,248,5,13.4,27.4,19.6,-999,-999,-999,-999,-999,-999,-999,-999
13085004,20140913000000,43.254167,5.594333,248,5,11,25.4,18.4,-999,-999,-999,-999,-999,-999,-999,-999
13085004,20140914000000,43.254167,5.594333,248,5,13.2,25.2,20,-999,-999,-999,-999,-999,-999,-999,-999
13085004,20140915000000,43.254167,5.594333,248,5,17.2,25.7,19.9,-999,-999,-999,-999,-999,-999,-999,-999
13085004,20140916000000,43.254167,5.594333,248,5,15.6,25.5,20.5,-999,-999,-999,-999,-999,-999,-999,-999
13085004,20140917000000,43.254167,5.594333,248,5,18.9,26,21.7,-999,-999,-999,-999,-999,-999,-999,-999
13085004,20140918000000,43.254167,5.594333,248,5,17.9,26.2,22.4,-999,-999,-999,-999,-999,-999,-999,-999
13085004,20140919000000,43.254167,5.594333,248,5,18,27.2,22.6,-999,-999,-999,-999,-999,-999,-999,-999
13085004,20140920000000,43.254167,5.594333,248,5,20.1,26.8,22.1,-999,-999,-999,-999,-999,-999,-999,-999
13085004,20140921000000,43.254167,5.594333,248,5,16.5,25.7,21.1,-999,-999,-999,-999,-999,-999,-999,-999
13085004,20140922000000,43.254167,5.594333,248,5,17.4,23.6,18.9,-999,-999,-999,-999,-999,-999,-999,-999
13085004,20140923000000,43.254167,5.594333,248,5,12.9,24.2,19.4,-999,-999,-999,-999,-999,-999,-999,-999
13085004,20140924000000,43.254167,5.594333,248,5,15.6,20.5,17,-999,-999,-999,-999,-999,-999,-999,-999
13085004,20140925000000,43.254167,5.594333,248,5,12.9,21.7,15.9,-999,-999,-999,-999,-999,-999,-999,-999
13085004,20140926000000,43.254167,5.594333,248,5,10.2,24,17.3,-999,-999,-999,-999,-999,-999,-999,-999
13085004,20140927000000,43.254167,5.594333,248,5,10.7,24.5,17.4,-999,-999,-999,-999,-999,-999,-999,-999
13085004,20140928000000,43.254167,5.594333,248,5,9.8,27.1,19.6,-999,-999,-999,-999,-999,-999,-999,-999
13085004,20140929000000,43.254167,5.594333,248,5,18.5,25,21.6,-999,-999,-999,-999,-999,-999,-999,-999
13085004,20140930000000,43.254167,5.594333,248,5,16.8,18.9,17.6,-999,-999,-999,-999,-999,-999,-999,-999
13085004,20141001000000,43.254167,5.594333,248,5,16.5,24.2,18.9,-999,-999,-999,-999,-999,-999,-999,-999
13085004,20141002000000,43.254167,5.594333,248,5,14,24.3,18.3,-999,-999,-999,-999,-999,-999,-999,-999
13085004,20141003000000,43.254167,5.594333,248,5,12.9,24.5,17.6,-999,-999,-999,-999,-999,-999,-999,-999
13085004,20141004000000,43.254167,5.594333,248,5,10.9,23.4,17,-999,-999,-999,-999,-999,-999,-999,-999
13085004,20141005000000,43.254167,5.594333,248,5,11.8,19.9,15,-999,-999,-999,-999,-999,-999,-999,-999
13085004,20141006000000,43.254167,5.594333,248,5,11.7,21.6,17.9,-999,-999,-999,-999,-999,-999,-999,-999
13085004,20141007000000,43.254167,5.594333,248,5,16.7,22,19.2,-999,-999,-999,-999,-999,-999,-999,-999
13085004,20141008000000,43.254167,5.594333,248,5,18.5,24.8,21.1,-999,-999,-999,-999,-999,-999,-999,-999
13085004,20150128000000,43.254167,5.594333,248,5,2.1,9.2,5.1,-999,-999,-999,-999,-999,-999,-999,-999
13085004,20150129000000,43.254167,5.594333,248,5,3.3,10.5,7.8,-999,-999,-999,-999,-999,-999,-999,-999
13085004,20150130000000,43.254167,5.594333,248,5,4,7.9,6.2,-999,-999,-999,-999,-999,-999,-999,-999
13085004,20150131000000,43.254167,5.594333,248,5,-1,8.5,4.1,-999,-999,-999,-999,-999,-999,-999,-999
13085004,20150201000000,43.254167,5.594333,248,5,1.1,7.2,3.6,-999,-999,-999,-999,-999,-999,-999,-999
13085004,20150202000000,43.254167,5.594333,248,5,1.2,7,2.9,-999,-999,-999,-999,-999,-999,-999,-999
13085004,20150203000000,43.254167,5.594333,248,5,-2,7.6,3,-999,-999,-999,-999,-999,-999,-999,-999
13085004,20150204000000,43.254167,5.594333,248,5,0.9,7.1,4.2,-999,-999,-999,-999,-999,-999,-999,-999
13085004,20150205000000,43.254167,5.594333,248,5,-0.6,1.4,0.8,-999,-999,-999,-999,-999,-999,-999,-999
13085004,20150206000000,43.254167,5.594333,248,5,-1.1,2.9,1.1,-999,-999,-999,-999,-999,-999,-999,-999
13085004,20150207000000,43.254167,5.594333,248,5,1,11.7,5.2,-999,-999,-999,-999,-999,-999,-999,-999
13085004,20150208000000,43.254167,5.594333,248,5,-1.3,8.2,2.8,-999,-999,-999,-999,-999,-999,-999,-999
13085004,20150209000000,43.254167,5.594333,248,5,-1.9,11.8,3.8,-999,-999,-999,-999,-999,-999,-999,-999
13085004,20150210000000,43.254167,5.594333,248,5,-2.5,13.4,3.7,-999,-999,-999,-999,-999,-999,-999,-999
13085004,20150211000000,43.254167,5.594333,248,5,-1.5,13.6,5.1,-999,-999,-999,-999,-999,-999,-999,-999
13085004,20150212000000,43.254167,5.594333,248,5,0.1,13.4,6.8,-999,-999,-999,-999,-999,-999,-999,-999
13085004,20150213000000,43.254167,5.594333,248,5,6,11.9,9.3,-999,-999,-999,-999,-999,-999,-999,-999
13085004,20150214000000,43.254167,5.594333,248,5,6.4,11.3,8.2,-999,-999,-999,-999,-999,-999,-999,-999
13085004,20150215000000,43.254167,5.594333,248,5,4.2,9.8,6.3,-999,-999,-999,-999,-999,-999,-999,-999
13085004,20150216000000,43.254167,5.594333,248,5,3.1,13.3,7.7,-999,-999,-999,-999,-999,-999,-999,-999
13085004,20150217000000,43.254167,5.594333,248,5,7.3,12.5,7.8,-999,-999,-999,-999,-999,-999,-999,-999
13085004,20150218000000,43.254167,5.594333,248,5,0.9,14.3,6.9,-999,-999,-999,-999,-999,-999,-999,-999
13085004,20150219000000,43.254167,5.594333,248,5,0.3,13.2,5.5,-999,-999,-999,-999,-999,-999,-999,-999
13085004,20150220000000,43.254167,5.594333,248,5,-0.9,11.9,5.9,-999,-999,-999,-999,-999,-999,-999,-999
13085004,20150221000000,43.254167,5.594333,248,5,5.4,10.4,7.6,-999,-999,-999,-999,-999,-999,-999,-999
13085004,20150222000000,43.254167,5.594333,248,5,2.4,12,5.3,-999,-999,-999,-999,-999,-999,-999,-999
13085004,20150223000000,43.254167,5.594333,248,5,1.3,11.1,7.1,-999,-999,-999,-999,-999,-999,-999,-999
13085004,20150224000000,43.254167,5.594333,248,5,5.5,9.3,7.6,-999,-999,-999,-999,-999,-999,-999,-999
13085004,20150225000000,43.254167,5.594333,248,5,5.4,12.2,8.1,-999,-999,-999,-999,-999,-999,-999,-999
13085004,20150226000000,43.254167,5.594333,248,5,-1.6,15,6.7,-999,-999,-999,-999,-999,-999,-999,-999
13085004,20150227000000,43.254167,5.594333,248,5,5.2,9.9,7,-999,-999,-999,-999,-999,-999,-999,-999
13085004,20150228000000,43.254167,5.594333,248,5,2.5,12.5,6.2,-999,-999,-999,-999,-999,-999,-999,-999
13085004,20150301000000,43.254167,5.594333,248,5,0.9,11.4,7.2,-999,-999,-999,-999,-999,-999,-999,-999
13085004,20150302000000,43.254167,5.594333,248,5,9.6,16.9,12.9,-999,-999,-999,-999,-999,-999,-999,-999
13085004,20150303000000,43.254167,5.594333,248,5,8.5,15.7,11.3,-999,-999,-999,-999,-999,-999,-999,-999
13085004,20150304000000,43.254167,5.594333,248,5,6.8,11.2,8.1,-999,-999,-999,-999,-999,-999,-999,-999
13085004,20150305000000,43.254167,5.594333,248,5,5.5,13,8.7,-999,-999,-999,-999,-999,-999,-999,-999
13085004,20150306000000,43.254167,5.594333,248,5,-1.2,-999,5.7,-999,-999,-999,-999,-999,-999,-999,-999
13085004,20150308000000,43.254167,5.594333,248,5,0.1,14.8,6.7,-999,-999,-999,-999,-999,-999,-999,-999
13085004,20150309000000,43.254167,5.594333,248,5,1.1,14.3,7.3,-999,-999,-999,-999,-999,-999,-999,-999
13085004,20150310000000,43.254167,5.594333,248,5,0.9,15.4,7.6,-999,-999,-999,-999,-999,-999,-999,-999
13085004,20150311000000,43.254167,5.594333,248,5,2.5,18.4,11.2,-999,-999,-999,-999,-999,-999,-999,-999
13085004,20150312000000,43.254167,5.594333,248,5,3.5,15.4,9,-999,-999,-999,-999,-999,-999,-999,-999
13085004,20150313000000,43.254167,5.594333,248,5,0.6,14.5,9.1,-999,-999,-999,-999,-999,-999,-999,-999
13085004,20150314000000,43.254167,5.594333,248,5,7,14.6,9.3,-999,-999,-999,-999,-999,-999,-999,-999
13085004,20150315000000,43.254167,5.594333,248,5,6.5,8.7,7.8,-999,-999,-999,-999,-999,-999,-999,-999
13085004,20150316000000,43.254167,5.594333,248,5,5.6,13.2,8.9,-999,-999,-999,-999,-999,-999,-999,-999
13085004,20150317000000,43.254167,5.594333,248,5,7.6,13.9,10.6,-999,-999,-999,-999,-999,-999,-999,-999
13085004,20150318000000,43.254167,5.594333,248,5,8.4,17.2,11.2,-999,-999,-999,-999,-999,-999,-999,-999
13085004,20150319000000,43.254167,5.594333,248,5,3.7,17,10.2,-999,-999,-999,-999,-999,-999,-999,-999
13085004,20150320000000,43.254167,5.594333,248,5,6.1,19.1,13.2,-999,-999,-999,-999,-999,-999,-999,-999
13085004,20150321000000,43.254167,5.594333,248,5,9.1,12.4,10.7,-999,-999,-999,-999,-999,-999,-999,-999
13085004,20150322000000,43.254167,5.594333,248,5,7.7,10.8,8.9,-999,-999,-999,-999,-999,-999,-999,-999
13085004,20150323000000,43.254167,5.594333,248,5,3.4,15.9,9.2,-999,-999,-999,-999,-999,-999,-999,-999
13085004,20150324000000,43.254167,5.594333,248,5,4.1,15.6,10.9,-999,-999,-999,-999,-999,-999,-999,-999
13085004,20150325000000,43.254167,5.594333,248,5,7.8,9.9,8.3,-999,-999,-999,-999,-999,-999,-999,-999
13085004,20150326000000,43.254167,5.594333,248,5,4.3,13.7,9,-999,-999,-999,-999,-999,-999,-999,-999
13085004,20150327000000,43.254167,5.594333,248,5,8.5,16.1,12,-999,-999,-999,-999,-999,-999,-999,-999
13085004,20150328000000,43.254167,5.594333,248,5,7.5,19.4,13.5,-999,-999,-999,-999,-999,-999,-999,-999
13085004,20150329000000,43.254167,5.594333,248,5,11.5,19,14.5,-999,-999,-999,-999,-999,-999,-999,-999
13085004,20150330000000,43.254167,5.594333,248,5,12,20,15.7,-999,-999,-999,-999,-999,-999,-999,-999
13085004,20150331000000,43.254167,5.594333,248,5,12.5,19.3,15.6,-999,-999,-999,-999,-999,-999,-999,-999
13085004,20150401000000,43.254167,5.594333,248,5,10.6,13.4,11.5,-999,-999,-999,-999,-999,-999,-999,-999
13085004,20150402000000,43.254167,5.594333,248,5,7.6,17.1,12.1,-999,-999,-999,-999,-999,-999,-999,-999
13085004,20150403000000,43.254167,5.594333,248,5,9.9,18.1,12.6,-999,-999,-999,-999,-999,-999,-999,-999
13085004,20150404000000,43.254167,5.594333,248,5,6,17.3,11.7,-999,-999,-999,-999,-999,-999,-999,-999
13085004,20150405000000,43.254167,5.594333,248,5,5.3,15.5,9.5,-999,-999,-999,-999,-999,-999,-999,-999
13085004,20150406000000,43.254167,5.594333,248,5,5.3,14.3,9.5,-999,-999,-999,-999,-999,-999,-999,-999
13085004,20150407000000,43.254167,5.594333,248,5,3.7,14.9,8.6,-999,-999,-999,-999,-999,-999,-999,-999
13085004,20150408000000,43.254167,5.594333,248,5,1.1,16.2,9.4,-999,-999,-999,-999,-999,-999,-999,-999
13085004,20150409000000,43.254167,5.594333,248,5,2.4,17.6,9.5,-999,-999,-999,-999,-999,-999,-999,-999
13085004,20150410000000,43.254167,5.594333,248,5,0.7,17.9,9.5,-999,-999,-999,-999,-999,-999,-999,-999
13085004,20150411000000,43.254167,5.594333,248,5,2.4,16.8,9.9,-999,-999,-999,-999,-999,-999,-999,-999
13085004,20150412000000,43.254167,5.594333,248,5,3.2,18.2,11.3,-999,-999,-999,-999,-999,-999,-999,-999
13085004,20150413000000,43.254167,5.594333,248,5,6.6,22.9,14.4,-999,-999,-999,-999,-999,-999,-999,-999
13085004,20150414000000,43.254167,5.594333,248,5,6.2,20.8,13.7,-999,-999,-999,-999,-999,-999,-999,-999
13085004,20150415000000,43.254167,5.594333,248,5,5.7,22.1,13.8,-999,-999,-999,-999,-999,-999,-999,-999
13085004,20150416000000,43.254167,5.594333,248,5,8.5,21,16.7,-999,-999,-999,-999,-999,-999,-999,-999
13085004,20150417000000,43.254167,5.594333,248,5,12.2,19,15.2,-999,-999,-999,-999,-999,-999,-999,-999
13085004,20150418000000,43.254167,5.594333,248,5,13,20.4,15.5,-999,-999,-999,-999,-999,-999,-999,-999
13085004,20150419000000,43.254167,5.594333,248,5,10,14.8,12,-999,-999,-999,-999,-999,-999,-999,-999
13085004,20150420000000,43.254167,5.594333,248,5,8.5,17,12.2,-999,-999,-999,-999,-999,-999,-999,-999
13085004,20150421000000,43.254167,5.594333,248,5,6.5,22.2,14.1,-999,-999,-999,-999,-999,-999,-999,-999
13085004,20150422000000,43.254167,5.594333,248,5,5.1,21.4,13.5,-999,-999,-999,-999,-999,-999,-999,-999
13085004,20150423000000,43.254167,5.594333,248,5,6.5,20.3,14.3,-999,-999,-999,-999,-999,-999,-999,-999
13085004,20150424000000,43.254167,5.594333,248,5,8.2,19.4,14.5,-999,-999,-999,-999,-999,-999,-999,-999
13085004,20150425000000,43.254167,5.594333,248,5,12.7,18.5,15.4,-999,-999,-999,-999,-999,-999,-999,-999
13085004,20150426000000,43.254167,5.594333,248,5,13.4,20.7,16.6,-999,-999,-999,-999,-999,-999,-999,-999
13085004,20150427000000,43.254167,5.594333,248,5,11.9,13.1,13,-999,-999,-999,-999,-999,-999,-999,-999
13085004,20150428000000,43.254167,5.594333,248,5,9.9,16.5,12.2,-999,-999,-999,-999,-999,-999,-999,-999
13085004,20150429000000,43.254167,5.594333,248,5,5.2,18.7,11.9,-999,-999,-999,-999,-999,-999,-999,-999
13085004,20150430000000,43.254167,5.594333,248,5,5.7,20,13.4,-999,-999,-999,-999,-999,-999,-999,-999
13085004,20150501000000,43.254167,5.594333,248,5,10.9,16.9,14.7,-999,-999,-999,-999,-999,-999,-999,-999
13085004,20150502000000,43.254167,5.594333,248,5,13.9,22.8,17.6,-999,-999,-999,-999,-999,-999,-999,-999
13085004,20150503000000,43.254167,5.594333,248,5,12.6,24.2,18.7,-999,-999,-999,-999,-999,-999,-999,-999
13085004,20150504000000,43.254167,5.594333,248,5,15.7,26,20.9,-999,-999,-999,-999,-999,-999,-999,-999
13085004,20150505000000,43.254167,5.594333,248,5,19.5,25.6,20.6,-999,-999,-999,-999,-999,-999,-999,-999
13085004,20150506000000,43.254167,5.594333,248,5,12.9,25.3,19.3,-999,-999,-999,-999,-999,-999,-999,-999
13085004,20150507000000,43.254167,5.594333,248,5,12.9,23.1,16.5,-999,-999,-999,-999,-999,-999,-999,-999
13085004,20150508000000,43.254167,5.594333,248,5,8.5,21.4,16.5,-999,-999,-999,-999,-999,-999,-999,-999
13085004,20150509000000,43.254167,5.594333,248,5,14,26.6,20.2,-999,-999,-999,-999,-999,-999,-999,-999
13085004,20150510000000,43.254167,5.594333,248,5,15.4,26.7,20.2,-999,-999,-999,-999,-999,-999,-999,-999
13085004,20150511000000,43.254167,5.594333,248,5,10.9,25.8,18.6,-999,-999,-999,-999,-999,-999,-999,-999
13085004,20150512000000,43.254167,5.594333,248,5,8.2,25.9,17.2,-999,-999,-999,-999,-999,-999,-999,-999
13085004,20150513000000,43.254167,5.594333,248,5,9.5,23.9,17.8,-999,-999,-999,-999,-999,-999,-999,-999
13085004,20150514000000,43.254167,5.594333,248,5,15.3,27.4,20.9,-999,-999,-999,-999,-999,-999,-999,-999
13085004,20150515000000,43.254167,5.594333,248,5,11.2,16.4,13.2,-999,-999,-999,-999,-999,-999,-999,-999
13085004,20150516000000,43.254167,5.594333,248,5,7.5,24.8,16.8,-999,-999,-999,-999,-999,-999,-999,-999
13085004,20150517000000,43.254167,5.594333,248,5,13.1,27,20.6,-999,-999,-999,-999,-999,-999,-999,-999
13085004,20150518000000,43.254167,5.594333,248,5,11.2,25.6,17,-999,-999,-999,-999,-999,-999,-999,-999
13085004,20150519000000,43.254167,5.594333,248,5,9.5,20.5,15.9,-999,-999,-999,-999,-999,-999,-999,-999
13085004,20150520000000,43.254167,5.594333,248,5,12.3,17.7,14.4,-999,-999,-999,-999,-999,-999,-999,-999
13085004,20150521000000,43.254167,5.594333,248,5,9.5,18.3,13.6,-999,-999,-999,-999,-999,-999,-999,-999
13085004,20150522000000,43.254167,5.594333,248,5,8.5,23.5,17.2,-999,-999,-999,-999,-999,-999,-999,-999
13085004,20150523000000,43.254167,5.594333,248,5,11.7,23.4,17.8,-999,-999,-999,-999,-999,-999,-999,-999
13085004,20150524000000,43.254167,5.594333,248,5,9.2,21.3,16.1,-999,-999,-999,-999,-999,-999,-999,-999
13085004,20150525000000,43.254167,5.594333,248,5,8.6,24.8,18.4,-999,-999,-999,-999,-999,-999,-999,-999
13085004,20150526000000,43.254167,5.594333,248,5,-999,-999,18.2,-999,-999,-999,-999,-999,-999,-999,-999
13085004,20150527000000,43.254167,5.594333,248,5,-999,-999,18.3,-999,-999,-999,-999,-999,-999,-999,-999
13085004,20150528000000,43.254167,5.594333,248,5,8.2,23.1,16.3,-999,-999,-999,-999,-999,-999,-999,-999
13085004,20150529000000,43.254167,5.594333,248,5,8.5,21.9,16.1,-999,-999,-999,-999,-999,-999,-999,-999
13085004,20150530000000,43.254167,5.594333,248,5,10.3,25.3,18.4,-999,-999,-999,-999,-999,-999,-999,-999
13085004,20150531000000,43.254167,5.594333,248,5,10.5,23.7,17.7,-999,-999,-999,-999,-999,-999,-999,-999
13085004,20150601000000,43.254167,5.594333,248,5,10,24.8,18.3,-999,-999,-999,-999,-999,-999,-999,-999
13085004,20150602000000,43.254167,5.594333,248,5,11.6,26.3,19.4,-999,-999,-999,-999,-999,-999,-999,-999
13085004,20150603000000,43.254167,5.594333,248,5,11.6,26.5,20.3,-999,-999,-999,-999,-999,-999,-999,-999
13085004,20150604000000,43.254167,5.594333,248,5,14.7,28.2,22.1,-999,-999,-999,-999,-999,-999,-999,-999
13085004,20150605000000,43.254167,5.594333,248,5,13.2,30.5,22.6,-999,-999,-999,-999,-999,-999,-999,-999
13085004,20150606000000,43.254167,5.594333,248,5,13.5,32.7,24.6,-999,-999,-999,-999,-999,-999,-999,-999
13085004,20150607000000,43.254167,5.594333,248,5,16.8,30.1,23.9,-999,-999,-999,-999,-999,-999,-999,-999
13085004,20150608000000,43.254167,5.594333,248,5,15.6,30.7,23.2,-999,-999,-999,-999,-999,-999,-999,-999
13085004,20150609000000,43.254167,5.594333,248,5,-999,-999,21.3,-999,-999,-999,-999,-999,-999,-999,-999
13085004,20150610000000,43.254167,5.594333,248,5,16.9,27.8,21.9,-999,-999,-999,-999,-999,-999,-999,-999
13085004,20150611000000,43.254167,5.594333,248,5,16.1,30.8,24.7,-999,-999,-999,-999,-999,-999,-999,-999
13085004,20150612000000,43.254167,5.594333,248,5,15.7,28.9,20.7,-999,-999,-999,-999,-999,-999,-999,-999
13085004,20150613000000,43.254167,5.594333,248,5,13.9,25,20.5,-999,-999,-999,-999,-999,-999,-999,-999
13085004,20150614000000,43.254167,5.594333,248,5,16.2,24,19.7,-999,-999,-999,-999,-999,-999,-999,-999
13085004,20150615000000,43.254167,5.594333,248,5,15.6,26.4,20.6,-999,-999,-999,-999,-999,-999,-999,-999
13085004,20150616000000,43.254167,5.594333,248,5,14.5,25,19.1,-999,-999,-999,-999,-999,-999,-999,-999
13085004,20150617000000,43.254167,5.594333,248,5,15.8,26.6,20.9,-999,-999,-999,-999,-999,-999,-999,-999
13085004,20150618000000,43.254167,5.594333,248,5,15.7,29.5,23.1,-999,-999,-999,-999,-999,-999,-999,-999
13085004,20150619000000,43.254167,5.594333,248,5,18.7,25.7,22,-999,-999,-999,-999,-999,-999,-999,-999
13085004,20150620000000,43.254167,5.594333,248,5,16.7,27.4,21.9,-999,-999,-999,-999,-999,-999,-999,-999
13085004,20150621000000,43.254167,5.594333,248,5,16.6,27.4,23,-999,-999,-999,-999,-999,-999,-999,-999
13085004,20150622000000,43.254167,5.594333,248,5,15.3,28.3,22.6,-999,-999,-999,-999,-999,-999,-999,-999
13085004,20150623000000,43.254167,5.594333,248,5,17.1,27.5,22.4,-999,-999,-999,-999,-999,-999,-999,-999
13085004,20150624000000,43.254167,5.594333,248,5,13.4,26.6,20.5,-999,-999,-999,-999,-999,-999,-999,-999
13085004,20150625000000,43.254167,5.594333,248,5,13.3,27,20.9,-999,-999,-999,-999,-999,-999,-999,-999
13085004,20150626000000,43.254167,5.594333,248,5,14.9,28.1,22.1,-999,-999,-999,-999,-999,-999,-999,-999
13085004,20150627000000,43.254167,5.594333,248,5,15.5,31.4,24.7,-999,-999,-999,-999,-999,-999,-999,-999
13085004,20150628000000,43.254167,5.594333,248,5,18.1,29.7,23.9,-999,-999,-999,-999,-999,-999,-999,-999
13085004,20150629000000,43.254167,5.594333,248,5,14.8,29.9,23,-999,-999,-999,-999,-999,-999,-999,-999
13085004,20150630000000,43.254167,5.594333,248,5,16.2,28.7,22.9,-999,-999,-999,-999,-999,-999,-999,-999
13085004,20150701000000,43.254167,5.594333,248,5,15.5,29.4,23.2,-999,-999,-999,-999,-999,-999,-999,-999
13085004,20150702000000,43.254167,5.594333,248,5,15.5,31.5,24.5,-999,-999,-999,-999,-999,-999,-999,-999
13085004,20150703000000,43.254167,5.594333,248,5,18.7,34.2,26.2,-999,-999,-999,-999,-999,-999,-999,-999
13085004,20150704000000,43.254167,5.594333,248,5,19.6,33.1,26.6,-999,-999,-999,-999,-999,-999,-999,-999
13085004,20150705000000,43.254167,5.594333,248,5,18.1,33.6,26.3,-999,-999,-999,-999,-999,-999,-999,-999
13085004,20150706000000,43.254167,5.594333,248,5,17.8,32.8,25.7,-999,-999,-999,-999,-999,-999,-999,-999
13085004,20150707000000,43.254167,5.594333,248,5,18.1,31.3,25.8,-999,-999,-999,-999,-999,-999,-999,-999
13085004,20150708000000,43.254167,5.594333,248,5,19.3,31.1,25.7,-999,-999,-999,-999,-999,-999,-999,-999
13085004,20150709000000,43.254167,5.594333,248,5,19.3,31.3,24.9,-999,-999,-999,-999,-999,-999,-999,-999
13085004,20150710000000,43.254167,5.594333,248,5,16.3,33,24.5,-999,-999,-999,-999,-999,-999,-999,-999
13085004,20150711000000,43.254167,5.594333,248,5,16.4,30.8,24.3,-999,-999,-999,-999,-999,-999,-999,-999
13085004,20150712000000,43.254167,5.594333,248,5,19.3,32.2,26.2,-999,-999,-999,-999,-999,-999,-999,-999
13085004,20150713000000,43.254167,5.594333,248,5,21.7,32.2,27.3,-999,-999,-999,-999,-999,-999,-999,-999
13085004,20150714000000,43.254167,5.594333,248,5,18.5,33,26.1,-999,-999,-999,-999,-999,-999,-999,-999
13085004,20150715000000,43.254167,5.594333,248,5,17.8,31.1,25.2,-999,-999,-999,-999,-999,-999,-999,-999
13085004,20150716000000,43.254167,5.594333,248,5,16.9,30.5,24.6,-999,-999,-999,-999,-999,-999,-999,-999
13085004,20150717000000,43.254167,5.594333,248,5,18.9,31.5,25.4,-999,-999,-999,-999,-999,-999,-999,-999
13085004,20150718000000,43.254167,5.594333,248,5,19.1,33.4,26.1,-999,-999,-999,-999,-999,-999,-999,-999
13085004,20150719000000,43.254167,5.594333,248,5,17.5,32,25.2,-999,-999,-999,-999,-999,-999,-999,-999
13085004,20150720000000,43.254167,5.594333,248,5,19.9,33.8,27.1,-999,-999,-999,-999,-999,-999,-999,-999
13085004,20150721000000,43.254167,5.594333,248,5,19.7,32.3,26.4,-999,-999,-999,-999,-999,-999,-999,-999
13085004,20150722000000,43.254167,5.594333,248,5,20.2,31.4,26.5,-999,-999,-999,-999,-999,-999,-999,-999
13085004,20150723000000,43.254167,5.594333,248,5,22.6,35,27.7,-999,-999,-999,-999,-999,-999,-999,-999
13085004,20150724000000,43.254167,5.594333,248,5,21.4,31.5,26.2,-999,-999,-999,-999,-999,-999,-999,-999
13085004,20150725000000,43.254167,5.594333,248,5,21.1,28.3,25.2,-999,-999,-999,-999,-999,-999,-999,-999
13085004,20150726000000,43.254167,5.594333,248,5,18.5,28.2,22.4,-999,-999,-999,-999,-999,-999,-999,-999
13085004,20150727000000,43.254167,5.594333,248,5,18,29.3,25.3,-999,-999,-999,-999,-999,-999,-999,-999
13085004,20150728000000,43.254167,5.594333,248,5,19.7,27.3,23.4,-999,-999,-999,-999,-999,-999,-999,-999
13085004,20150729000000,43.254167,5.594333,248,5,20.1,29.5,24.9,-999,-999,-999,-999,-999,-999,-999,-999
13085004,20150730000000,43.254167,5.594333,248,5,19.7,27.3,22.8,-999,-999,-999,-999,-999,-999,-999,-999
13085004,20150731000000,43.254167,5.594333,248,5,14.1,29.6,22.7,-999,-999,-999,-999,-999,-999,-999,-999
13085004,20150801000000,43.254167,5.594333,248,5,19,28,22.9,-999,-999,-999,-999,-999,-999,-999,-999
13085004,20150802000000,43.254167,5.594333,248,5,15.4,28.1,22.1,-999,-999,-999,-999,-999,-999,-999,-999
13085004,20150803000000,43.254167,5.594333,248,5,15.2,29.1,22.4,-999,-999,-999,-999,-999,-999,-999,-999
13085004,20150804000000,43.254167,5.594333,248,5,17.9,32.7,25.8,-999,-999,-999,-999,-999,-999,-999,-999
13085004,20150805000000,43.254167,5.594333,248,5,20.2,31.2,26.1,-999,-999,-999,-999,-999,-999,-999,-999
13085004,20150806000000,43.254167,5.594333,248,5,18.8,33.8,26.6,-999,-999,-999,-999,-999,-999,-999,-999
13085004,20150807000000,43.254167,5.594333,248,5,18.4,34.9,27.3,-999,-999,-999,-999,-999,-999,-999,-999
13085004,20150808000000,43.254167,5.594333,248,5,18.8,35.2,27.3,-999,-999,-999,-999,-999,-999,-999,-999
13085004,20150809000000,43.254167,5.594333,248,5,19.3,27.5,23.1,-999,-999,-999,-999,-999,-999,-999,-999
13085004,20150810000000,43.254167,5.594333,248,5,20.3,28.1,22.6,-999,-999,-999,-999,-999,-999,-999,-999
13085004,20150811000000,43.254167,5.594333,248,5,16,31.4,24.1,-999,-999,-999,-999,-999,-999,-999,-999
13085004,20150812000000,43.254167,5.594333,248,5,18.9,32.5,25.8,-999,-999,-999,-999,-999,-999,-999,-999
13085004,20150813000000,43.254167,5.594333,248,5,17.3,29.5,23.8,-999,-999,-999,-999,-999,-999,-999,-999
13085004,20150814000000,43.254167,5.594333,248,5,19.9,26.5,22.6,-999,-999,-999,-999,-999,-999,-999,-999
13085004,20150815000000,43.254167,5.594333,248,5,17,26.1,21.5,-999,-999,-999,-999,-999,-999,-999,-999
13085004,20150816000000,43.254167,5.594333,248,5,16.2,25.5,20.3,-999,-999,-999,-999,-999,-999,-999,-999
13085004,20150817000000,43.254167,5.594333,248,5,15.2,26.7,20.6,-999,-999,-999,-999,-999,-999,-999,-999
13085004,20150818000000,43.254167,5.594333,248,5,13.8,25.4,20,-999,-999,-999,-999,-999,-999,-999,-999
13085004,20150819000000,43.254167,5.594333,248,5,16.3,27.3,21.6,-999,-999,-999,-999,-999,-999,-999,-999
13085004,20150820000000,43.254167,5.594333,248,5,15,29.9,23.1,-999,-999,-999,-999,-999,-999,-999,-999
13085004,20150821000000,43.254167,5.594333,248,5,14.8,28.4,22,-999,-999,-999,-999,-999,-999,-999,-999
13085004,20150822000000,43.254167,5.594333,248,5,14.3,27,21.8,-999,-999,-999,-999,-999,-999,-999,-999
13085004,20150823000000,43.254167,5.594333,248,5,19.1,26.9,22.1,-999,-999,-999,-999,-999,-999,-999,-999
13085004,20150824000000,43.254167,5.594333,248,5,20.1,25.6,22.7,-999,-999,-999,-999,-999,-999,-999,-999
13085004,20150825000000,43.254167,5.594333,248,5,15.9,24.9,20.2,-999,-999,-999,-999,-999,-999,-999,-999
13085004,20150826000000,43.254167,5.594333,248,5,13,27,20.6,-999,-999,-999,-999,-999,-999,-999,-999
13085004,20150827000000,43.254167,5.594333,248,5,13,27.2,20.4,-999,-999,-999,-999,-999,-999,-999,-999
13085004,20150828000000,43.254167,5.594333,248,5,13.3,28.5,21.5,-999,-999,-999,-999,-999,-999,-999,-999
13085004,20150829000000,43.254167,5.594333,248,5,14.1,30.1,22.5,-999,-999,-999,-999,-999,-999,-999,-999
13085004,20150830000000,43.254167,5.594333,248,5,14,30.4,22.5,-999,-999,-999,-999,-999,-999,-999,-999
13085004,20150831000000,43.254167,5.594333,248,5,17,30.5,25,-999,-999,-999,-999,-999,-999,-999,-999
13085004,20150901000000,43.254167,5.594333,248,5,18.3,27.8,23.3,-999,-999,-999,-999,-999,-999,-999,-999
13085004,20150902000000,43.254167,5.594333,248,5,16.7,26.1,20.5,-999,-999,-999,-999,-999,-999,-999,-999
13085004,20150903000000,43.254167,5.594333,248,5,15.2,26.2,20.9,-999,-999,-999,-999,-999,-999,-999,-999
13085004,20150904000000,43.254167,5.594333,248,5,15.4,22.7,19.7,-999,-999,-999,-999,-999,-999,-999,-999
13085004,20150905000000,43.254167,5.594333,248,5,14.3,21.1,17.6,-999,-999,-999,-999,-999,-999,-999,-999
13085004,20150906000000,43.254167,5.594333,248,5,12.6,24.5,18.1,-999,-999,-999,-999,-999,-999,-999,-999
13085004,20150907000000,43.254167,5.594333,248,5,9.6,25.8,17.5,-999,-999,-999,-999,-999,-999,-999,-999
13085004,20150908000000,43.254167,5.594333,248,5,11.6,27.9,18.8,-999,-999,-999,-999,-999,-999,-999,-999
13085004,20150909000000,43.254167,5.594333,248,5,10.3,25.4,17.8,-999,-999,-999,-999,-999,-999,-999,-999
13085004,20150910000000,43.254167,5.594333,248,5,9.5,25.2,18.6,-999,-999,-999,-999,-999,-999,-999,-999
13085004,20150911000000,43.254167,5.594333,248,5,16.6,24.1,20.3,-999,-999,-999,-999,-999,-999,-999,-999
13085004,20150912000000,43.254167,5.594333,248,5,17,-999,22,-999,-999,-999,-999,-999,-999,-999,-999
13085004,20150914000000,43.254167,5.594333,248,5,19.7,25.1,21.7,-999,-999,-999,-999,-999,-999,-999,-999
13085004,20150915000000,43.254167,5.594333,248,5,14.3,23.5,19.8,-999,-999,-999,-999,-999,-999,-999,-999
13085004,20150916000000,43.254167,5.594333,248,5,19.6,24.3,22.2,-999,-999,-999,-999,-999,-999,-999,-999
13085004,20150917000000,43.254167,5.594333,248,5,21.3,24.1,20.8,-999,-999,-999,-999,-999,-999,-999,-999
13085004,20150918000000,43.254167,5.594333,248,5,12.7,22.9,18.5,-999,-999,-999,-999,-999,-999,-999,-999
13085004,20150919000000,43.254167,5.594333,248,5,14.2,22.6,18.1,-999,-999,-999,-999,-999,-999,-999,-999
13085004,20150920000000,43.254167,5.594333,248,5,12.5,26.2,17.2,-999,-999,-999,-999,-999,-999,-999,-999
13085004,20150921000000,43.254167,5.594333,248,5,8.4,24,15.9,-999,-999,-999,-999,-999,-999,-999,-999
13085004,20150922000000,43.254167,5.594333,248,5,10.2,21.3,16.6,-999,-999,-999,-999,-999,-999,-999,-999
13085004,20150923000000,43.254167,5.594333,248,5,11.6,18,15.2,-999,-999,-999,-999,-999,-999,-999,-999
13085004,20150924000000,43.254167,5.594333,248,5,10.7,23.6,16,-999,-999,-999,-999,-999,-999,-999,-999
13085004,20150925000000,43.254167,5.594333,248,5,7.6,26.3,16.5,-999,-999,-999,-999,-999,-999,-999,-999
13085004,20150926000000,43.254167,5.594333,248,5,9.8,24.3,17,-999,-999,-999,-999,-999,-999,-999,-999
13085004,20150927000000,43.254167,5.594333,248,5,10,23.8,16.9,-999,-999,-999,-999,-999,-999,-999,-999
13085004,20150928000000,43.254167,5.594333,248,5,13.2,21.6,16.9,-999,-999,-999,-999,-999,-999,-999,-999
13085004,20150929000000,43.254167,5.594333,248,5,12.3,20.8,16.5,-999,-999,-999,-999,-999,-999,-999,-999
13085004,20150930000000,43.254167,5.594333,248,5,15.9,22.2,17.7,-999,-999,-999,-999,-999,-999,-999,-999
13085004,20151001000000,43.254167,5.594333,248,5,13.8,20.5,16.2,-999,-999,-999,-999,-999,-999,-999,-999
13085004,20151002000000,43.254167,5.594333,248,5,12.3,16.9,14.3,-999,-999,-999,-999,-999,-999,-999,-999
13085004,20151003000000,43.254167,5.594333,248,5,12.3,18.8,15.9,-999,-999,-999,-999,-999,-999,-999,-999
13085004,20151004000000,43.254167,5.594333,248,5,9.8,21.9,15.9,-999,-999,-999,-999,-999,-999,-999,-999
13085004,20151005000000,43.254167,5.594333,248,5,13.7,24,18.9,-999,-999,-999,-999,-999,-999,-999,-999
13085004,20151006000000,43.254167,5.594333,248,5,17.9,25,19.7,-999,-999,-999,-999,-999,-999,-999,-999
13085004,20151007000000,43.254167,5.594333,248,5,13.4,19.2,16,-999,-999,-999,-999,-999,-999,-999,-999
13085004,20151008000000,43.254167,5.594333,248,5,10.5,22.2,15.1,-999,-999,-999,-999,-999,-999,-999,-999
13085004,20151009000000,43.254167,5.594333,248,5,10.2,20.2,15.1,-999,-999,-999,-999,-999,-999,-999,-999
13085004,20151010000000,43.254167,5.594333,248,5,9.6,22.7,15.1,-999,-999,-999,-999,-999,-999,-999,-999
13085004,20151011000000,43.254167,5.594333,248,5,7,22.9,13.8,-999,-999,-999,-999,-999,-999,-999,-999
13085004,20151012000000,43.254167,5.594333,248,5,9,19.2,16,-999,-999,-999,-999,-999,-999,-999,-999
13085004,20151013000000,43.254167,5.594333,248,5,14.7,18.5,15.6,-999,-999,-999,-999,-999,-999,-999,-999
13085004,20151014000000,43.254167,5.594333,248,5,7.7,13.8,9.2,-999,-999,-999,-999,-999,-999,-999,-999
13085004,20151015000000,43.254167,5.594333,248,5,4.4,14,8.5,-999,-999,-999,-999,-999,-999,-999,-999
13085004,20151016000000,43.254167,5.594333,248,5,4.3,13,7.8,-999,-999,-999,-999,-999,-999,-999,-999
13085004,20151017000000,43.254167,5.594333,248,5,2,16.4,10,-999,-999,-999,-999,-999,-999,-999,-999
13085004,20151018000000,43.254167,5.594333,248,5,10,18.1,14.6,-999,-999,-999,-999,-999,-999,-999,-999
13085004,20151019000000,43.254167,5.594333,248,5,12.6,20.4,14.3,-999,-999,-999,-999,-999,-999,-999,-999
13085004,20151020000000,43.254167,5.594333,248,5,9,17.6,12.9,-999,-999,-999,-999,-999,-999,-999,-999
13085004,20151021000000,43.254167,5.594333,248,5,9.2,16.8,11.6,-999,-999,-999,-999,-999,-999,-999,-999
13085004,20151022000000,43.254167,5.594333,248,5,5.8,16.7,11.7,-999,-999,-999,-999,-999,-999,-999,-999
13085004,20151023000000,43.254167,5.594333,248,5,5.3,20.2,12.1,-999,-999,-999,-999,-999,-999,-999,-999
13085004,20151024000000,43.254167,5.594333,248,5,6.1,19.3,12.4,-999,-999,-999,-999,-999,-999,-999,-999
13085004,20151025000000,43.254167,5.594333,248,5,8,18.5,12.9,-999,-999,-999,-999,-999,-999,-999,-999
13085004,20151026000000,43.254167,5.594333,248,5,9.8,20.8,15.8,-999,-999,-999,-999,-999,-999,-999,-999
13085004,20151027000000,43.254167,5.594333,248,5,14.4,18.9,15.9,-999,-999,-999,-999,-999,-999,-999,-999
13085004,20151028000000,43.254167,5.594333,248,5,12.2,16.9,14,-999,-999,-999,-999,-999,-999,-999,-999
13085004,20151029000000,43.254167,5.594333,248,5,9.5,17.7,11.9,-999,-999,-999,-999,-999,-999,-999,-999
13085004,20151030000000,43.254167,5.594333,248,5,5.9,19.8,12,-999,-999,-999,-999,-999,-999,-999,-999
13085004,20151031000000,43.254167,5.594333,248,5,-999,-999,12.4,-999,-999,-999,-999,-999,-999,-999,-999
13085004,20151101000000,43.254167,5.594333,248,5,4.5,20.4,11.5,-999,-999,-999,-999,-999,-999,-999,-999
13085004,20151102000000,43.254167,5.594333,248,5,7.1,19.9,15.2,-999,-999,-999,-999,-999,-999,-999,-999
13085004,20151103000000,43.254167,5.594333,248,5,12.4,15.8,13.9,-999,-999,-999,-999,-999,-999,-999,-999
13085004,20151104000000,43.254167,5.594333,248,5,13.1,18.2,14.3,-999,-999,-999,-999,-999,-999,-999,-999
13085004,20151105000000,43.254167,5.594333,248,5,7.7,19.6,12.1,-999,-999,-999,-999,-999,-999,-999,-999
13085004,20151106000000,43.254167,5.594333,248,5,8,19.3,13.2,-999,-999,-999,-999,-999,-999,-999,-999
13085004,20151107000000,43.254167,5.594333,248,5,8.8,19.3,12.9,-999,-999,-999,-999,-999,-999,-999,-999
13085004,20151108000000,43.254167,5.594333,248,5,6.8,18.2,11.6,-999,-999,-999,-999,-999,-999,-999,-999
13085004,20151109000000,43.254167,5.594333,248,5,9.1,18.4,14.7,-999,-999,-999,-999,-999,-999,-999,-999
13085004,20151110000000,43.254167,5.594333,248,5,8.5,19.2,12.2,-999,-999,-999,-999,-999,-999,-999,-999
13085004,20151111000000,43.254167,5.594333,248,5,6.1,18.9,12.7,-999,-999,-999,-999,-999,-999,-999,-999
13085004,20151112000000,43.254167,5.594333,248,5,10.7,18.9,13.4,-999,-999,-999,-999,-999,-999,-999,-999
13085004,20151113000000,43.254167,5.594333,248,5,8.3,17.6,13.4,-999,-999,-999,-999,-999,-999,-999,-999
13085004,20151114000000,43.254167,5.594333,248,5,10.2,18.4,12.8,-999,-999,-999,-999,-999,-999,-999,-999
13085004,20151115000000,43.254167,5.594333,248,5,8.5,18.3,12,-999,-999,-999,-999,-999,-999,-999,-999
13085004,20151116000000,43.254167,5.594333,248,5,4.7,17.9,10.3,-999,-999,-999,-999,-999,-999,-999,-999
13085004,20151117000000,43.254167,5.594333,248,5,5.5,16.4,13,-999,-999,-999,-999,-999,-999,-999,-999
13085004,20151118000000,43.254167,5.594333,248,5,11,20.4,14.3,-999,-999,-999,-999,-999,-999,-999,-999
13085004,20151119000000,43.254167,5.594333,248,5,3,18.4,12.6,-999,-999,-999,-999,-999,-999,-999,-999
13085004,20151120000000,43.254167,5.594333,248,5,13.4,17.6,15.5,-999,-999,-999,-999,-999,-999,-999,-999
13085004,20151121000000,43.254167,5.594333,248,5,5.2,11.3,9.2,-999,-999,-999,-999,-999,-999,-999,-999
13085004,20151122000000,43.254167,5.594333,248,5,3.4,8.6,5,-999,-999,-999,-999,-999,-999,-999,-999
13085004,20151123000000,43.254167,5.594333,248,5,1.1,8.8,5.3,-999,-999,-999,-999,-999,-999,-999,-999
13085004,20151124000000,43.254167,5.594333,248,5,-1.9,12.7,3.6,-999,-999,-999,-999,-999,-999,-999,-999
13085004,20151125000000,43.254167,5.594333,248,5,0.2,10.1,7.2,-999,-999,-999,-999,-999,-999,-999,-999
13085004,20151126000000,43.254167,5.594333,248,5,5.2,10.4,7.4,-999,-999,-999,-999,-999,-999,-999,-999
13085004,20151127000000,43.254167,5.594333,248,5,2.7,11.3,5.6,-999,-999,-999,-999,-999,-999,-999,-999
13085004,20151128000000,43.254167,5.594333,248,5,1.6,12.1,6.5,-999,-999,-999,-999,-999,-999,-999,-999
13085004,20151129000000,43.254167,5.594333,248,5,5.5,12.2,8.9,-999,-999,-999,-999,-999,-999,-999,-999
13085004,20151130000000,43.254167,5.594333,248,5,8.9,14.9,11.4,-999,-999,-999,-999,-999,-999,-999,-999
13085004,20151201000000,43.254167,5.594333,248,5,9.1,15.4,9.5,-999,-999,-999,-999,-999,-999,-999,-999
13085004,20151202000000,43.254167,5.594333,248,5,0.2,14.9,8.3,-999,-999,-999,-999,-999,-999,-999,-999
13085004,20151203000000,43.254167,5.594333,248,5,9,14.1,11.1,-999,-999,-999,-999,-999,-999,-999,-999
13085004,20151204000000,43.254167,5.594333,248,5,8.6,14.1,10.5,-999,-999,-999,-999,-999,-999,-999,-999
13085004,20151205000000,43.254167,5.594333,248,5,7.2,12.7,10.6,-999,-999,-999,-999,-999,-999,-999,-999
13085004,20151206000000,43.254167,5.594333,248,5,10.1,13.1,11.5,-999,-999,-999,-999,-999,-999,-999,-999
13085004,20151207000000,43.254167,5.594333,248,5,9,14,11.6,-999,-999,-999,-999,-999,-999,-999,-999
13085004,20151208000000,43.254167,5.594333,248,5,10.4,15.6,12,-999,-999,-999,-999,-999,-999,-999,-999
13085004,20151209000000,43.254167,5.594333,248,5,7.9,13.8,9.3,-999,-999,-999,-999,-999,-999,-999,-999
13085004,20151210000000,43.254167,5.594333,248,5,1.4,15.5,6.5,-999,-999,-999,-999,-999,-999,-999,-999
13085004,20151211000000,43.254167,5.594333,248,5,1.2,12.5,7,-999,-999,-999,-999,-999,-999,-999,-999
13085004,20151212000000,43.254167,5.594333,248,5,3,13.5,6.9,-999,-999,-999,-999,-999,-999,-999,-999
13085004,20151213000000,43.254167,5.594333,248,5,3.7,13,10.8,-999,-999,-999,-999,-999,-999,-999,-999
13085004,20151214000000,43.254167,5.594333,248,5,9.3,13.6,10.6,-999,-999,-999,-999,-999,-999,-999,-999
13085004,20151215000000,43.254167,5.594333,248,5,6.5,14.5,10.4,-999,-999,-999,-999,-999,-999,-999,-999
13085004,20151216000000,43.254167,5.594333,248,5,6.8,17.4,10.4,-999,-999,-999,-999,-999,-999,-999,-999
13085004,20151217000000,43.254167,5.594333,248,5,4.6,15.1,10.3,-999,-999,-999,-999,-999,-999,-999,-999
13085004,20151218000000,43.254167,5.594333,248,5,10,14.4,11,-999,-999,-999,-999,-999,-999,-999,-999
13085004,20151219000000,43.254167,5.594333,248,5,4.4,14.7,10.9,-999,-999,-999,-999,-999,-999,-999,-999
13085004,20151220000000,43.254167,5.594333,248,5,11.6,14.2,11.7,-999,-999,-999,-999,-999,-999,-999,-999
13085004,20151221000000,43.254167,5.594333,248,5,8,14.7,10.9,-999,-999,-999,-999,-999,-999,-999,-999
13085004,20151222000000,43.254167,5.594333,248,5,4.9,14.6,11.3,-999,-999,-999,-999,-999,-999,-999,-999
13085004,20151223000000,43.254167,5.594333,248,5,11.1,13.8,12,-999,-999,-999,-999,-999,-999,-999,-999
13085004,20151224000000,43.254167,5.594333,248,5,9.1,14.4,12.4,-999,-999,-999,-999,-999,-999,-999,-999
13085004,20151225000000,43.254167,5.594333,248,5,8.4,14.9,10.8,-999,-999,-999,-999,-999,-999,-999,-999
13085004,20151226000000,43.254167,5.594333,248,5,4.9,13.9,7.9,-999,-999,-999,-999,-999,-999,-999,-999
13085004,20151227000000,43.254167,5.594333,248,5,4.7,13.6,8.4,-999,-999,-999,-999,-999,-999,-999,-999
13085004,20151228000000,43.254167,5.594333,248,5,6,12.5,10,-999,-999,-999,-999,-999,-999,-999,-999
13085004,20151229000000,43.254167,5.594333,248,5,7.4,14,10.5,-999,-999,-999,-999,-999,-999,-999,-999
13085004,20151230000000,43.254167,5.594333,248,5,3.4,14.8,9.5,-999,-999,-999,-999,-999,-999,-999,-999
13085004,20151231000000,43.254167,5.594333,248,5,9.1,12.4,10.1,-999,-999,-999,-999,-999,-999,-999,-999
13085004,20160101000000,43.254167,5.594333,248,5,5.9,13.8,9.4,-999,-999,-999,-999,-999,-999,-999,-999
13085004,20160102000000,43.254167,5.594333,248,5,8.8,12.4,9.9,-999,-999,-999,-999,-999,-999,-999,-999
13085004,20160103000000,43.254167,5.594333,248,5,5.7,9.6,7.3,-999,-999,-999,-999,-999,-999,-999,-999
13085004,20160104000000,43.254167,5.594333,248,5,6.7,11.5,8.9,-999,-999,-999,-999,-999,-999,-999,-999
13085004,20160105000000,43.254167,5.594333,248,5,7.1,10.2,8.1,-999,-999,-999,-999,-999,-999,-999,-999
13085004,20160106000000,43.254167,5.594333,248,5,4.7,9.2,6.7,-999,-999,-999,-999,-999,-999,-999,-999
13085004,20160107000000,43.254167,5.594333,248,5,5.8,12.7,9.4,-999,-999,-999,-999,-999,-999,-999,-999
13085004,20160108000000,43.254167,5.594333,248,5,8,17.4,11.4,-999,-999,-999,-999,-999,-999,-999,-999
13085004,20160109000000,43.254167,5.594333,248,5,9.5,13.7,12.1,-999,-999,-999,-999,-999,-999,-999,-999
13085004,20160110000000,43.254167,5.594333,248,5,4.7,16.2,10.5,-999,-999,-999,-999,-999,-999,-999,-999
13085004,20160111000000,43.254167,5.594333,248,5,10,14.7,11.3,-999,-999,-999,-999,-999,-999,-999,-999
13085004,20160112000000,43.254167,5.594333,248,5,6.3,10.7,8.3,-999,-999,-999,-999,-999,-999,-999,-999
13085004,20160113000000,43.254167,5.594333,248,5,4.5,9.5,6,-999,-999,-999,-999,-999,-999,-999,-999
13085004,20160114000000,43.254167,5.594333,248,5,3.5,12.2,8.3,-999,-999,-999,-999,-999,-999,-999,-999
13085004,20160115000000,43.254167,5.594333,248,5,4.7,7,5.1,-999,-999,-999,-999,-999,-999,-999,-999
13085004,20160116000000,43.254167,5.594333,248,5,1.6,6.3,3.8,-999,-999,-999,-999,-999,-999,-999,-999
13085004,20160117000000,43.254167,5.594333,248,5,1,6.7,2.9,-999,-999,-999,-999,-999,-999,-999,-999
13085004,20160118000000,43.254167,5.594333,248,5,-2.1,6.9,3.6,-999,-999,-999,-999,-999,-999,-999,-999
13085004,20160119000000,43.254167,5.594333,248,5,2.5,-999,-999,-999,-999,-999,-999,-999,-999,-999,-999
13085004,20160120000000,43.254167,5.594333,248,5,-999,11.2,6.6,-999,-999,-999,-999,-999,-999,-999,-999
13085004,20160121000000,43.254167,5.594333,248,5,-0.9,11.2,4.2,-999,-999,-999,-999,-999,-999,-999,-999
13085004,20160122000000,43.254167,5.594333,248,5,-0.5,11.8,6.1,-999,-999,-999,-999,-999,-999,-999,-999
13085004,20160123000000,43.254167,5.594333,248,5,6.2,11.7,7.6,-999,-999,-999,-999,-999,-999,-999,-999
13085004,20160124000000,43.254167,5.594333,248,5,-0.8,12.4,5.3,-999,-999,-999,-999,-999,-999,-999,-999
13085004,20160125000000,43.254167,5.594333,248,5,3.2,11.7,9.6,-999,-999,-999,-999,-999,-999,-999,-999
13085004,20160126000000,43.254167,5.594333,248,5,9,12.7,10.8,-999,-999,-999,-999,-999,-999,-999,-999
13085004,20160127000000,43.254167,5.594333,248,5,10.1,13.3,11.6,-999,-999,-999,-999,-999,-999,-999,-999
13085004,20160128000000,43.254167,5.594333,248,5,11.3,13.1,12.2,-999,-999,-999,-999,-999,-999,-999,-999
13085004,20160129000000,43.254167,5.594333,248,5,9,14,10.9,-999,-999,-999,-999,-999,-999,-999,-999
13085004,20160130000000,43.254167,5.594333,248,5,4.7,15,8.8,-999,-999,-999,-999,-999,-999,-999,-999
13085004,20160131000000,43.254167,5.594333,248,5,8.3,14.4,11.7,-999,-999,-999,-999,-999,-999,-999,-999
13085004,20160201000000,43.254167,5.594333,248,5,12.3,18.3,13.2,-999,-999,-999,-999,-999,-999,-999,-999
13085004,20160202000000,43.254167,5.594333,248,5,6,14.8,10.7,-999,-999,-999,-999,-999,-999,-999,-999
13085004,20160203000000,43.254167,5.594333,248,5,7.5,14.3,9.7,-999,-999,-999,-999,-999,-999,-999,-999
13085004,20160204000000,43.254167,5.594333,248,5,5,9.8,7.6,-999,-999,-999,-999,-999,-999,-999,-999
13085004,20160205000000,43.254167,5.594333,248,5,8,15.1,10,-999,-999,-999,-999,-999,-999,-999,-999
13085004,20160206000000,43.254167,5.594333,248,5,5.1,13,11.1,-999,-999,-999,-999,-999,-999,-999,-999
13085004,20160207000000,43.254167,5.594333,248,5,7.4,11.6,9.8,-999,-999,-999,-999,-999,-999,-999,-999
13085004,20160208000000,43.254167,5.594333,248,5,6.1,14.3,8.7,-999,-999,-999,-999,-999,-999,-999,-999
13085004,20160209000000,43.254167,5.594333,248,5,3.9,12.4,9.4,-999,-999,-999,-999,-999,-999,-999,-999
13085004,20160210000000,43.254167,5.594333,248,5,5.3,8.3,6.4,-999,-999,-999,-999,-999,-999,-999,-999
13085004,20160211000000,43.254167,5.594333,248,5,0.2,10.3,5.9,-999,-999,-999,-999,-999,-999,-999,-999
13085004,20160212000000,43.254167,5.594333,248,5,2.7,10.8,7.5,-999,-999,-999,-999,-999,-999,-999,-999
13085004,20160213000000,43.254167,5.594333,248,5,6.3,13.1,8.8,-999,-999,-999,-999,-999,-999,-999,-999
13085004,20160214000000,43.254167,5.594333,248,5,7,12.7,8.4,-999,-999,-999,-999,-999,-999,-999,-999
13085004,20160215000000,43.254167,5.594333,248,5,2,12.1,6.5,-999,-999,-999,-999,-999,-999,-999,-999
13085004,20160216000000,43.254167,5.594333,248,5,3.3,9.9,6.1,-999,-999,-999,-999,-999,-999,-999,-999
13085004,20160217000000,43.254167,5.594333,248,5,0.9,9.5,3.7,-999,-999,-999,-999,-999,-999,-999,-999
13085004,20160218000000,43.254167,5.594333,248,5,-0.1,10.8,6.3,-999,-999,-999,-999,-999,-999,-999,-999
13085004,20160219000000,43.254167,5.594333,248,5,2.9,9.3,6.3,-999,-999,-999,-999,-999,-999,-999,-999
13085004,20160220000000,43.254167,5.594333,248,5,4.4,12.8,8.1,-999,-999,-999,-999,-999,-999,-999,-999
13085004,20160221000000,43.254167,5.594333,248,5,7.4,19.3,11.2,-999,-999,-999,-999,-999,-999,-999,-999
13085004,20160222000000,43.254167,5.594333,248,5,6,15,11.3,-999,-999,-999,-999,-999,-999,-999,-999
13085004,20160223000000,43.254167,5.594333,248,5,7.4,15,10.9,-999,-999,-999,-999,-999,-999,-999,-999
13085004,20160224000000,43.254167,5.594333,248,5,7.7,15.6,9.9,-999,-999,-999,-999,-999,-999,-999,-999
13085004,20160225000000,43.254167,5.594333,248,5,4.4,14.1,9.2,-999,-999,-999,-999,-999,-999,-999,-999
13085004,20160226000000,43.254167,5.594333,248,5,2.5,11,6.9,-999,-999,-999,-999,-999,-999,-999,-999
13085004,20160227000000,43.254167,5.594333,248,5,6.2,9.7,7.5,-999,-999,-999,-999,-999,-999,-999,-999
13085004,20160228000000,43.254167,5.594333,248,5,5.3,10.6,7.9,-999,-999,-999,-999,-999,-999,-999,-999
13085004,20160229000000,43.254167,5.594333,248,5,5,11.4,6.7,-999,-999,-999,-999,-999,-999,-999,-999
13085004,20160301000000,43.254167,5.594333,248,5,4.9,11.8,8.1,-999,-999,-999,-999,-999,-999,-999,-999
13085004,20160302000000,43.254167,5.594333,248,5,7.2,13.6,9.7,-999,-999,-999,-999,-999,-999,-999,-999
13085004,20160303000000,43.254167,5.594333,248,5,4.7,11.8,8.1,-999,-999,-999,-999,-999,-999,-999,-999
13085004,20160304000000,43.254167,5.594333,248,5,3.8,11.9,9.2,-999,-999,-999,-999,-999,-999,-999,-999
13085004,20160305000000,43.254167,5.594333,248,5,5.8,11.6,8.1,-999,-999,-999,-999,-999,-999,-999,-999
13085004,20160306000000,43.254167,5.594333,248,5,2.6,9.2,5.7,-999,-999,-999,-999,-999,-999,-999,-999
13085004,20160307000000,43.254167,5.594333,248,5,1.7,10.9,6.3,-999,-999,-999,-999,-999,-999,-999,-999
13085004,20160308000000,43.254167,5.594333,248,5,1.7,8.7,4.8,-999,-999,-999,-999,-999,-999,-999,-999
13085004,20160309000000,43.254167,5.594333,248,5,1.1,11.2,5.7,-999,-999,-999,-999,-999,-999,-999,-999
13085004,20160310000000,43.254167,5.594333,248,5,2.9,14.6,7.6,-999,-999,-999,-999,-999,-999,-999,-999
13085004,20160311000000,43.254167,5.594333,248,5,-0.2,14.2,7.2,-999,-999,-999,-999,-999,-999,-999,-999
13085004,20160312000000,43.254167,5.594333,248,5,2.3,14.4,8.2,-999,-999,-999,-999,-999,-999,-999,-999
13085004,20160313000000,43.254167,5.594333,248,5,1.2,14.5,7.9,-999,-999,-999,-999,-999,-999,-999,-999
13085004,20160314000000,43.254167,5.594333,248,5,2.3,13.8,7.9,-999,-999,-999,-999,-999,-999,-999,-999
13085004,20160315000000,43.254167,5.594333,248,5,2.1,14.2,8.9,-999,-999,-999,-999,-999,-999,-999,-999
13085004,20160316000000,43.254167,5.594333,248,5,5.9,8.6,7.2,-999,-999,-999,-999,-999,-999,-999,-999
13085004,20160317000000,43.254167,5.594333,248,5,6.7,13.5,9.2,-999,-999,-999,-999,-999,-999,-999,-999
13085004,20160318000000,43.254167,5.594333,248,5,5,14.9,9.2,-999,-999,-999,-999,-999,-999,-999,-999
13085004,20160319000000,43.254167,5.594333,248,5,1.8,14.8,8.1,-999,-999,-999,-999,-999,-999,-999,-999
13085004,20160320000000,43.254167,5.594333,248,5,3.4,15.1,9.7,-999,-999,-999,-999,-999,-999,-999,-999
13085004,20160321000000,43.254167,5.594333,248,5,7.6,17.2,11.4,-999,-999,-999,-999,-999,-999,-999,-999
13085004,20160322000000,43.254167,5.594333,248,5,4.1,19,10.2,-999,-999,-999,-999,-999,-999,-999,-999
13085004,20160323000000,43.254167,5.594333,248,5,5.1,17,9.2,-999,-999,-999,-999,-999,-999,-999,-999
13085004,20160324000000,43.254167,5.594333,248,5,1.9,17,10.4,-999,-999,-999,-999,-999,-999,-999,-999
13085004,20160325000000,43.254167,5.594333,248,5,4.2,14,10.2,-999,-999,-999,-999,-999,-999,-999,-999
13085004,20160326000000,43.254167,5.594333,248,5,4.2,15.6,10.1,-999,-999,-999,-999,-999,-999,-999,-999
13085004,20160327000000,43.254167,5.594333,248,5,6,12.7,9.8,-999,-999,-999,-999,-999,-999,-999,-999
13085004,20160328000000,43.254167,5.594333,248,5,4.2,15.6,10.1,-999,-999,-999,-999,-999,-999,-999,-999
13085004,20160329000000,43.254167,5.594333,248,5,-999,-999,11.5,-999,-999,-999,-999,-999,-999,-999,-999
13085004,20160330000000,43.254167,5.594333,248,5,7.5,19.8,14.4,-999,-999,-999,-999,-999,-999,-999,-999
13085004,20160331000000,43.254167,5.594333,248,5,12.5,20.7,16.2,-999,-999,-999,-999,-999,-999,-999,-999
13085004,20160401000000,43.254167,5.594333,248,5,10.3,16.8,12.3,-999,-999,-999,-999,-999,-999,-999,-999
13085004,20160402000000,43.254167,5.594333,248,5,10.4,19.6,16,-999,-999,-999,-999,-999,-999,-999,-999
13085004,20160403000000,43.254167,5.594333,248,5,14,15.7,14.3,-999,-999,-999,-999,-999,-999,-999,-999
13085004,20160404000000,43.254167,5.594333,248,5,11.3,16,14.1,-999,-999,-999,-999,-999,-999,-999,-999
13085004,20160405000000,43.254167,5.594333,248,5,12.9,20.8,15.6,-999,-999,-999,-999,-999,-999,-999,-999
13085004,20160407000000,43.254167,5.594333,248,5,-999,18.9,13.6,-999,-999,-999,-999,-999,-999,-999,-999
13085004,20160408000000,43.254167,5.594333,248,5,6.9,13.9,9.7,-999,-999,-999,-999,-999,-999,-999,-999
13085004,20160409000000,43.254167,5.594333,248,5,5.8,16.2,10.9,-999,-999,-999,-999,-999,-999,-999,-999
13085004,20160410000000,43.254167,5.594333,248,5,5,18,12.5,-999,-999,-999,-999,-999,-999,-999,-999
13085004,20160411000000,43.254167,5.594333,248,5,8.3,18.2,13.7,-999,-999,-999,-999,-999,-999,-999,-999
13085004,20160412000000,43.254167,5.594333,248,5,10.2,19.3,14.4,-999,-999,-999,-999,-999,-999,-999,-999
13085004,20160413000000,43.254167,5.594333,248,5,11,17.8,13.6,-999,-999,-999,-999,-999,-999,-999,-999
13085004,20160414000000,43.254167,5.594333,248,5,6.5,19.6,13.5,-999,-999,-999,-999,-999,-999,-999,-999
13085004,20160415000000,43.254167,5.594333,248,5,7.4,18.2,14.5,-999,-999,-999,-999,-999,-999,-999,-999
13085004,20160416000000,43.254167,5.594333,248,5,12.2,21.3,16.7,-999,-999,-999,-999,-999,-999,-999,-999
13085004,20160417000000,43.254167,5.594333,248,5,14.3,20,16.1,-999,-999,-999,-999,-999,-999,-999,-999
13085004,20160418000000,43.254167,5.594333,248,5,10.5,16.8,12.6,-999,-999,-999,-999,-999,-999,-999,-999
13085004,20160419000000,43.254167,5.594333,248,5,6.8,20.2,12.8,-999,-999,-999,-999,-999,-999,-999,-999
13085004,20160420000000,43.254167,5.594333,248,5,-999,-999,16.7,-999,-999,-999,-999,-999,-999,-999,-999
13085004,20160421000000,43.254167,5.594333,248,5,13,18.9,15.7,-999,-999,-999,-999,-999,-999,-999,-999
13085004,20160422000000,43.254167,5.594333,248,5,8,18.6,13.4,-999,-999,-999,-999,-999,-999,-999,-999
13085004,20160423000000,43.254167,5.594333,248,5,9,18.7,14.1,-999,-999,-999,-999,-999,-999,-999,-999
13085004,20160424000000,43.254167,5.594333,248,5,7.6,12.6,9.8,-999,-999,-999,-999,-999,-999,-999,-999
13085004,20160425000000,43.254167,5.594333,248,5,5.9,14.3,10.1,-999,-999,-999,-999,-999,-999,-999,-999
13085004,20160426000000,43.254167,5.594333,248,5,7.7,15.3,11.9,-999,-999,-999,-999,-999,-999,-999,-999
13085004,20160427000000,43.254167,5.594333,248,5,8.1,15,11.2,-999,-999,-999,-999,-999,-999,-999,-999
13085004,20160428000000,43.254167,5.594333,248,5,6.9,17.6,11.9,-999,-999,-999,-999,-999,-999,-999,-999
13085004,20160429000000,43.254167,5.594333,248,5,3,19.4,10.8,-999,-999,-999,-999,-999,-999,-999,-999
13085004,20160430000000,43.254167,5.594333,248,5,3.2,15.1,9.7,-999,-999,-999,-999,-999,-999,-999,-999
13085004,20160501000000,43.254167,5.594333,248,5,6.2,14.2,9.4,-999,-999,-999,-999,-999,-999,-999,-999
13085004,20160502000000,43.254167,5.594333,248,5,7.3,23,14.3,-999,-999,-999,-999,-999,-999,-999,-999
13085004,20160503000000,43.254167,5.594333,248,5,8.2,21.2,15.7,-999,-999,-999,-999,-999,-999,-999,-999
13085004,20160504000000,43.254167,5.594333,248,5,9,21.9,15,-999,-999,-999,-999,-999,-999,-999,-999
13085004,20160505000000,43.254167,5.594333,248,5,5.2,23,16,-999,-999,-999,-999,-999,-999,-999,-999
13085004,20160506000000,43.254167,5.594333,248,5,12.8,22.8,17.3,-999,-999,-999,-999,-999,-999,-999,-999
13085004,20160507000000,43.254167,5.594333,248,5,11,22.7,17.2,-999,-999,-999,-999,-999,-999,-999,-999
13085004,20160508000000,43.254167,5.594333,248,5,12.9,20.8,15.7,-999,-999,-999,-999,-999,-999,-999,-999
13085004,20160509000000,43.254167,5.594333,248,5,12.7,20.7,16.5,-999,-999,-999,-999,-999,-999,-999,-999
13085004,20160510000000,43.254167,5.594333,248,5,15.9,23.6,17.8,-999,-999,-999,-999,-999,-999,-999,-999
13085004,20160511000000,43.254167,5.594333,248,5,13.8,15.7,14.2,-999,-999,-999,-999,-999,-999,-999,-999
13085004,20160512000000,43.254167,5.594333,248,5,11.3,19.5,14.6,-999,-999,-999,-999,-999,-999,-999,-999
13085004,20160513000000,43.254167,5.594333,248,5,9.3,16.7,14.4,-999,-999,-999,-999,-999,-999,-999,-999
13085004,20160514000000,43.254167,5.594333,248,5,13.5,-999,17.5,-999,-999,-999,-999,-999,-999,-999,-999
13085004,20160515000000,43.254167,5.594333,248,5,-999,19.4,15.1,-999,-999,-999,-999,-999,-999,-999,-999
13085004,20160516000000,43.254167,5.594333,248,5,9.2,20.6,15.6,-999,-999,-999,-999,-999,-999,-999,-999
13085004,20160517000000,43.254167,5.594333,248,5,10.8,20.8,15.1,-999,-999,-999,-999,-999,-999,-999,-999
13085004,20160518000000,43.254167,5.594333,248,5,6.9,21.1,14.9,-999,-999,-999,-999,-999,-999,-999,-999
13085004,20160519000000,43.254167,5.594333,248,5,12.4,19,15.6,-999,-999,-999,-999,-999,-999,-999,-999
13085004,20160520000000,43.254167,5.594333,248,5,10.4,24.6,16.7,-999,-999,-999,-999,-999,-999,-999,-999
13085004,20160521000000,43.254167,5.594333,248,5,8.1,23.4,16.3,-999,-999,-999,-999,-999,-999,-999,-999
13085004,20160522000000,43.254167,5.594333,248,5,8.5,23.7,16.4,-999,-999,-999,-999,-999,-999,-999,-999
13085004,20160523000000,43.254167,5.594333,248,5,8.9,18.5,14,-999,-999,-999,-999,-999,-999,-999,-999
13085004,20160524000000,43.254167,5.594333,248,5,-999,-999,14.4,-999,-999,-999,-999,-999,-999,-999,-999
13085004,20160525000000,43.254167,5.594333,248,5,-999,-999,15.4,-999,-999,-999,-999,-999,-999,-999,-999
13085004,20160526000000,43.254167,5.594333,248,5,10.2,24.5,18.7,-999,-999,-999,-999,-999,-999,-999,-999
13085004,20160527000000,43.254167,5.594333,248,5,14.4,27.4,20.6,-999,-999,-999,-999,-999,-999,-999,-999
13085004,20160528000000,43.254167,5.594333,248,5,12.4,21.2,17.7,-999,-999,-999,-999,-999,-999,-999,-999
13085004,20160529000000,43.254167,5.594333,248,5,14.3,-999,17.6,-999,-999,-999,-999,-999,-999,-999,-999
13085004,20160530000000,43.254167,5.594333,248,5,-999,-999,17.3,-999,-999,-999,-999,-999,-999,-999,-999
13085004,20160531000000,43.254167,5.594333,248,5,-999,21,16.6,-999,-999,-999,-999,-999,-999,-999,-999
13085004,20160601000000,43.254167,5.594333,248,5,13.5,-999,15.8,-999,-999,-999,-999,-999,-999,-999,-999
13085004,20160602000000,43.254167,5.594333,248,5,-999,23,18.3,-999,-999,-999,-999,-999,-999,-999,-999
13085004,20160603000000,43.254167,5.594333,248,5,14.1,22.5,18.1,-999,-999,-999,-999,-999,-999,-999,-999
13085004,20160604000000,43.254167,5.594333,248,5,11.9,24.3,18.4,-999,-999,-999,-999,-999,-999,-999,-999
13085004,20160605000000,43.254167,5.594333,248,5,12.4,26.3,19.4,-999,-999,-999,-999,-999,-999,-999,-999
13085004,20160606000000,43.254167,5.594333,248,5,13.5,24.5,19.2,-999,-999,-999,-999,-999,-999,-999,-999
13085004,20160607000000,43.254167,5.594333,248,5,13.2,28.1,20.8,-999,-999,-999,-999,-999,-999,-999,-999
13085004,20160608000000,43.254167,5.594333,248,5,15.3,31.4,22.8,-999,-999,-999,-999,-999,-999,-999,-999
13085004,20160609000000,43.254167,5.594333,248,5,16.5,29.3,22.8,-999,-999,-999,-999,-999,-999,-999,-999
13085004,20160610000000,43.254167,5.594333,248,5,14,26,20.6,-999,-999,-999,-999,-999,-999,-999,-999
13085004,20160611000000,43.254167,5.594333,248,5,16.3,25.8,20.8,-999,-999,-999,-999,-999,-999,-999,-999
13085004,20160612000000,43.254167,5.594333,248,5,17.3,25.4,21.4,-999,-999,-999,-999,-999,-999,-999,-999
13085004,20160613000000,43.254167,5.594333,248,5,18.1,25.7,21.1,-999,-999,-999,-999,-999,-999,-999,-999
13085004,20160614000000,43.254167,5.594333,248,5,16.5,24.1,19.6,-999,-999,-999,-999,-999,-999,-999,-999
13085004,20160615000000,43.254167,5.594333,248,5,14.9,19.9,17.5,-999,-999,-999,-999,-999,-999,-999,-999
13085004,20160616000000,43.254167,5.594333,248,5,16.9,22.6,18.8,-999,-999,-999,-999,-999,-999,-999,-999
13085004,20160617000000,43.254167,5.594333,248,5,13.3,21.4,16.8,-999,-999,-999,-999,-999,-999,-999,-999
13085004,20160618000000,43.254167,5.594333,248,5,11.3,21.4,17.1,-999,-999,-999,-999,-999,-999,-999,-999
13085004,20160619000000,43.254167,5.594333,248,5,14.3,24.3,19.6,-999,-999,-999,-999,-999,-999,-999,-999
13085004,20160620000000,43.254167,5.594333,248,5,15.9,27.9,22,-999,-999,-999,-999,-999,-999,-999,-999
13085004,20160621000000,43.254167,5.594333,248,5,16.7,26.7,21.5,-999,-999,-999,-999,-999,-999,-999,-999
13085004,20160622000000,43.254167,5.594333,248,5,15.1,27.9,22,-999,-999,-999,-999,-999,-999,-999,-999
13085004,20160623000000,43.254167,5.594333,248,5,14.2,30.7,23.3,-999,-999,-999,-999,-999,-999,-999,-999
13085004,20160624000000,43.254167,5.594333,248,5,14.8,31.7,23.8,-999,-999,-999,-999,-999,-999,-999,-999
13085004,20160625000000,43.254167,5.594333,248,5,17.4,31.2,25.3,-999,-999,-999,-999,-999,-999,-999,-999
13085004,20160626000000,43.254167,5.594333,248,5,19.3,28.4,23.7,-999,-999,-999,-999,-999,-999,-999,-999
13085004,20160627000000,43.254167,5.594333,248,5,16.8,28.3,22.4,-999,-999,-999,-999,-999,-999,-999,-999
13085004,20160628000000,43.254167,5.594333,248,5,14.4,29.2,22.6,-999,-999,-999,-999,-999,-999,-999,-999
13085004,20160629000000,43.254167,5.594333,248,5,14.8,28.3,22.1,-999,-999,-999,-999,-999,-999,-999,-999
13085004,20160630000000,43.254167,5.594333,248,5,16.9,28.8,23.4,-999,-999,-999,-999,-999,-999,-999,-999
13085004,20160701000000,43.254167,5.594333,248,5,16.5,29,23.3,-999,-999,-999,-999,-999,-999,-999,-999
13085004,20160702000000,43.254167,5.594333,248,5,16.4,30,23.9,-999,-999,-999,-999,-999,-999,-999,-999
13085004,20160703000000,43.254167,5.594333,248,5,18,29.1,23.7,-999,-999,-999,-999,-999,-999,-999,-999
13085004,20160704000000,43.254167,5.594333,248,5,15.5,29.7,23.2,-999,-999,-999,-999,-999,-999,-999,-999
13085004,20160705000000,43.254167,5.594333,248,5,18.4,31.6,26.2,-999,-999,-999,-999,-999,-999,-999,-999
13085004,20160706000000,43.254167,5.594333,248,5,20.5,32.3,26.3,-999,-999,-999,-999,-999,-999,-999,-999
13085004,20160707000000,43.254167,5.594333,248,5,15.2,31.3,24.4,-999,-999,-999,-999,-999,-999,-999,-999
13085004,20160708000000,43.254167,5.594333,248,5,18.6,32.3,26.1,-999,-999,-999,-999,-999,-999,-999,-999
13085004,20160709000000,43.254167,5.594333,248,5,20,30,25.2,-999,-999,-999,-999,-999,-999,-999,-999
13085004,20160710000000,43.254167,5.594333,248,5,18.6,29.3,24.8,-999,-999,-999,-999,-999,-999,-999,-999
13085004,20160711000000,43.254167,5.594333,248,5,18.7,32.1,25.2,-999,-999,-999,-999,-999,-999,-999,-999
13085004,20160712000000,43.254167,5.594333,248,5,19.7,32.4,25,-999,-999,-999,-999,-999,-999,-999,-999
13085004,20160713000000,43.254167,5.594333,248,5,17.5,24.3,20.4,-999,-999,-999,-999,-999,-999,-999,-999
13085004,20160714000000,43.254167,5.594333,248,5,14.8,22.3,17.8,-999,-999,-999,-999,-999,-999,-999,-999
13085004,20160715000000,43.254167,5.594333,248,5,14.5,27.2,20.8,-999,-999,-999,-999,-999,-999,-999,-999
13085004,20160716000000,43.254167,5.594333,248,5,12.4,26.6,20.4,-999,-999,-999,-999,-999,-999,-999,-999
13085004,20160717000000,43.254167,5.594333,248,5,11.3,26.5,20.1,-999,-999,-999,-999,-999,-999,-999,-999
13085004,20160718000000,43.254167,5.594333,248,5,12,30.2,21.2,-999,-999,-999,-999,-999,-999,-999,-999
13085004,20160719000000,43.254167,5.594333,248,5,14,30.6,22.7,-999,-999,-999,-999,-999,-999,-999,-999
13085004,20160720000000,43.254167,5.594333,248,5,13.4,30.1,23.2,-999,-999,-999,-999,-999,-999,-999,-999
13085004,20160721000000,43.254167,5.594333,248,5,19.6,29.6,24.4,-999,-999,-999,-999,-999,-999,-999,-999
13085004,20160722000000,43.254167,5.594333,248,5,20.5,29.8,24.2,-999,-999,-999,-999,-999,-999,-999,-999
13085004,20160723000000,43.254167,5.594333,248,5,17,24.4,20,-999,-999,-999,-999,-999,-999,-999,-999
13085004,20160724000000,43.254167,5.594333,248,5,16.8,31.1,23.4,-999,-999,-999,-999,-999,-999,-999,-999
13085004,20160725000000,43.254167,5.594333,248,5,16.5,32.1,25.5,-999,-999,-999,-999,-999,-999,-999,-999
13085004,20160726000000,43.254167,5.594333,248,5,19.2,33.7,27,-999,-999,-999,-999,-999,-999,-999,-999
13085004,20160727000000,43.254167,5.594333,248,5,19.3,31.7,26.1,-999,-999,-999,-999,-999,-999,-999,-999
13085004,20160728000000,43.254167,5.594333,248,5,19.4,31.4,25.3,-999,-999,-999,-999,-999,-999,-999,-999
13085004,20160729000000,43.254167,5.594333,248,5,18.6,30,24.3,-999,-999,-999,-999,-999,-999,-999,-999
13085004,20160730000000,43.254167,5.594333,248,5,17.8,30.6,24.2,-999,-999,-999,-999,-999,-999,-999,-999
13085004,20160731000000,43.254167,5.594333,248,5,17.7,29.1,23.7,-999,-999,-999,-999,-999,-999,-999,-999
13085004,20160801000000,43.254167,5.594333,248,5,18.4,29.1,23.6,-999,-999,-999,-999,-999,-999,-999,-999
13085004,20160802000000,43.254167,5.594333,248,5,15.4,32.2,24.2,-999,-999,-999,-999,-999,-999,-999,-999
13085004,20160803000000,43.254167,5.594333,248,5,18,30.8,24,-999,-999,-999,-999,-999,-999,-999,-999
13085004,20160804000000,43.254167,5.594333,248,5,15.2,29.2,23.2,-999,-999,-999,-999,-999,-999,-999,-999
13085004,20160805000000,43.254167,5.594333,248,5,17.4,25.7,21.6,-999,-999,-999,-999,-999,-999,-999,-999
13085004,20160806000000,43.254167,5.594333,248,5,17.1,29.2,22.7,-999,-999,-999,-999,-999,-999,-999,-999
13085004,20160807000000,43.254167,5.594333,248,5,13.7,29.7,22.6,-999,-999,-999,-999,-999,-999,-999,-999
13085004,20160808000000,43.254167,5.594333,248,5,14.7,30.1,23,-999,-999,-999,-999,-999,-999,-999,-999
13085004,20160809000000,43.254167,5.594333,248,5,17.7,31.7,23.9,-999,-999,-999,-999,-999,-999,-999,-999
13085004,20160810000000,43.254167,5.594333,248,5,16.4,26.3,20.9,-999,-999,-999,-999,-999,-999,-999,-999
13085004,20160811000000,43.254167,5.594333,248,5,15.4,27.9,20.8,-999,-999,-999,-999,-999,-999,-999,-999
13085004,20160812000000,43.254167,5.594333,248,5,12,27.6,20.4,-999,-999,-999,-999,-999,-999,-999,-999
13085004,20160813000000,43.254167,5.594333,248,5,12.7,28.2,21.2,-999,-999,-999,-999,-999,-999,-999,-999
13085004,20160814000000,43.254167,5.594333,248,5,13.2,28.6,21.8,-999,-999,-999,-999,-999,-999,-999,-999
13085004,20160815000000,43.254167,5.594333,248,5,12.8,29.6,21.4,-999,-999,-999,-999,-999,-999,-999,-999
13085004,20160816000000,43.254167,5.594333,248,5,14.2,27.2,21.1,-999,-999,-999,-999,-999,-999,-999,-999
13085004,20160817000000,43.254167,5.594333,248,5,16.6,28,22.6,-999,-999,-999,-999,-999,-999,-999,-999
13085004,20160818000000,43.254167,5.594333,248,5,16.9,30.5,24.2,-999,-999,-999,-999,-999,-999,-999,-999
13085004,20160819000000,43.254167,5.594333,248,5,18.1,28,22.7,-999,-999,-999,-999,-999,-999,-999,-999
13085004,20160820000000,43.254167,5.594333,248,5,17.2,28,23.1,-999,-999,-999,-999,-999,-999,-999,-999
13085004,20160821000000,43.254167,5.594333,248,5,17.3,25.8,21.9,-999,-999,-999,-999,-999,-999,-999,-999
13085004,20160822000000,43.254167,5.594333,248,5,16.1,30.3,23.1,-999,-999,-999,-999,-999,-999,-999,-999
13085004,20160823000000,43.254167,5.594333,248,5,14.8,29.2,22.4,-999,-999,-999,-999,-999,-999,-999,-999
13085004,20160824000000,43.254167,5.594333,248,5,15.3,30.8,23.5,-999,-999,-999,-999,-999,-999,-999,-999
13085004,20160825000000,43.254167,5.594333,248,5,16.1,30.7,23.9,-999,-999,-999,-999,-999,-999,-999,-999
13085004,20160826000000,43.254167,5.594333,248,5,16.4,30.7,24,-999,-999,-999,-999,-999,-999,-999,-999
13085004,20160827000000,43.254167,5.594333,248,5,16.5,30.3,23.5,-999,-999,-999,-999,-999,-999,-999,-999
13085004,20160828000000,43.254167,5.594333,248,5,15.6,28.2,22.4,-999,-999,-999,-999,-999,-999,-999,-999
13085004,20160829000000,43.254167,5.594333,248,5,20.6,31,24.5,-999,-999,-999,-999,-999,-999,-999,-999
13085004,20160830000000,43.254167,5.594333,248,5,18.2,28.2,22,-999,-999,-999,-999,-999,-999,-999,-999
13085004,20160831000000,43.254167,5.594333,248,5,15.5,27.9,22.6,-999,-999,-999,-999,-999,-999,-999,-999
13085004,20160901000000,43.254167,5.594333,248,5,18.2,31.4,24.7,-999,-999,-999,-999,-999,-999,-999,-999
13085004,20160902000000,43.254167,5.594333,248,5,16.6,29.8,23.1,-999,-999,-999,-999,-999,-999,-999,-999
13085004,20160903000000,43.254167,5.594333,248,5,15.9,31.3,23.5,-999,-999,-999,-999,-999,-999,-999,-999
13085004,20160904000000,43.254167,5.594333,248,5,14.9,32.5,24.5,-999,-999,-999,-999,-999,-999,-999,-999
13085004,20160905000000,43.254167,5.594333,248,5,22.3,30.9,25.8,-999,-999,-999,-999,-999,-999,-999,-999
13085004,20160906000000,43.254167,5.594333,248,5,19.8,29.6,24.1,-999,-999,-999,-999,-999,-999,-999,-999
13085004,20160907000000,43.254167,5.594333,248,5,19.2,27.2,22.4,-999,-999,-999,-999,-999,-999,-999,-999
13085004,20160908000000,43.254167,5.594333,248,5,15.8,29.4,22.7,-999,-999,-999,-999,-999,-999,-999,-999
13085004,20160909000000,43.254167,5.594333,248,5,16.3,29.9,22.8,-999,-999,-999,-999,-999,-999,-999,-999
13085004,20160910000000,43.254167,5.594333,248,5,15.4,30.3,23,-999,-999,-999,-999,-999,-999,-999,-999
13085004,20160911000000,43.254167,5.594333,248,5,16.6,31.2,23.6,-999,-999,-999,-999,-999,-999,-999,-999
13085004,20160912000000,43.254167,5.594333,248,5,16.4,29.1,23,-999,-999,-999,-999,-999,-999,-999,-999
13085004,20160913000000,43.254167,5.594333,248,5,17.2,29.4,23.2,-999,-999,-999,-999,-999,-999,-999,-999
13085004,20160914000000,43.254167,5.594333,248,5,19.9,25,21.9,-999,-999,-999,-999,-999,-999,-999,-999
13085004,20160915000000,43.254167,5.594333,248,5,16.5,22.7,19.5,-999,-999,-999,-999,-999,-999,-999,-999
13085004,20160916000000,43.254167,5.594333,248,5,15.1,23,18.6,-999,-999,-999,-999,-999,-999,-999,-999
13085004,20160917000000,43.254167,5.594333,248,5,15.9,20.8,17.3,-999,-999,-999,-999,-999,-999,-999,-999
13085004,20160918000000,43.254167,5.594333,248,5,13.8,19.6,16.6,-999,-999,-999,-999,-999,-999,-999,-999
13085004,20160919000000,43.254167,5.594333,248,5,15.1,25.1,19.1,-999,-999,-999,-999,-999,-999,-999,-999
13085004,20160920000000,43.254167,5.594333,248,5,12.4,25.3,18.2,-999,-999,-999,-999,-999,-999,-999,-999
13085004,20160921000000,43.254167,5.594333,248,5,-999,-999,16.4,-999,-999,-999,-999,-999,-999,-999,-999
13085004,20160922000000,43.254167,5.594333,248,5,10,23.7,16.5,-999,-999,-999,-999,-999,-999,-999,-999
13085004,20160923000000,43.254167,5.594333,248,5,10.1,24,16.7,-999,-999,-999,-999,-999,-999,-999,-999
13085004,20160924000000,43.254167,5.594333,248,5,11.3,23.2,17.8,-999,-999,-999,-999,-999,-999,-999,-999
13085004,20160925000000,43.254167,5.594333,248,5,13.2,24,18.5,-999,-999,-999,-999,-999,-999,-999,-999
13085004,20160926000000,43.254167,5.594333,248,5,13.1,23.9,18,-999,-999,-999,-999,-999,-999,-999,-999
13085004,20160927000000,43.254167,5.594333,248,5,12.5,25.6,17.2,-999,-999,-999,-999,-999,-999,-999,-999
13085004,20160928000000,43.254167,5.594333,248,5,10.3,25.4,16.7,-999,-999,-999,-999,-999,-999,-999,-999
13085004,20160929000000,43.254167,5.594333,248,5,10.3,25.3,16.8,-999,-999,-999,-999,-999,-999,-999,-999
13085004,20160930000000,43.254167,5.594333,248,5,10.5,22.2,17.2,-999,-999,-999,-999,-999,-999,-999,-999
13085004,20161001000000,43.254167,5.594333,248,5,15.8,22.6,18.7,-999,-999,-999,-999,-999,-999,-999,-999
13085004,20161002000000,43.254167,5.594333,248,5,13.4,24.4,18.1,-999,-999,-999,-999,-999,-999,-999,-999
13085004,20161003000000,43.254167,5.594333,248,5,11.9,23.8,15.2,-999,-999,-999,-999,-999,-999,-999,-999
13085004,20161004000000,43.254167,5.594333,248,5,7.9,24.3,15.1,-999,-999,-999,-999,-999,-999,-999,-999
13085004,20161005000000,43.254167,5.594333,248,5,7.7,22.3,15.8,-999,-999,-999,-999,-999,-999,-999,-999
13085004,20161006000000,43.254167,5.594333,248,5,9.2,19.2,13.7,-999,-999,-999,-999,-999,-999,-999,-999
13085004,20161007000000,43.254167,5.594333,248,5,9.2,20.5,14.1,-999,-999,-999,-999,-999,-999,-999,-999
13085004,20161008000000,43.254167,5.594333,248,5,9.8,18.8,13.7,-999,-999,-999,-999,-999,-999,-999,-999
13085004,20161009000000,43.254167,5.594333,248,5,7.6,19.9,12.8,-999,-999,-999,-999,-999,-999,-999,-999
13085004,20161010000000,43.254167,5.594333,248,5,6.2,17.9,11.3,-999,-999,-999,-999,-999,-999,-999,-999
13085004,20161011000000,43.254167,5.594333,248,5,6.9,16.9,10.7,-999,-999,-999,-999,-999,-999,-999,-999
13085004,20161012000000,43.254167,5.594333,248,5,7.5,17.8,14.2,-999,-999,-999,-999,-999,-999,-999,-999
13085004,20161013000000,43.254167,5.594333,248,5,12.5,16.7,14,-999,-999,-999,-999,-999,-999,-999,-999
13085004,20161014000000,43.254167,5.594333,248,5,14.3,18,15.6,-999,-999,-999,-999,-999,-999,-999,-999
13085004,20161015000000,43.254167,5.594333,248,5,9,20.7,13.3,-999,-999,-999,-999,-999,-999,-999,-999
13085004,20161016000000,43.254167,5.594333,248,5,8.5,19.3,15,-999,-999,-999,-999,-999,-999,-999,-999
13085004,20161017000000,43.254167,5.594333,248,5,13.7,18.9,15.2,-999,-999,-999,-999,-999,-999,-999,-999
13085004,20161018000000,43.254167,5.594333,248,5,10,19.5,14.9,-999,-999,-999,-999,-999,-999,-999,-999
13085004,20161019000000,43.254167,5.594333,248,5,9.7,17.2,12.9,-999,-999,-999,-999,-999,-999,-999,-999
13085004,20161020000000,43.254167,5.594333,248,5,7.9,16.1,11,-999,-999,-999,-999,-999,-999,-999,-999
13085004,20161021000000,43.254167,5.594333,248,5,5.2,17.4,10.1,-999,-999,-999,-999,-999,-999,-999,-999
13085004,20161022000000,43.254167,5.594333,248,5,3.4,16.7,10.5,-999,-999,-999,-999,-999,-999,-999,-999
13085004,20161023000000,43.254167,5.594333,248,5,10.4,16.9,14.4,-999,-999,-999,-999,-999,-999,-999,-999
13085004,20161024000000,43.254167,5.594333,248,5,15,25.1,19.5,-999,-999,-999,-999,-999,-999,-999,-999
13085004,20161025000000,43.254167,5.594333,248,5,-999,-999,18.2,-999,-999,-999,-999,-999,-999,-999,-999
13085004,20161026000000,43.254167,5.594333,248,5,13.5,21.4,16.6,-999,-999,-999,-999,-999,-999,-999,-999
13085004,20161027000000,43.254167,5.594333,248,5,10.7,22.6,15,-999,-999,-999,-999,-999,-999,-999,-999
13085004,20161028000000,43.254167,5.594333,248,5,8.6,20.3,13.2,-999,-999,-999,-999,-999,-999,-999,-999
13085004,20161029000000,43.254167,5.594333,248,5,6.9,20.7,12.4,-999,-999,-999,-999,-999,-999,-999,-999
13085004,20161030000000,43.254167,5.594333,248,5,5.9,21.8,12.4,-999,-999,-999,-999,-999,-999,-999,-999
13085004,20161031000000,43.254167,5.594333,248,5,7.2,19.3,13,-999,-999,-999,-999,-999,-999,-999,-999
13085004,20161101000000,43.254167,5.594333,248,5,8.4,19.7,14.8,-999,-999,-999,-999,-999,-999,-999,-999
13085004,20161102000000,43.254167,5.594333,248,5,13.9,18.4,15.4,-999,-999,-999,-999,-999,-999,-999,-999
13085004,20161103000000,43.254167,5.594333,248,5,8.3,17.2,10.8,-999,-999,-999,-999,-999,-999,-999,-999
13085004,20161104000000,43.254167,5.594333,248,5,6.6,18.6,13.4,-999,-999,-999,-999,-999,-999,-999,-999
13085004,20161105000000,43.254167,5.594333,248,5,13.1,18,16.5,-999,-999,-999,-999,-999,-999,-999,-999
13085004,20161106000000,43.254167,5.594333,248,5,8.3,11.7,9.4,-999,-999,-999,-999,-999,-999,-999,-999
13085004,20161107000000,43.254167,5.594333,248,5,4.2,10.4,6.9,-999,-999,-999,-999,-999,-999,-999,-999
13085004,20161108000000,43.254167,5.594333,248,5,4.4,9.8,6.8,-999,-999,-999,-999,-999,-999,-999,-999
13085004,20161109000000,43.254167,5.594333,248,5,3.2,9.4,6.8,-999,-999,-999,-999,-999,-999,-999,-999
13085004,20161110000000,43.254167,5.594333,248,5,6.1,13.7,10.2,-999,-999,-999,-999,-999,-999,-999,-999
13085004,20161111000000,43.254167,5.594333,248,5,9.6,12.6,10.6,-999,-999,-999,-999,-999,-999,-999,-999
13085004,20161112000000,43.254167,5.594333,248,5,4.6,12,6.5,-999,-999,-999,-999,-999,-999,-999,-999
