6088007,20140101000000,43.738667,7.279167,238,2,3.1,10.7,7,59,93,77,2.3,-999,6.2,-999,-999
6088007,20140102000000,43.738667,7.279167,238,2,7.4,10,8.4,75,95,88,1.9,-999,7.9,-999,-999
6088007,20140103000000,43.738667,7.279167,238,2,7,10.3,9.1,70,95,84,1,-999,4.8,-999,-999
6088007,20140104000000,43.738667,7.279167,238,2,9,12,-999,-999,-999,-999,-999,-999,50,-999,-999
6088007,20140105000000,43.738667,7.279167,238,2,8,13.7,9,50,95,-999,-999,-999,8,-999,-999
6088007,20140106000000,43.738667,7.279167,238,2,5.6,13.8,9.1,46,86,67,2.2,-999,0,-999,-999
6088007,20140107000000,43.738667,7.279167,238,2,6.2,13.3,9.5,69,85,78,1.7,-999,0,-999,-999
6088007,20140108000000,43.738667,7.279167,238,2,7.6,14.2,10.5,63,91,79,1.8,-999,0,-999,-999
6088007,20140109000000,43.738667,7.279167,238,2,6.6,13.2,9.5,56,92,83,1.8,-999,0,-999,-999
6088007,20140110000000,43.738667,7.279167,238,2,5.2,12.4,8.7,62,90,79,2,-999,0,-999,-999
6088007,20140111000000,43.738667,7.279167,238,2,8.2,14.7,10.8,58,89,75,2,-999,0,-999,-999
6088007,20140112000000,43.738667,7.279167,238,2,7.6,14.6,10,66,89,80,1.9,-999,0,-999,-999
6088007,20140113000000,43.738667,7.279167,238,2,7.5,12.5,9.6,66,94,81,1.5,-999,16.1,-999,-999
6088007,20140114000000,43.738667,7.279167,238,2,7.7,12.2,8.6,65,93,80,2.2,-999,0,-999,-999
6088007,20140115000000,43.738667,7.279167,238,2,3.1,12.6,7.4,48,82,69,2.4,-999,0,-999,-999
6088007,20140116000000,43.738667,7.279167,238,2,5.5,10.7,7.2,66,94,85,3,-999,137.1,-999,-999
6088007,20140117000000,43.738667,7.279167,238,2,7.8,11.6,10,88,96,93,1.4,-999,-999,-999,-999
6088007,20140119000000,43.738667,7.279167,238,2,8.5,10,-999,-999,-999,-999,-999,-999,27,-999,-999
6088007,20140120000000,43.738667,7.279167,238,2,6.5,12.3,-999,-999,-999,-999,-999,-999,0,-999,-999
6088007,20140121000000,43.738667,7.279167,238,2,5.9,15,9.7,43,90,73,2.1,-999,0,-999,-999
6088007,20140122000000,43.738667,7.279167,238,2,6.3,12.3,8.5,63,88,76,2,-999,0,-999,-999
6088007,20140123000000,43.738667,7.279167,238,2,5.7,11.3,8.1,60,88,77,1.5,-999,0,-999,-999
6088007,20140124000000,43.738667,7.279167,238,2,3.9,13.3,8.2,25,88,52,2.9,-999,0,-999,-999
6088007,20140125000000,43.738667,7.279167,238,2,3.8,16.2,8.4,22,53,35,3,-999,0,-999,-999
6088007,20140126000000,43.738667,7.279167,238,2,4.5,16.9,10.6,19,69,49,4,-999,0,-999,-999
6088007,20140127000000,43.738667,7.279167,238,2,6.5,12.9,9.3,30,79,54,2.6,-999,0,-999,-999
6088007,20140128000000,43.738667,7.279167,238,2,4.2,10.5,6.8,32,93,58,3.1,-999,2,-999,-999
6088007,20140129000000,43.738667,7.279167,238,2,2.9,6.6,4.9,74,91,84,2.3,-999,12.3,-999,-999
6088007,20140130000000,43.738667,7.279167,238,2,4.6,7.7,5.9,60,94,80,3.8,-999,31.2,-999,-999
6088007,20140131000000,43.738667,7.279167,238,2,5.4,10.5,7.3,67,94,81,2.4,-999,3.3,-999,-999
6088007,20140201000000,43.738667,7.279167,238,2,4.4,10.3,7.3,41,83,61,2.4,-999,1.8,-999,-999
6088007,20140202000000,43.738667,7.279167,238,2,6,8.2,6.9,74,93,83,2.5,-999,7.5,-999,-999
6088007,20140203000000,43.738667,7.279167,238,2,5.5,10.9,8.3,61,92,79,1.9,-999,4.2,-999,-999
6088007,20140204000000,43.738667,7.279167,238,2,4.5,7.1,5.8,77,94,85,2.8,-999,10.1,-999,-999
6088007,20140205000000,43.738667,7.279167,238,2,4.2,9.2,6.1,44,95,82,3,-999,21.2,-999,-999
6088007,20140206000000,43.738667,7.279167,238,2,3.4,12.2,8.1,38,82,64,2.7,-999,2,-999,-999
6088007,20140207000000,43.738667,7.279167,238,2,6.5,12.2,8.3,50,96,79,2.3,-999,4,-999,-999
6088007,20140208000000,43.738667,7.279167,238,2,4.3,9.7,6.5,53,95,79,3.2,-999,37.5,-999,-999
6088007,20140209000000,43.738667,7.279167,238,2,6.4,14.2,9.5,21,86,46,3.4,-999,13.9,-999,-999
6088007,20140210000000,43.738667,7.279167,238,2,4.8,8.6,6.8,74,95,88,2.8,-999,18.8,-999,-999
6088007,20140211000000,43.738667,7.279167,238,2,5.6,13.4,8.8,51,94,76,2.5,-999,0,-999,-999
6088007,20140212000000,43.738667,7.279167,238,2,3.8,14.8,9.1,32,78,59,2.6,-999,0,-999,-999
6088007,20140213000000,43.738667,7.279167,238,2,4.6,13.9,9.8,28,86,57,2.4,-999,0,-999,-999
6088007,20140214000000,43.738667,7.279167,238,2,6,16,10.8,23,74,50,2.1,-999,0,-999,-999
6088007,20140215000000,43.738667,7.279167,238,2,7.9,11.8,10.1,67,98,91,1.2,-999,0.4,-999,-999
6088007,20140216000000,43.738667,7.279167,238,2,7.6,14.5,11,68,97,88,1.7,-999,4.8,-999,-999
6088007,20140217000000,43.738667,7.279167,238,2,7.1,14.9,10.3,48,97,80,2.3,-999,0,-999,-999
6088007,20140218000000,43.738667,7.279167,238,2,5.9,16.2,12,37,86,58,2.2,-999,0,-999,-999
6088007,20140219000000,43.738667,7.279167,238,2,11.3,14.2,12.2,38,94,70,1.9,-999,0.2,-999,-999
6088007,20140220000000,43.738667,7.279167,238,2,8.2,14.8,10.6,53,92,74,2.4,-999,0,-999,-999
6088007,20140221000000,43.738667,7.279167,238,2,6.9,13.3,10.4,40,82,68,2.1,-999,0,-999,-999
6088007,20140222000000,43.738667,7.279167,238,2,6.2,14.5,10,30,66,46,2.7,-999,0,-999,-999
6088007,20140223000000,43.738667,7.279167,238,2,4.6,15,9.5,35,73,55,2.5,-999,0,-999,-999
6088007,20140224000000,43.738667,7.279167,238,2,4.4,13.1,8.7,43,78,64,2.4,-999,0,-999,-999
6088007,20140225000000,43.738667,7.279167,238,2,4.6,12.6,8.3,40,95,71,2.4,-999,19,-999,-999
6088007,20140226000000,43.738667,7.279167,238,2,6.1,10.9,7.1,64,96,85,2.2,-999,1,-999,-999
6088007,20140227000000,43.738667,7.279167,238,2,2.7,11.7,7.3,47,91,70,3,-999,0,-999,-999
6088007,20140228000000,43.738667,7.279167,238,2,4.1,11,7.2,44,92,67,2.7,-999,16.1,-999,-999
6088007,20140301000000,43.738667,7.279167,238,2,2.6,12.2,7.6,38,92,74,2.4,-999,0,-999,-999
6088007,20140302000000,43.738667,7.279167,238,2,4.4,12.6,8.6,55,91,74,2.6,-999,0,-999,-999
6088007,20140303000000,43.738667,7.279167,238,2,4.4,8.8,5.9,67,94,83,2.4,-999,28.6,-999,-999
6088007,20140304000000,43.738667,7.279167,238,2,4.7,15.1,9.2,38,87,60,1.9,-999,0,-999,-999
6088007,20140305000000,43.738667,7.279167,238,2,6.1,17.2,10.8,26,69,49,2.6,-999,0,-999,-999
6088007,20140306000000,43.738667,7.279167,238,2,7.8,18.1,12.5,20,53,38,3.2,-999,0,-999,-999
6088007,20140307000000,43.738667,7.279167,238,2,8.6,18.7,13.1,20,47,37,2.9,-999,0,-999,-999
6088007,20140308000000,43.738667,7.279167,238,2,9.5,18.6,12.9,26,68,44,3,-999,0,-999,-999
6088007,20140309000000,43.738667,7.279167,238,2,6.3,15.8,11.3,33,72,55,2.5,-999,0,-999,-999
6088007,20140310000000,43.738667,7.279167,238,2,7.6,15.6,10.5,35,82,61,2.3,-999,0,-999,-999
6088007,20140311000000,43.738667,7.279167,238,2,6.9,14.5,10.5,43,81,63,2.4,-999,0,-999,-999
6088007,20140312000000,43.738667,7.279167,238,2,6.6,15.7,10.4,36,83,60,2.6,-999,0,-999,-999
6088007,20140313000000,43.738667,7.279167,238,2,7.5,16.4,12.1,27,56,43,2.7,-999,0,-999,-999
6088007,20140314000000,43.738667,7.279167,238,2,8.3,18.2,13,31,59,43,2.8,-999,0,-999,-999
6088007,20140315000000,43.738667,7.279167,238,2,9.1,16.4,12.1,39,90,63,2.4,-999,0,-999,-999
6088007,20140316000000,43.738667,7.279167,238,2,7.1,19.7,12.9,45,91,72,2,-999,0.2,-999,-999
6088007,20140317000000,43.738667,7.279167,238,2,8.1,15.7,11.9,68,93,84,2.4,-999,0,-999,-999
6088007,20140318000000,43.738667,7.279167,238,2,9.8,14.6,12.2,64,92,81,1.6,-999,0,-999,-999
6088007,20140319000000,43.738667,7.279167,238,2,11.6,16.5,13,66,89,82,1.6,-999,0,-999,-999
6088007,20140320000000,43.738667,7.279167,238,2,8.5,17.6,13.2,55,93,77,2.2,-999,0.2,-999,-999
6088007,20140321000000,43.738667,7.279167,238,2,8.3,15.4,11.8,63,92,83,2.1,-999,0,-999,-999
6088007,20140322000000,43.738667,7.279167,238,2,9.7,11.6,10.3,76,96,89,1.9,-999,64.6,-999,-999
6088007,20140323000000,43.738667,7.279167,238,2,7.3,15.7,10.6,25,89,56,3.4,-999,0.2,-999,-999
6088007,20140324000000,43.738667,7.279167,238,2,8.1,15,10.6,16,51,34,4.7,-999,0,-999,-999
6088007,20140325000000,43.738667,7.279167,238,2,6.7,13.6,9,30,86,59,2,-999,1.4,-999,-999
6088007,20140326000000,43.738667,7.279167,238,2,3.9,13.4,9.7,35,90,55,3.5,-999,0,-999,-999
6088007,20140327000000,43.738667,7.279167,238,2,9.3,14.1,10.7,38,74,54,2.4,-999,0,-999,-999
6088007,20140328000000,43.738667,7.279167,238,2,6.8,16.1,12,30,68,49,2.8,-999,0,-999,-999
6088007,20140329000000,43.738667,7.279167,238,2,8.4,17.9,15.1,30,63,41,3.9,-999,0,-999,-999
6088007,20140330000000,43.738667,7.279167,238,2,13.8,19.1,15.4,31,60,42,2.5,-999,0,-999,-999
6088007,20140331000000,43.738667,7.279167,238,2,8.6,15.7,12.1,53,85,67,2.6,-999,0,-999,-999
6088007,20140401000000,43.738667,7.279167,238,2,7.4,15.3,11.6,60,89,80,2.2,-999,0,-999,-999
6088007,20140402000000,43.738667,7.279167,238,2,10.4,16.7,12.8,60,92,80,1.5,-999,0,-999,-999
6088007,20140403000000,43.738667,7.279167,238,2,9.8,18.1,14.6,28,89,56,3.5,-999,0,-999,-999
6088007,20140404000000,43.738667,7.279167,238,2,12.6,16.6,14.3,35,78,62,2.8,-999,0.6,-999,-999
6088007,20140405000000,43.738667,7.279167,238,2,11.7,20.1,15.9,36,74,53,2.5,-999,0,-999,-999
6088007,20140406000000,43.738667,7.279167,238,2,12.3,20.4,16.7,40,65,52,2.7,-999,0,-999,-999
6088007,20140407000000,43.738667,7.279167,238,2,12.8,19.6,16.1,47,79,61,2.3,-999,0,-999,-999
6088007,20140408000000,43.738667,7.279167,238,2,10.7,15.4,13,66,95,86,1.7,-999,2,-999,-999
6088007,20140409000000,43.738667,7.279167,238,2,10,18.5,14.5,37,91,66,2.4,-999,0,-999,-999
6088007,20140410000000,43.738667,7.279167,238,2,9.4,17.2,13.6,40,93,71,2.1,-999,0,-999,-999
6088007,20140411000000,43.738667,7.279167,238,2,10.6,16.4,12.6,63,91,79,1.5,-999,0,-999,-999
6088007,20140412000000,43.738667,7.279167,238,2,11.4,16.5,13.9,64,85,77,2,-999,0,-999,-999
6088007,20140413000000,43.738667,7.279167,238,2,12.5,17.8,14.5,62,89,78,1.9,-999,0,-999,-999
6088007,20140414000000,43.738667,7.279167,238,2,10.8,17.6,14,66,93,80,2.3,-999,0,-999,-999
6088007,20140415000000,43.738667,7.279167,238,2,10.8,19,14.4,43,94,71,2.3,-999,0,-999,-999
6088007,20140416000000,43.738667,7.279167,238,2,10.5,14.5,11.3,40,82,61,2.8,-999,0,-999,-999
6088007,20140417000000,43.738667,7.279167,238,2,6.7,16.4,12,42,78,60,2.8,-999,0,-999,-999
6088007,20140418000000,43.738667,7.279167,238,2,8.8,15,12.4,52,86,72,2,-999,0,-999,-999
6088007,20140419000000,43.738667,7.279167,238,2,10.5,15.6,11.8,53,91,77,2.7,-999,0.2,-999,-999
6088007,20140420000000,43.738667,7.279167,238,2,7.8,16.7,12,54,89,74,1.9,-999,0.2,-999,-999
6088007,20140421000000,43.738667,7.279167,238,2,10.2,15.8,13.1,59,87,77,1.5,-999,0,-999,-999
6088007,20140422000000,43.738667,7.279167,238,2,11.5,19.2,14.3,54,93,77,2.1,-999,0,-999,-999
6088007,20140423000000,43.738667,7.279167,238,2,10.5,20.6,16.4,39,88,59,2.9,-999,0,-999,-999
6088007,20140424000000,43.738667,7.279167,238,2,14.3,21.6,17.1,37,95,62,2.7,-999,0,-999,-999
6088007,20140425000000,43.738667,7.279167,238,2,-999,-999,14.2,-999,-999,82,2.1,-999,-999,-999,-999
6088007,20140426000000,43.738667,7.279167,238,2,12.7,21.4,16.9,43,83,60,2.5,-999,1.6,-999,-999
6088007,20140427000000,43.738667,7.279167,238,2,11.6,15.4,13.1,55,91,78,2.2,-999,1,-999,-999
6088007,20140428000000,43.738667,7.279167,238,2,8.3,18.1,12.6,43,92,71,2.3,-999,1.2,-999,-999
6088007,20140429000000,43.738667,7.279167,238,2,7.9,18.5,14,35,91,62,2.5,-999,0,-999,-999
6088007,20140430000000,43.738667,7.279167,238,2,9.1,22.8,14.6,18,81,61,2.4,-999,0,-999,-999
6088007,20140501000000,43.738667,7.279167,238,2,8.4,18.1,13.7,49,84,68,2.5,-999,0,-999,-999
6088007,20140502000000,43.738667,7.279167,238,2,9.1,16.2,12.5,58,92,76,2.1,-999,0.6,-999,-999
6088007,20140503000000,43.738667,7.279167,238,2,11.1,20.2,15.6,41,84,62,3,-999,0.4,-999,-999
6088007,20140504000000,43.738667,7.279167,238,2,10.9,18.8,15.4,36,83,56,2.9,-999,0,-999,-999
6088007,20140505000000,43.738667,7.279167,238,2,10.8,19.5,15.4,44,80,65,2.5,-999,0,-999,-999
6088007,20140506000000,43.738667,7.279167,238,2,10.7,18.7,15.1,52,86,72,2.4,-999,0,-999,-999
6088007,20140507000000,43.738667,7.279167,238,2,13.3,23.4,17.3,33,83,63,2.5,-999,0,-999,-999
6088007,20140508000000,43.738667,7.279167,238,2,11.5,19.4,15.4,53,95,77,2.2,-999,0,-999,-999
6088007,20140509000000,43.738667,7.279167,238,2,11.2,19.2,15.5,68,96,83,2.5,-999,0,-999,-999
6088007,20140510000000,43.738667,7.279167,238,2,12.3,18.4,15.2,71,94,85,1.7,-999,0,-999,-999
6088007,20140511000000,43.738667,7.279167,238,2,12.2,25.4,18.7,14,95,51,3.9,-999,0,-999,-999
6088007,20140512000000,43.738667,7.279167,238,2,13.4,21.6,17.9,23,48,34,2.8,-999,0,-999,-999
6088007,20140513000000,43.738667,7.279167,238,2,10.1,20.5,14,30,85,53,3.9,-999,0,-999,-999
6088007,20140514000000,43.738667,7.279167,238,2,10.4,20,15.7,20,63,37,3.5,-999,0,-999,-999
6088007,20140515000000,43.738667,7.279167,238,2,9.9,19.1,15.2,30,59,44,3.2,-999,0,-999,-999
6088007,20140516000000,43.738667,7.279167,238,2,12.4,21.1,17,23,64,39,2.9,-999,0,-999,-999
6088007,20140517000000,43.738667,7.279167,238,2,11.4,19.6,15.4,37,79,63,2,-999,0,-999,-999
6088007,20140518000000,43.738667,7.279167,238,2,10.9,20.7,15.6,46,77,66,2.3,-999,0.8,-999,-999
6088007,20140519000000,43.738667,7.279167,238,2,11.8,18.1,15,52,87,68,2.9,-999,0,-999,-999
6088007,20140520000000,43.738667,7.279167,238,2,14.9,21.4,17.7,52,77,65,2.1,-999,0,-999,-999
6088007,20140521000000,43.738667,7.279167,238,2,14.7,23.6,20.4,28,77,52,3.4,-999,0,-999,-999
6088007,20140522000000,43.738667,7.279167,238,2,15.7,20.1,17.7,44,98,78,1.8,-999,12.9,-999,-999
6088007,20140523000000,43.738667,7.279167,238,2,13.9,20.6,16,53,98,84,2.4,-999,0,-999,-999
6088007,20140524000000,43.738667,7.279167,238,2,10.6,19.8,15.7,31,91,62,2.8,-999,0,-999,-999
6088007,20140525000000,43.738667,7.279167,238,2,9.8,21.7,16.3,33,78,57,2.6,-999,0,-999,-999
6088007,20140526000000,43.738667,7.279167,238,2,14.4,20.5,17.3,41,74,59,2.9,-999,0,-999,-999
6088007,20140527000000,43.738667,7.279167,238,2,11.6,21,16.2,44,88,68,2.4,-999,0,-999,-999
6088007,20140528000000,43.738667,7.279167,238,2,12.7,19.4,16.1,55,87,72,2.3,-999,0.2,-999,-999
6088007,20140529000000,43.738667,7.279167,238,2,12.6,19.7,16.4,54,89,72,2.2,-999,0,-999,-999
6088007,20140530000000,43.738667,7.279167,238,2,12.8,21.6,17.3,44,83,68,2.8,-999,0,-999,-999
6088007,20140531000000,43.738667,7.279167,238,2,12,19.6,15.8,66,93,81,1.9,-999,2.8,-999,-999
6088007,20140601000000,43.738667,7.279167,238,2,12.5,21.1,16.7,53,96,76,2.8,-999,5.5,-999,-999
6088007,20140602000000,43.738667,7.279167,238,2,12.6,20.9,17,53,97,75,2.3,-999,0,-999,-999
6088007,20140603000000,43.738667,7.279167,238,2,13.2,21.9,17.9,42,85,66,2.6,-999,0,-999,-999
6088007,20140604000000,43.738667,7.279167,238,2,13.5,21.1,17.4,55,90,78,2.5,-999,0,-999,-999
6088007,20140605000000,43.738667,7.279167,238,2,14.7,23,18.7,36,82,59,2.5,-999,0,-999,-999
6088007,20140606000000,43.738667,7.279167,238,2,13.4,24,19.2,49,84,65,2.4,-999,0,-999,-999
6088007,20140607000000,43.738667,7.279167,238,2,16,25.2,21.6,44,75,56,2.7,-999,0,-999,-999
6088007,20140608000000,43.738667,7.279167,238,2,18.8,28.5,24.6,37,66,51,2.6,-999,0,-999,-999
6088007,20140609000000,43.738667,7.279167,238,2,21.3,31.5,26.7,25,65,46,2.6,-999,0,-999,-999
6088007,20140610000000,43.738667,7.279167,238,2,21.3,29.5,26.3,33,58,45,3,-999,0,-999,-999
6088007,20140611000000,43.738667,7.279167,238,2,22,30.5,26.4,32,62,47,3.2,-999,0,-999,-999
6088007,20140612000000,43.738667,7.279167,238,2,22.8,31.2,27.1,32,58,45,2.7,-999,0,-999,-999
6088007,20140613000000,43.738667,7.279167,238,2,21.4,28,24.7,41,63,53,2.9,-999,0,-999,-999
6088007,20140614000000,43.738667,7.279167,238,2,16.8,27.9,21.3,49,93,66,3,-999,7.3,-999,-999
6088007,20140615000000,43.738667,7.279167,238,2,15.7,25,18.7,45,91,70,2.7,-999,2,-999,-999
6088007,20140616000000,43.738667,7.279167,238,2,15.2,24.5,19.8,41,86,57,3.3,-999,0,-999,-999
6088007,20140617000000,43.738667,7.279167,238,2,15.2,22.9,19.1,45,74,58,3.2,-999,0,-999,-999
6088007,20140618000000,43.738667,7.279167,238,2,16.9,24,19.8,39,76,56,3.1,-999,1.8,-999,-999
6088007,20140619000000,43.738667,7.279167,238,2,16.2,24.2,20.8,37,69,52,3.2,-999,0,-999,-999
6088007,20140620000000,43.738667,7.279167,238,2,15.8,24.8,20.5,55,89,68,2.3,-999,0,-999,-999
6088007,20140621000000,43.738667,7.279167,238,2,16.6,24.6,20.7,55,90,75,2.3,-999,0,-999,-999
6088007,20140622000000,43.738667,7.279167,238,2,17.3,24.8,20.9,59,92,80,2.3,-999,0,-999,-999
6088007,20140623000000,43.738667,7.279167,238,2,17.4,27.2,21.9,41,94,74,2.5,-999,0,-999,-999
6088007,20140624000000,43.738667,7.279167,238,2,17.7,26.3,22.3,58,84,71,2.2,-999,5.6,-999,-999
6088007,20140625000000,43.738667,7.279167,238,2,16.9,24.3,20.7,55,97,76,3.7,-999,3.1,-999,-999
6088007,20140626000000,43.738667,7.279167,238,2,18.1,24.5,20.6,63,93,81,1.7,-999,3.6,-999,-999
6088007,20140627000000,43.738667,7.279167,238,2,17.8,23.5,20.5,59,95,81,2.3,-999,0,-999,-999
6088007,20140628000000,43.738667,7.279167,238,2,16.2,23.9,20.5,54,95,77,2.4,-999,0,-999,-999
6088007,20140629000000,43.738667,7.279167,238,2,17.3,24.2,20,35,92,74,2.3,-999,6.3,-999,-999
6088007,20140630000000,43.738667,7.279167,238,2,16.2,25.5,21.5,29,67,42,3,-999,0,-999,-999
6088007,20140701000000,43.738667,7.279167,238,2,14.9,25.1,20.5,42,82,62,2.2,-999,0,-999,-999
6088007,20140702000000,43.738667,7.279167,238,2,16.9,24.9,20.5,52,92,75,2.3,-999,0,-999,-999
6088007,20140703000000,43.738667,7.279167,238,2,16.4,28,23.3,43,86,62,2.6,-999,0,-999,-999
6088007,20140704000000,43.738667,7.279167,238,2,18.5,28.3,23.7,31,89,56,2.8,-999,10.7,-999,-999
6088007,20140705000000,43.738667,7.279167,238,2,16.9,27,21.4,52,92,76,2.2,-999,0,-999,-999
6088007,20140706000000,43.738667,7.279167,238,2,17.9,24.3,21.3,65,92,80,2.3,-999,0,-999,-999
6088007,20140707000000,43.738667,7.279167,238,2,17.6,26.3,21.1,57,92,78,2.3,-999,25.4,-999,-999
6088007,20140708000000,43.738667,7.279167,238,2,15,25.7,20.6,35,97,66,2.4,-999,0,-999,-999
6088007,20140709000000,43.738667,7.279167,238,2,14.8,25.3,19.4,31,84,52,3.9,-999,2.2,-999,-999
6088007,20140710000000,43.738667,7.279167,238,2,15.5,24.6,20.7,32,66,47,2.5,-999,0,-999,-999
6088007,20140711000000,43.738667,7.279167,238,2,15.3,24,20.2,44,86,67,2.5,-999,0,-999,-999
6088007,20140712000000,43.738667,7.279167,238,2,16.5,23,19.1,66,92,82,2.2,-999,1.2,-999,-999
6088007,20140713000000,43.738667,7.279167,238,2,14.6,23.3,19.8,61,89,75,2.3,-999,0,-999,-999
6088007,20140714000000,43.738667,7.279167,238,2,17.4,23.8,20.2,62,92,81,1.8,-999,0.4,-999,-999
6088007,20140715000000,43.738667,7.279167,238,2,16.7,26.3,22.7,44,95,69,2.4,-999,0.2,-999,-999
6088007,20140716000000,43.738667,7.279167,238,2,20.7,28.2,24.1,47,75,58,3,-999,0,-999,-999
6088007,20140717000000,43.738667,7.279167,238,2,20.3,29.9,25.1,31,70,53,2.9,-999,0,-999,-999
6088007,20140718000000,43.738667,7.279167,238,2,20.3,27.6,23.9,45,91,67,2.4,-999,0,-999,-999
6088007,20140719000000,43.738667,7.279167,238,2,19.4,27.3,23.5,61,85,74,2.4,-999,0.2,-999,-999
6088007,20140720000000,43.738667,7.279167,238,2,20.2,29.9,24.2,35,84,54,2.9,-999,0,-999,-999
6088007,20140721000000,43.738667,7.279167,238,2,16.7,26.5,20.2,41,92,68,3,-999,16.3,-999,-999
6088007,20140722000000,43.738667,7.279167,238,2,15.9,24.6,21.1,54,90,69,2.4,-999,0,-999,-999
6088007,20140723000000,43.738667,7.279167,238,2,18.8,26.7,22.9,47,80,67,2.2,-999,0,-999,-999
6088007,20140724000000,43.738667,7.279167,238,2,20.1,25,21.7,62,92,80,2.2,-999,0,-999,-999
6088007,20140725000000,43.738667,7.279167,238,2,17.5,24.9,20.7,65,96,84,2.5,-999,4.2,-999,-999
6088007,20140726000000,43.738667,7.279167,238,2,16.8,24.5,20.7,62,96,83,2.4,-999,5.5,-999,-999
6088007,20140727000000,43.738667,7.279167,238,2,17.1,26.2,22.3,44,93,67,2.7,-999,0,-999,-999
6088007,20140728000000,43.738667,7.279167,238,2,18.1,26.4,22,59,86,74,2.3,-999,0,-999,-999
6088007,20140729000000,43.738667,7.279167,238,2,17.9,24.1,20.3,48,80,64,2.1,-999,0,-999,-999
6088007,20140730000000,43.738667,7.279167,238,2,14.8,27.2,21.1,39,80,58,2.8,-999,0,-999,-999
6088007,20140731000000,43.738667,7.279167,238,2,17.8,25.5,22.1,56,91,70,2.8,-999,0,-999,-999
6088007,20140801000000,43.738667,7.279167,238,2,19.1,24.8,21.7,64,86,78,2.3,-999,0,-999,-999
6088007,20140802000000,43.738667,7.279167,238,2,19,25.6,22.2,55,89,78,2.6,-999,0,-999,-999
6088007,20140803000000,43.738667,7.279167,238,2,18.4,25.1,21.9,59,88,77,2.4,-999,0,-999,-999
6088007,20140804000000,43.738667,7.279167,238,2,18.8,25.4,22.1,67,90,81,2.5,-999,0,-999,-999
6088007,20140805000000,43.738667,7.279167,238,2,18.4,26.4,22.6,54,93,74,2.3,-999,0,-999,-999
6088007,20140806000000,43.738667,7.279167,238,2,19.1,27,23,46,76,65,2.3,-999,0,-999,-999
6088007,20140807000000,43.738667,7.279167,238,2,18.7,27.3,22.7,51,85,71,2.1,-999,0,-999,-999
6088007,20140808000000,43.738667,7.279167,238,2,18,25.8,22.2,63,90,77,2.4,-999,0,-999,-999
6088007,20140809000000,43.738667,7.279167,238,2,19.5,26.9,22.9,56,87,75,1.9,-999,0,-999,-999
6088007,20140810000000,43.738667,7.279167,238,2,18.6,29.1,23.7,59,90,75,2.1,-999,0,-999,-999
6088007,20140811000000,43.738667,7.279167,238,2,19.4,26.4,23.3,62,93,77,2.4,-999,0,-999,-999
6088007,20140812000000,43.738667,7.279167,238,2,18.8,28.2,23.5,42,91,67,2.2,-999,0,-999,-999
6088007,20140813000000,43.738667,7.279167,238,2,16.8,27.4,21.7,35,95,66,2.5,-999,13.6,-999,-999
6088007,20140814000000,43.738667,7.279167,238,2,18.2,26.5,21.9,38,70,52,2.8,-999,0,-999,-999
6088007,20140815000000,43.738667,7.279167,238,2,15.8,26.8,21.7,30,69,48,2.5,-999,0,-999,-999
6088007,20140816000000,43.738667,7.279167,238,2,16.6,23.7,19.6,44,88,63,3.4,-999,1.8,-999,-999
6088007,20140817000000,43.738667,7.279167,238,2,15.5,24.7,19.9,42,85,68,2.9,-999,0,-999,-999
6088007,20140818000000,43.738667,7.279167,238,2,14.8,24.4,20.5,47,86,75,2.5,-999,10.8,-999,-999
6088007,20140819000000,43.738667,7.279167,238,2,17.8,25.9,21.5,61,93,78,2.7,-999,0.2,-999,-999
6088007,20140820000000,43.738667,7.279167,238,2,17.7,25.3,21.4,55,95,74,2.2,-999,0,-999,-999
6088007,20140821000000,43.738667,7.279167,238,2,15.9,26.3,20.7,39,86,66,2.2,-999,0,-999,-999
6088007,20140822000000,43.738667,7.279167,238,2,15.1,24,20.3,45,85,72,2.1,-999,0.2,-999,-999
6088007,20140823000000,43.738667,7.279167,238,2,18.6,29.4,22.5,37,91,70,2,-999,0,-999,-999
6088007,20140824000000,43.738667,7.279167,238,2,16.5,23.7,19.9,53,83,69,2.2,-999,0,-999,-999
6088007,20140825000000,43.738667,7.279167,238,2,15.4,23,19.4,59,86,73,2.4,-999,0,-999,-999
6088007,20140826000000,43.738667,7.279167,238,2,15.2,24.1,20.6,59,94,84,3.2,-999,0,-999,-999
6088007,20140827000000,43.738667,7.279167,238,2,20.2,29.6,24,39,91,66,2.2,-999,0,-999,-999
6088007,20140828000000,43.738667,7.279167,238,2,17.2,25.9,22.2,54,86,69,2.5,-999,0,-999,-999
6088007,20140829000000,43.738667,7.279167,238,2,18.5,25.6,21.7,49,90,71,2.4,-999,0,-999,-999
6088007,20140830000000,43.738667,7.279167,238,2,17.6,25.3,21.6,62,86,76,2.5,-999,0,-999,-999
6088007,20140831000000,43.738667,7.279167,238,2,17.6,24.7,20.9,70,91,82,2,-999,0.2,-999,-999
6088007,20140901000000,43.738667,7.279167,238,2,16.8,26.2,21.3,34,95,61,2.8,-999,0,-999,-999
6088007,20140902000000,43.738667,7.279167,238,2,16,25.7,21,28,67,48,3,-999,0,-999,-999
6088007,20140903000000,43.738667,7.279167,238,2,16.4,24.6,20.5,36,76,56,2.9,-999,0,-999,-999
6088007,20140904000000,43.738667,7.279167,238,2,16.7,26.3,22.1,39,77,55,2.8,-999,0,-999,-999
6088007,20140905000000,43.738667,7.279167,238,2,18.5,27.4,22.2,38,75,59,2.5,-999,0,-999,-999
6088007,20140906000000,43.738667,7.279167,238,2,18.3,25.6,21.6,38,87,63,2.3,-999,0,-999,-999
6088007,20140907000000,43.738667,7.279167,238,2,17.1,24.8,21,57,86,73,2.3,-999,0,-999,-999
6088007,20140908000000,43.738667,7.279167,238,2,17.7,25.1,21.5,62,91,79,2.3,-999,0,-999,-999
6088007,20140909000000,43.738667,7.279167,238,2,18.7,24.9,21.7,68,88,80,2,-999,0,-999,-999
6088007,20140910000000,43.738667,7.279167,238,2,17.5,25.6,20.9,65,92,82,1.9,-999,0.4,-999,-999
6088007,20140911000000,43.738667,7.279167,238,2,18,24.4,20.7,64,94,79,1.9,-999,0,-999,-999
6088007,20140912000000,43.738667,7.279167,238,2,17.6,24.6,20.2,42,85,66,2.4,-999,0,-999,-999
6088007,20140913000000,43.738667,7.279167,238,2,15.8,24.6,19.7,34,84,64,2.7,-999,0,-999,-999
6088007,20140914000000,43.738667,7.279167,238,2,15.2,23.3,19.3,62,89,76,2.3,-999,0,-999,-999
6088007,20140915000000,43.738667,7.279167,238,2,16.4,22.8,18.8,69,94,86,1.9,-999,1.6,-999,-999
6088007,20140916000000,43.738667,7.279167,238,2,16.3,24.4,20,53,95,76,2.5,-999,0,-999,-999
6088007,20140917000000,43.738667,7.279167,238,2,17,25.2,20.5,51,86,71,2.3,-999,0.4,-999,-999
6088007,20140918000000,43.738667,7.279167,238,2,18.3,25.7,21.8,51,81,65,2.5,-999,0,-999,-999
6088007,20140919000000,43.738667,7.279167,238,2,19.2,25.2,22.1,59,83,69,1.7,-999,0.8,-999,-999
6088007,20140920000000,43.738667,7.279167,238,2,19.2,25.5,21.7,56,96,81,2.5,-999,0,-999,-999
6088007,20140921000000,43.738667,7.279167,238,2,17.3,25.3,20.9,63,87,76,2,-999,0,-999,-999
6088007,20140922000000,43.738667,7.279167,238,2,15.4,24.1,19.9,58,88,72,2.4,-999,0,-999,-999
6088007,20140923000000,43.738667,7.279167,238,2,15.7,24.7,18.9,23,77,60,2.6,-999,0,-999,-999
6088007,20140924000000,43.738667,7.279167,238,2,15.3,21,17.9,46,72,58,2.1,-999,0,-999,-999
6088007,20140925000000,43.738667,7.279167,238,2,12.9,23.2,17.5,48,84,67,2.3,-999,0,-999,-999
6088007,20140926000000,43.738667,7.279167,238,2,14,23.5,18.2,42,83,64,2.6,-999,0,-999,-999
6088007,20140927000000,43.738667,7.279167,238,2,14.4,23.7,18.8,46,84,68,2.5,-999,0,-999,-999
6088007,20140928000000,43.738667,7.279167,238,2,14.6,25.6,19.8,48,77,63,2.4,-999,0,-999,-999
6088007,20140929000000,43.738667,7.279167,238,2,16.8,25.8,20.8,40,81,63,1.9,-999,0.2,-999,-999
6088007,20140930000000,43.738667,7.279167,238,2,17,22,18.6,60,95,81,1.7,-999,9.7,-999,-999
6088007,20141001000000,43.738667,7.279167,238,2,16.1,22.5,18.9,64,92,82,2,-999,0,-999,-999
6088007,20141002000000,43.738667,7.279167,238,2,15.5,24.7,19.9,51,93,70,2.4,-999,0,-999,-999
6088007,20141003000000,43.738667,7.279167,238,2,15.2,23.8,19.6,48,78,67,2.2,-999,0,-999,-999
6088007,20141004000000,43.738667,7.279167,238,2,14.9,22.6,19.1,51,80,68,2.3,-999,0,-999,-999
6088007,20141005000000,43.738667,7.279167,238,2,14.1,22.1,17,65,92,80,2.6,-999,16.4,-999,-999
6088007,20141006000000,43.738667,7.279167,238,2,13.2,21.4,16.8,50,86,72,2.5,-999,0,-999,-999
6088007,20141007000000,43.738667,7.279167,238,2,14.2,21.3,17.5,70,93,83,1.6,-999,0.6,-999,-999
6088007,20141008000000,43.738667,7.279167,238,2,16.3,24.9,19.6,58,95,81,1.9,-999,0,-999,-999
6088007,20141009000000,43.738667,7.279167,238,2,16.1,26,20.6,49,83,66,2.4,-999,0,-999,-999
6088007,20141010000000,43.738667,7.279167,238,2,16.6,25.6,20.5,57,91,73,2.1,-999,0,-999,-999
6088007,20141011000000,43.738667,7.279167,238,2,16.6,24.1,19.1,61,92,79,2.1,-999,1.2,-999,-999
6088007,20141012000000,43.738667,7.279167,238,2,15.6,23,19.3,60,93,73,2.2,-999,1.2,-999,-999
6088007,20141013000000,43.738667,7.279167,238,2,16.5,19.4,17.1,67,97,86,2.9,-999,23,-999,-999
6088007,20141014000000,43.738667,7.279167,238,2,13.6,20.7,16.6,62,93,76,2.7,-999,0.2,-999,-999
6088007,20141015000000,43.738667,7.279167,238,2,15,22.9,18.6,50,88,70,2.8,-999,0,-999,-999
6088007,20141016000000,43.738667,7.279167,238,2,13.7,22.8,18.6,54,90,78,2.2,-999,0,-999,-999
6088007,20141017000000,43.738667,7.279167,238,2,17.3,23.8,20,68,94,83,2.1,-999,0,-999,-999
6088007,20141018000000,43.738667,7.279167,238,2,16.2,23,19.1,65,93,83,2.3,-999,0,-999,-999
6088007,20141019000000,43.738667,7.279167,238,2,14.8,24.1,19.1,57,92,81,2,-999,0,-999,-999
6088007,20141020000000,43.738667,7.279167,238,2,16.2,22.4,19,69,92,83,1.9,-999,0,-999,-999
6088007,20141021000000,43.738667,7.279167,238,2,14.8,22.8,19.2,26,90,74,2.5,-999,0,-999,-999
6088007,20141022000000,43.738667,7.279167,238,2,16,21.3,17.3,15,64,35,3.3,-999,0,-999,-999
6088007,20141023000000,43.738667,7.279167,238,2,10.9,21.4,15.6,18,54,35,3.1,-999,0,-999,-999
6088007,20141024000000,43.738667,7.279167,238,2,11.8,23.1,16.9,19,72,46,2.5,-999,0,-999,-999
6088007,20141025000000,43.738667,7.279167,238,2,11.3,21,15.6,44,75,60,2.2,-999,0,-999,-999
6088007,20141026000000,43.738667,7.279167,238,2,12.7,19.4,15.9,60,82,70,1.9,-999,0,-999,-999
6088007,20141027000000,43.738667,7.279167,238,2,11,19,14.2,54,88,73,2.1,-999,0,-999,-999
6088007,20141028000000,43.738667,7.279167,238,2,10.8,18.3,13.9,48,82,64,1.8,-999,0,-999,-999
6088007,20141029000000,43.738667,7.279167,238,2,8.8,18,13,37,82,66,2.6,-999,0,-999,-999
6088007,20141030000000,43.738667,7.279167,238,2,10.6,18.7,14,53,88,73,2.2,-999,0,-999,-999
6088007,20141031000000,43.738667,7.279167,238,2,10.1,18.9,14,57,91,79,2.4,-999,0,-999,-999
6088007,20141101000000,43.738667,7.279167,238,2,10.7,20.1,14.7,45,84,64,2.4,-999,0,-999,-999
6088007,20141102000000,43.738667,7.279167,238,2,10.9,18.9,14.5,50,86,73,2.3,-999,0,-999,-999
6088007,20141103000000,43.738667,7.279167,238,2,11,18.1,13.8,58,96,81,1.9,-999,39.5,-999,-999
6088007,20141104000000,43.738667,7.279167,238,2,11.3,17.9,14.2,76,98,93,4.3,-999,171.3,-999,-999
6088007,20141105000000,43.738667,7.279167,238,2,11.9,13.7,12.5,78,99,91,1.9,-999,4.5,-999,-999
6088007,20141106000000,43.738667,7.279167,238,2,9,16.9,12.4,56,89,73,2.6,-999,0,-999,-999
6088007,20141107000000,43.738667,7.279167,238,2,9.3,20.3,13.5,31,81,62,2.7,-999,0,-999,-999
6088007,20141108000000,43.738667,7.279167,238,2,9.4,19,13.6,45,88,69,2.4,-999,0,-999,-999
6088007,20141109000000,43.738667,7.279167,238,2,9.8,14.8,12.7,67,92,82,2.8,-999,23.4,-999,-999
6088007,20141110000000,43.738667,7.279167,238,2,12.4,14.7,13.6,83,96,91,2.7,-999,54.6,-999,-999
6088007,20141111000000,43.738667,7.279167,238,2,11.6,15.3,13.3,77,97,90,2.5,-999,33.3,-999,-999
6088007,20141112000000,43.738667,7.279167,238,2,10.8,14.2,12.1,79,97,91,1.9,-999,7.6,-999,-999
6088007,20141113000000,43.738667,7.279167,238,2,10.2,18.7,13.1,52,91,75,2.4,-999,0,-999,-999
6088007,20141114000000,43.738667,7.279167,238,2,8.9,16.3,12.8,68,97,83,2.2,-999,27.1,-999,-999
6088007,20141115000000,43.738667,7.279167,238,2,11.1,15.1,13,52,97,85,2.4,-999,34.2,-999,-999
6088007,20141116000000,43.738667,7.279167,238,2,9.1,17.5,13.1,42,70,54,2.8,-999,2.4,-999,-999
6088007,20141117000000,43.738667,7.279167,238,2,7.7,12.3,9.8,53,90,76,2.5,-999,3.3,-999,-999
6088007,20141118000000,43.738667,7.279167,238,2,6.8,17.7,11.6,37,84,55,2.3,-999,0,-999,-999
6088007,20141119000000,43.738667,7.279167,238,2,7.4,16.3,11.9,44,86,65,2.2,-999,0,-999,-999
6088007,20141120000000,43.738667,7.279167,238,2,8.4,17.3,12,56,87,73,2.1,-999,0,-999,-999
6088007,20141121000000,43.738667,7.279167,238,2,9.3,16.8,12.6,62,87,76,2.4,-999,0,-999,-999
6088007,20141122000000,43.738667,7.279167,238,2,11.4,16.4,13.6,63,85,75,1.5,-999,0,-999,-999
6088007,20141123000000,43.738667,7.279167,238,2,12.3,20,15.6,62,89,75,1.8,-999,0,-999,-999
6088007,20141124000000,43.738667,7.279167,238,2,12.9,16.4,14.7,72,89,81,1.7,-999,0,-999,-999
6088007,20141125000000,43.738667,7.279167,238,2,12.6,14.8,13.4,77,97,89,2.6,-999,76.6,-999,-999
6088007,20141126000000,43.738667,7.279167,238,2,11.6,15.6,13.1,82,96,90,1.9,-999,27.4,-999,-999
6088007,20141127000000,43.738667,7.279167,238,2,11,14.8,12.3,79,97,90,1.4,-999,5,-999,-999
6088007,20141128000000,43.738667,7.279167,238,2,11.2,17.9,15.2,55,94,70,5.2,-999,3.4,-999,-999
6088007,20141129000000,43.738667,7.279167,238,2,15.8,19.1,17.4,51,79,62,5.7,-999,2.6,-999,-999
6088007,20141130000000,43.738667,7.279167,238,2,13.2,19.4,15.5,43,95,70,3.5,-999,55.2,-999,-999
6088007,20141201000000,43.738667,7.279167,238,2,10.6,12.1,11.3,85,97,93,1.8,-999,10.7,-999,-999
6088007,20141202000000,43.738667,7.279167,238,2,9.3,17.7,12.3,52,95,80,2.2,-999,0,-999,-999
6088007,20141203000000,43.738667,7.279167,238,2,10.8,17.8,13,51,84,73,2,-999,19.3,-999,-999
6088007,20141204000000,43.738667,7.279167,238,2,9.8,12.2,11,78,95,88,1.8,-999,2.2,-999,-999
6088007,20141205000000,43.738667,7.279167,238,2,10,14.8,12.2,58,90,71,2.3,-999,0,-999,-999
6088007,20141206000000,43.738667,7.279167,238,2,8.9,12.6,10.7,67,92,80,2.3,-999,1.6,-999,-999
6088007,20141207000000,43.738667,7.279167,238,2,9,14.2,10.6,59,91,79,2.2,-999,0,-999,-999
6088007,20141208000000,43.738667,7.279167,238,2,7,16.5,10.3,40,87,66,2.1,-999,0,-999,-999
6088007,20141209000000,43.738667,7.279167,238,2,7.9,13.6,9.7,26,69,43,3.4,-999,0,-999,-999
6088007,20141210000000,43.738667,7.279167,238,2,5.3,14,8.7,27,55,42,2.4,-999,0,-999,-999
6088007,20141211000000,43.738667,7.279167,238,2,4.5,14,8.7,35,85,61,2.3,-999,0,-999,-999
6088007,20141212000000,43.738667,7.279167,238,2,4.7,13.4,8.7,44,82,63,2.4,-999,0,-999,-999
6088007,20141213000000,43.738667,7.279167,238,2,7,14.7,11.3,52,81,63,2.1,-999,1.8,-999,-999
6088007,20141214000000,43.738667,7.279167,238,2,9.3,11.6,10.3,75,94,87,2.2,-999,9.1,-999,-999
6088007,20141215000000,43.738667,7.279167,238,2,9.1,16.8,12.5,56,90,75,2,-999,1.4,-999,-999
6088007,20141216000000,43.738667,7.279167,238,2,8.7,11.5,9.9,66,92,80,2,-999,1.8,-999,-999
6088007,20141217000000,43.738667,7.279167,238,2,7,14,10.3,47,82,66,2.2,-999,0,-999,-999
6088007,20141218000000,43.738667,7.279167,238,2,7.4,16.7,10.7,40,84,67,2.3,-999,0,-999,-999
6088007,20141219000000,43.738667,7.279167,238,2,7,15.6,10.6,61,89,76,2.1,-999,0,-999,-999
6088007,20141220000000,43.738667,7.279167,238,2,7.3,15,10.1,62,92,79,2.2,-999,0,-999,-999
6088007,20141221000000,43.738667,7.279167,238,2,6.3,15.7,10.4,62,89,78,2.3,-999,0,-999,-999
6088007,20141222000000,43.738667,7.279167,238,2,6.2,14.4,9.3,49,80,66,2.4,-999,0,-999,-999
6088007,20141223000000,43.738667,7.279167,238,2,6.5,12.5,9,64,87,77,1.8,-999,0,-999,-999
6088007,20141224000000,43.738667,7.279167,238,2,3.8,12.8,8.2,59,92,77,2,-999,0,-999,-999
6088007,20141225000000,43.738667,7.279167,238,2,5.4,14.4,8.8,54,90,73,1.9,-999,0,-999,-999
6088007,20141226000000,43.738667,7.279167,238,2,5.9,13.2,8.5,43,90,66,2.5,-999,0,-999,-999
6088007,20141227000000,43.738667,7.279167,238,2,3.6,9.6,6.9,32,80,56,3.4,-999,0,-999,-999
6088007,20141228000000,43.738667,7.279167,238,2,4.5,11.7,7.3,19,43,29,4.1,-999,0,-999,-999
6088007,20141229000000,43.738667,7.279167,238,2,3.8,12.5,7.2,7,43,24,3.7,-999,0,-999,-999
6088007,20141230000000,43.738667,7.279167,238,2,1.2,9.8,4.8,26,68,46,2.6,-999,0,-999,-999
6088007,20141231000000,43.738667,7.279167,238,2,2.2,10.1,5.4,50,72,59,2.3,-999,0,-999,-999
6088007,20150101000000,43.738667,7.279167,238,2,1.7,11.5,6.3,47,80,65,2.3,-999,0,-999,-999
6088007,20150102000000,43.738667,7.279167,238,2,3.8,13.5,8.2,45,82,65,2.1,-999,0,-999,-999
6088007,20150103000000,43.738667,7.279167,238,2,4.8,13.2,8.5,60,92,80,2.1,-999,0,-999,-999
6088007,20150104000000,43.738667,7.279167,238,2,5.6,15.5,9.9,59,95,78,2.2,-999,0.2,-999,-999
6088007,20150105000000,43.738667,7.279167,238,2,6.1,15.4,9.7,34,75,61,2.6,-999,0,-999,-999
6088007,20150106000000,43.738667,7.279167,238,2,4.3,13.2,7.9,39,75,58,2.4,-999,0,-999,-999
6088007,20150107000000,43.738667,7.279167,238,2,4.9,14.3,8.9,48,78,68,2.2,-999,0,-999,-999
6088007,20150108000000,43.738667,7.279167,238,2,7.8,13.8,9.9,48,80,64,2.5,-999,0,-999,-999
6088007,20150109000000,43.738667,7.279167,238,2,5.3,13.1,8.7,45,93,77,2.2,-999,0,-999,-999
6088007,20150110000000,43.738667,7.279167,238,2,5.5,15.7,9.8,64,94,83,2.1,-999,0,-999,-999
6088007,20150111000000,43.738667,7.279167,238,2,8.2,21.1,11.8,27,96,72,2.5,-999,0,-999,-999
6088007,20150112000000,43.738667,7.279167,238,2,6.4,14.9,9.5,22,77,55,2.4,-999,0,-999,-999
6088007,20150113000000,43.738667,7.279167,238,2,3.1,12.4,7.3,55,90,74,2.4,-999,0,-999,-999
6088007,20150114000000,43.738667,7.279167,238,2,4.4,17.5,9.4,31,86,59,2.5,-999,0,-999,-999
6088007,20150115000000,43.738667,7.279167,238,2,4.8,13.1,9.2,44,92,68,2,-999,2.2,-999,-999
6088007,20150116000000,43.738667,7.279167,238,2,8.6,12.9,11.4,87,99,94,3,-999,11,-999,-999
6088007,20150117000000,43.738667,7.279167,238,2,7.4,13.2,9.6,39,96,67,2.9,-999,0,-999,-999
6088007,20150118000000,43.738667,7.279167,238,2,4.6,11.1,6.8,21,79,48,2.9,-999,0.6,-999,-999
6088007,20150119000000,43.738667,7.279167,238,2,3.2,8.6,5.9,54,85,70,2,-999,0.8,-999,-999
6088007,20150120000000,43.738667,7.279167,238,2,5.1,12.6,7.8,39,78,61,2.2,-999,0.6,-999,-999
6088007,20150121000000,43.738667,7.279167,238,2,5.1,8.7,7,57,93,77,2.7,-999,26.3,-999,-999
6088007,20150122000000,43.738667,7.279167,238,2,4.2,11.7,7.2,49,95,73,2.3,-999,0,-999,-999
6088007,20150123000000,43.738667,7.279167,238,2,4.9,16.9,10.2,27,68,46,2.8,-999,0,-999,-999
6088007,20150124000000,43.738667,7.279167,238,2,6.8,14.6,9.9,27,67,48,2.9,-999,0,-999,-999
6088007,20150125000000,43.738667,7.279167,238,2,4.6,13.7,8.4,29,62,47,2.9,-999,0,-999,-999
6088007,20150126000000,43.738667,7.279167,238,2,5.2,12,7.2,17,56,34,3.2,-999,0,-999,-999
6088007,20150127000000,43.738667,7.279167,238,2,3.2,10.8,6.1,44,80,61,2,-999,0,-999,-999
6088007,20150128000000,43.738667,7.279167,238,2,3.6,11.7,6.8,22,68,47,2.7,-999,0,-999,-999
6088007,20150129000000,43.738667,7.279167,238,2,2.1,10.9,6.3,49,92,66,2.7,-999,9.7,-999,-999
6088007,20150130000000,43.738667,7.279167,238,2,4.5,9.9,6.7,22,93,46,5.4,-999,0,-999,-999
6088007,20150131000000,43.738667,7.279167,238,2,2.8,11.4,6.7,31,75,49,2.9,-999,0,-999,-999
6088007,20150201000000,43.738667,7.279167,238,2,3.2,11.3,7.1,22,59,33,4.7,-999,0,-999,-999
6088007,20150202000000,43.738667,7.279167,238,2,3.6,11.2,6.6,20,59,37,3.2,-999,0,-999,-999
6088007,20150203000000,43.738667,7.279167,238,2,2.9,8.7,6.3,34,67,48,4,-999,0.2,-999,-999
6088007,20150204000000,43.738667,7.279167,238,2,4.8,10,7.5,34,78,55,5.4,-999,2.6,-999,-999
6088007,20150205000000,43.738667,7.279167,238,2,3.9,9.9,7.1,34,89,56,3.9,-999,7.7,-999,-999
6088007,20150206000000,43.738667,7.279167,238,2,3.7,9.2,6.2,39,89,69,2.1,-999,0.6,-999,-999
6088007,20150207000000,43.738667,7.279167,238,2,5.7,12,8.6,38,77,53,2.4,-999,0,-999,-999
6088007,20150208000000,43.738667,7.279167,238,2,2.4,10.8,6.6,27,84,65,2.4,-999,0,-999,-999
6088007,20150209000000,43.738667,7.279167,238,2,1.8,10.9,6.6,25,78,55,2.7,-999,0,-999,-999
6088007,20150210000000,43.738667,7.279167,238,2,4.5,13.1,8.8,40,90,69,2.5,-999,0,-999,-999
6088007,20150211000000,43.738667,7.279167,238,2,3.8,13.4,8.4,62,92,76,2.4,-999,0,-999,-999
6088007,20150212000000,43.738667,7.279167,238,2,4.7,14.8,9.3,48,80,66,2.2,-999,0,-999,-999
6088007,20150213000000,43.738667,7.279167,238,2,5.3,12,7.9,56,98,81,2.4,-999,27.6,-999,-999
6088007,20150214000000,43.738667,7.279167,238,2,5.7,7.4,6.2,84,98,93,1.8,-999,15.4,-999,-999
6088007,20150215000000,43.738667,7.279167,238,2,4.4,9.6,6.6,63,96,83,3.1,-999,9.7,-999,-999
6088007,20150216000000,43.738667,7.279167,238,2,6.2,14.9,11,34,73,50,7.5,-999,0.2,-999,-999
6088007,20150217000000,43.738667,7.279167,238,2,10.3,14.7,11.4,39,79,55,3.6,-999,0,-999,-999
6088007,20150218000000,43.738667,7.279167,238,2,6.4,15.6,10.6,36,76,57,2.6,-999,0,-999,-999
6088007,20150219000000,43.738667,7.279167,238,2,3.8,12,7.6,42,87,65,2.5,-999,0,-999,-999
6088007,20150220000000,43.738667,7.279167,238,2,4.4,11.4,7.6,56,88,73,2.1,-999,1.8,-999,-999
6088007,20150221000000,43.738667,7.279167,238,2,5.1,7.1,5.8,70,98,91,2.3,-999,29.3,-999,-999
6088007,20150222000000,43.738667,7.279167,238,2,4.9,13.4,8.8,47,95,74,2.5,-999,0,-999,-999
6088007,20150223000000,43.738667,7.279167,238,2,5.4,13,9.1,43,82,62,2.3,-999,0,-999,-999
6088007,20150224000000,43.738667,7.279167,238,2,5.8,11,8,47,88,77,2.1,-999,0,-999,-999
6088007,20150225000000,43.738667,7.279167,238,2,4.3,13.9,8.8,24,88,53,2.8,-999,0,-999,-999
6088007,20150226000000,43.738667,7.279167,238,2,4,13.7,8.4,27,71,48,2.9,-999,0,-999,-999
6088007,20150227000000,43.738667,7.279167,238,2,4.5,11.9,7.7,47,86,66,2.5,-999,0,-999,-999
6088007,20150228000000,43.738667,7.279167,238,2,5.5,13.7,9,50,84,68,2.2,-999,0,-999,-999
6088007,20150301000000,43.738667,7.279167,238,2,5.5,15.9,9.9,43,81,66,2.2,-999,0,-999,-999
6088007,20150302000000,43.738667,7.279167,238,2,6.6,22.2,14.7,22,90,50,4.4,-999,0,-999,-999
6088007,20150303000000,43.738667,7.279167,238,2,7.9,17.1,12.2,29,60,44,2.3,-999,0,-999,-999
6088007,20150304000000,43.738667,7.279167,238,2,6.7,13.1,9.9,51,81,69,2,-999,0,-999,-999
6088007,20150305000000,43.738667,7.279167,238,2,5.9,14.2,10.2,13,63,28,2.7,-999,0,-999,-999
6088007,20150306000000,43.738667,7.279167,238,2,3.4,13.7,8.7,23,68,43,2.8,-999,0,-999,-999
6088007,20150307000000,43.738667,7.279167,238,2,5.1,14.6,9.3,36,69,55,2.8,-999,0,-999,-999
6088007,20150308000000,43.738667,7.279167,238,2,5.8,15.8,10,31,75,57,2.9,-999,0,-999,-999
6088007,20150309000000,43.738667,7.279167,238,2,4.8,13.3,8.9,40,79,61,2.6,-999,0,-999,-999
6088007,20150310000000,43.738667,7.279167,238,2,5,13.5,9.6,48,87,70,2.6,-999,0,-999,-999
6088007,20150311000000,43.738667,7.279167,238,2,7.7,14.2,10.4,45,94,75,1.8,-999,0,-999,-999
6088007,20150312000000,43.738667,7.279167,238,2,7.8,14.6,9.7,33,92,70,2.4,-999,0,-999,-999
6088007,20150313000000,43.738667,7.279167,238,2,6.3,14.5,10.4,46,80,68,1.9,-999,0,-999,-999
6088007,20150314000000,43.738667,7.279167,238,2,7.8,11.5,9.6,51,84,72,2.3,-999,3.4,-999,-999
6088007,20150315000000,43.738667,7.279167,238,2,7.4,11,9.1,45,81,62,7.9,-999,3.8,-999,-999
6088007,20150316000000,43.738667,7.279167,238,2,6.6,12.9,9.8,44,81,60,4,-999,8.5,-999,-999
6088007,20150317000000,43.738667,7.279167,238,2,8.4,15.8,12.2,44,75,54,4.3,-999,0.4,-999,-999
6088007,20150318000000,43.738667,7.279167,238,2,8.3,16,11.8,43,75,58,2.7,-999,0,-999,-999
6088007,20150319000000,43.738667,7.279167,238,2,8,15.9,11.9,47,76,63,2.5,-999,0,-999,-999
6088007,20150320000000,43.738667,7.279167,238,2,8.5,16.9,12.1,44,79,62,2.3,-999,0,-999,-999
6088007,20150321000000,43.738667,7.279167,238,2,9.8,13.5,11.2,44,95,63,2.7,-999,4.2,-999,-999
6088007,20150322000000,43.738667,7.279167,238,2,7.8,11.5,9.5,49,97,82,1.6,-999,3.2,-999,-999
6088007,20150323000000,43.738667,7.279167,238,2,6.2,16.8,11.8,39,76,59,2.2,-999,0,-999,-999
6088007,20150324000000,43.738667,7.279167,238,2,10.8,15.7,12.9,49,69,57,3,-999,5.8,-999,-999
6088007,20150325000000,43.738667,7.279167,238,2,10,13.9,11.6,41,86,68,3.9,-999,0.4,-999,-999
6088007,20150326000000,43.738667,7.279167,238,2,8,15.1,11.6,48,88,70,2.1,-999,0,-999,-999
6088007,20150327000000,43.738667,7.279167,238,2,7.6,19,13.1,29,83,55,2.5,-999,0,-999,-999
6088007,20150328000000,43.738667,7.279167,238,2,9.2,17.2,13.1,19,53,40,3,-999,0,-999,-999
6088007,20150329000000,43.738667,7.279167,238,2,8.6,16.5,12.5,41,93,66,2.1,-999,0,-999,-999
6088007,20150330000000,43.738667,7.279167,238,2,8.8,16.8,12.6,56,94,77,2.5,-999,0,-999,-999
6088007,20150331000000,43.738667,7.279167,238,2,10.9,21.7,15.5,24,79,60,3.1,-999,0,-999,-999
6088007,20150401000000,43.738667,7.279167,238,2,11.5,19.5,15.4,19,93,32,3.2,-999,0,-999,-999
6088007,20150402000000,43.738667,7.279167,238,2,8.7,17.2,12.2,20,73,48,2.8,-999,0,-999,-999
6088007,20150403000000,43.738667,7.279167,238,2,7.1,14.8,11.4,51,81,69,2.1,-999,0,-999,-999
6088007,20150404000000,43.738667,7.279167,238,2,7.4,15.3,11.2,50,88,73,2,-999,3.2,-999,-999
6088007,20150405000000,43.738667,7.279167,238,2,8.1,14.5,9.7,46,96,76,2.8,-999,2.8,-999,-999
6088007,20150406000000,43.738667,7.279167,238,2,4.6,13,9,42,89,61,2.4,-999,0,-999,-999
6088007,20150407000000,43.738667,7.279167,238,2,5,13.8,9.2,20,77,47,3,-999,0,-999,-999
6088007,20150408000000,43.738667,7.279167,238,2,5.7,17.7,12.5,19,70,46,2.8,-999,0,-999,-999
6088007,20150409000000,43.738667,7.279167,238,2,6.8,16,12.1,44,85,65,2.7,-999,0,-999,-999
6088007,20150410000000,43.738667,7.279167,238,2,7.8,16.4,11.6,48,91,72,2.7,-999,0,-999,-999
6088007,20150411000000,43.738667,7.279167,238,2,6.5,16.9,11.6,56,87,73,2.2,-999,0,-999,-999
6088007,20150412000000,43.738667,7.279167,238,2,10.3,18.1,14.3,42,83,64,2.3,-999,0,-999,-999
6088007,20150413000000,43.738667,7.279167,238,2,12.2,20.5,15.9,34,93,58,2.3,-999,0,-999,-999
6088007,20150414000000,43.738667,7.279167,238,2,9.7,19,14.4,44,94,77,2.2,-999,0,-999,-999
6088007,20150415000000,43.738667,7.279167,238,2,9.4,16.4,13.1,68,96,84,2.5,-999,0,-999,-999
6088007,20150416000000,43.738667,7.279167,238,2,9.6,16.6,13.2,68,100,88,2.2,-999,2.8,-999,-999
6088007,20150417000000,43.738667,7.279167,238,2,12,18.2,14.6,59,96,76,2.7,-999,0,-999,-999
6088007,20150418000000,43.738667,7.279167,238,2,11.1,17.7,14.2,64,95,84,2,-999,0,-999,-999
6088007,20150419000000,43.738667,7.279167,238,2,12.5,16.9,13.7,36,94,63,2.6,-999,0,-999,-999
6088007,20150420000000,43.738667,7.279167,238,2,8.7,16.6,13.3,43,77,64,3.1,-999,0,-999,-999
6088007,20150421000000,43.738667,7.279167,238,2,11.7,20.7,16.3,31,73,49,2.9,-999,0,-999,-999
6088007,20150422000000,43.738667,7.279167,238,2,10.2,18.8,14.9,47,81,66,2.2,-999,0,-999,-999
6088007,20150423000000,43.738667,7.279167,238,2,12.7,18,14.3,42,94,73,2.3,-999,0.2,-999,-999
6088007,20150424000000,43.738667,7.279167,238,2,9.3,17.4,13.7,60,92,77,2.6,-999,0,-999,-999
6088007,20150425000000,43.738667,7.279167,238,2,10.8,17.7,13.9,67,93,83,1.9,-999,0.2,-999,-999
6088007,20150426000000,43.738667,7.279167,238,2,12.9,19.5,15.4,47,95,78,1.7,-999,4.2,-999,-999
6088007,20150427000000,43.738667,7.279167,238,2,11.9,15.4,13.3,69,99,89,2.4,-999,16.7,-999,-999
6088007,20150428000000,43.738667,7.279167,238,2,9.8,20.1,14.7,48,96,72,2.2,-999,0,-999,-999
6088007,20150429000000,43.738667,7.279167,238,2,11.4,18.4,14.5,56,91,74,1.9,-999,0,-999,-999
6088007,20150430000000,43.738667,7.279167,238,2,9.5,18.1,14.1,38,92,70,2.3,-999,0,-999,-999
6088007,20150501000000,43.738667,7.279167,238,2,10.9,15.1,13.8,47,100,84,2.3,-999,1.2,-999,-999
6088007,20150502000000,43.738667,7.279167,238,2,12.5,18,15.2,74,99,88,2.5,-999,0,-999,-999
6088007,20150503000000,43.738667,7.279167,238,2,12.7,20,15.7,61,98,84,2.2,-999,0,-999,-999
6088007,20150504000000,43.738667,7.279167,238,2,13.7,21.4,17.2,61,96,79,2.4,-999,0,-999,-999
6088007,20150505000000,43.738667,7.279167,238,2,16.2,23.8,19.1,42,77,64,2.2,-999,0,-999,-999
6088007,20150506000000,43.738667,7.279167,238,2,15.4,21.8,17.5,56,98,80,2.6,-999,0.2,-999,-999
6088007,20150507000000,43.738667,7.279167,238,2,12.4,19.7,16.1,66,98,82,2.4,-999,0,-999,-999
6088007,20150508000000,43.738667,7.279167,238,2,12.1,19.6,15.5,67,98,85,2,-999,0.2,-999,-999
6088007,20150509000000,43.738667,7.279167,238,2,12.1,22.8,18.1,47,96,71,2.2,-999,0,-999,-999
6088007,20150510000000,43.738667,7.279167,238,2,15.6,25.5,20.1,31,69,53,2.7,-999,0,-999,-999
6088007,20150511000000,43.738667,7.279167,238,2,14.4,24.3,19.5,37,72,54,2.3,-999,0,-999,-999
6088007,20150512000000,43.738667,7.279167,238,2,14.7,23.4,19.2,33,79,63,2.2,-999,0,-999,-999
6088007,20150513000000,43.738667,7.279167,238,2,13.8,21,17.7,58,94,77,2.2,-999,0.2,-999,-999
6088007,20150514000000,43.738667,7.279167,238,2,14,22.6,17.9,57,94,82,2.3,-999,0.6,-999,-999
6088007,20150515000000,43.738667,7.279167,238,2,15.7,22.7,17.4,22,99,58,3.9,-999,0,-999,-999
6088007,20150516000000,43.738667,7.279167,238,2,11.3,22.1,17.1,42,77,60,2.7,-999,0,-999,-999
6088007,20150517000000,43.738667,7.279167,238,2,14.5,25.8,20.9,38,77,55,2.7,-999,0,-999,-999
6088007,20150518000000,43.738667,7.279167,238,2,17.5,25.5,20.5,32,81,58,2.5,-999,0,-999,-999
6088007,20150519000000,43.738667,7.279167,238,2,13.1,20.9,16.5,60,93,77,2.3,-999,0,-999,-999
6088007,20150520000000,43.738667,7.279167,238,2,13.5,24.4,18.1,23,95,54,2.5,-999,15.5,-999,-999
6088007,20150521000000,43.738667,7.279167,238,2,8,17.3,12.7,30,91,65,3.1,-999,0,-999,-999
6088007,20150522000000,43.738667,7.279167,238,2,9.5,19.5,15.1,31,73,56,2.8,-999,0,-999,-999
6088007,20150523000000,43.738667,7.279167,238,2,12.8,19.5,15.8,44,82,61,2,-999,0,-999,-999
6088007,20150524000000,43.738667,7.279167,238,2,13.5,19.2,16.1,60,81,70,2.1,-999,0,-999,-999
6088007,20150525000000,43.738667,7.279167,238,2,14.3,20.2,16.5,45,96,77,2.4,-999,0.8,-999,-999
6088007,20150526000000,43.738667,7.279167,238,2,13.1,21.4,16.9,55,98,78,2.2,-999,0,-999,-999
6088007,20150527000000,43.738667,7.279167,238,2,13,21.9,17.9,33,85,58,2.8,-999,0,-999,-999
6088007,20150528000000,43.738667,7.279167,238,2,12.4,21.4,17.3,37,88,64,2.7,-999,0,-999,-999
6088007,20150529000000,43.738667,7.279167,238,2,11.7,21,16.4,48,90,76,2.6,-999,0,-999,-999
6088007,20150530000000,43.738667,7.279167,238,2,12.3,23,17.3,54,95,79,2,-999,0,-999,-999
6088007,20150531000000,43.738667,7.279167,238,2,16.5,21.6,18,60,93,80,2.1,-999,0.2,-999,-999
6088007,20150601000000,43.738667,7.279167,238,2,14.2,21.8,18.3,64,94,81,2.2,-999,0,-999,-999
6088007,20150602000000,43.738667,7.279167,238,2,14.6,22.2,18.6,64,96,80,2.3,-999,0,-999,-999
6088007,20150603000000,43.738667,7.279167,238,2,15.5,23.1,19.6,67,92,81,2.5,-999,0,-999,-999
6088007,20150604000000,43.738667,7.279167,238,2,16.9,26.4,22,44,87,64,2.7,-999,0,-999,-999
6088007,20150605000000,43.738667,7.279167,238,2,20.3,30.8,26.1,28,61,41,2.9,-999,0,-999,-999
6088007,20150606000000,43.738667,7.279167,238,2,22.4,31.3,26.9,29,62,44,2.8,-999,0,-999,-999
6088007,20150607000000,43.738667,7.279167,238,2,20.9,29.1,25.3,33,69,52,2.9,-999,0,-999,-999
6088007,20150608000000,43.738667,7.279167,238,2,21.2,27.6,24,39,75,50,2.8,-999,0,-999,-999
6088007,20150609000000,43.738667,7.279167,238,2,-999,-999,22.4,-999,-999,56,2,-999,-999,-999,-999
6088007,20150610000000,43.738667,7.279167,238,2,17.9,28.3,23,40,72,54,2.2,-999,0,-999,-999
6088007,20150611000000,43.738667,7.279167,238,2,18.8,29.2,24.1,29,70,48,2.3,-999,0,-999,-999
6088007,20150612000000,43.738667,7.279167,238,2,20.3,27.8,22.6,26,92,50,3.9,-999,10.9,-999,-999
6088007,20150613000000,43.738667,7.279167,238,2,16,25.9,21.5,49,93,70,2.4,-999,0.6,-999,-999
6088007,20150614000000,43.738667,7.279167,238,2,16.5,23.9,20.1,48,99,80,2.4,-999,16.1,-999,-999
6088007,20150615000000,43.738667,7.279167,238,2,16.2,24.7,19.8,56,97,74,3,-999,0.4,-999,-999
6088007,20150616000000,43.738667,7.279167,238,2,14.9,23.2,19.4,49,90,72,2.2,-999,0,-999,-999
6088007,20150617000000,43.738667,7.279167,238,2,14.8,24.5,20.3,47,84,67,2.5,-999,0,-999,-999
6088007,20150618000000,43.738667,7.279167,238,2,16.6,25,21.1,41,85,67,2.4,-999,0,-999,-999
6088007,20150619000000,43.738667,7.279167,238,2,16.2,24.2,20.8,65,92,78,2.1,-999,0,-999,-999
6088007,20150620000000,43.738667,7.279167,238,2,18,25,21.2,50,91,72,2.4,-999,0,-999,-999
6088007,20150621000000,43.738667,7.279167,238,2,17.3,24.9,21.1,33,80,60,2.6,-999,0,-999,-999
6088007,20150622000000,43.738667,7.279167,238,2,16.3,24.1,20.7,60,89,75,2.4,-999,0,-999,-999
6088007,20150623000000,43.738667,7.279167,238,2,17,31.7,23.4,20,92,63,3,-999,0,-999,-999
6088007,20150624000000,43.738667,7.279167,238,2,18.1,27.1,22,23,89,54,2.5,-999,0,-999,-999
6088007,20150625000000,43.738667,7.279167,238,2,16.1,25,21,26,62,47,2.7,-999,0,-999,-999
6088007,20150626000000,43.738667,7.279167,238,2,16.9,26.4,22.2,36,67,51,2.6,-999,0,-999,-999
6088007,20150627000000,43.738667,7.279167,238,2,17.5,25.7,21.6,41,78,62,2.6,-999,0,-999,-999
6088007,20150628000000,43.738667,7.279167,238,2,17.2,27.1,23.1,46,76,60,2.5,-999,0,-999,-999
6088007,20150629000000,43.738667,7.279167,238,2,20,27.3,23.6,45,80,62,2.4,-999,0,-999,-999
6088007,20150630000000,43.738667,7.279167,238,2,19.3,28.4,24.5,36,73,56,2.5,-999,0,-999,-999
6088007,20150701000000,43.738667,7.279167,238,2,22.7,29.3,25.9,45,69,57,2.7,-999,0,-999,-999
6088007,20150702000000,43.738667,7.279167,238,2,21.3,29.8,26,37,76,57,2.5,-999,0,-999,-999
6088007,20150703000000,43.738667,7.279167,238,2,21.2,30.3,26.2,36,76,62,2.1,-999,0,-999,-999
6088007,20150704000000,43.738667,7.279167,238,2,25,31.5,28,40,81,51,2.7,-999,0,-999,-999
6088007,20150705000000,43.738667,7.279167,238,2,22.3,30.8,26.5,41,72,60,2.4,-999,0,-999,-999
6088007,20150706000000,43.738667,7.279167,238,2,22.1,29.4,25.7,52,88,72,2.8,-999,0,-999,-999
6088007,20150707000000,43.738667,7.279167,238,2,21.5,29,25.7,51,89,74,2.2,-999,0,-999,-999
6088007,20150708000000,43.738667,7.279167,238,2,21.2,29,25.3,52,83,70,2.6,-999,0,-999,-999
6088007,20150709000000,43.738667,7.279167,238,2,20.6,30.1,25.5,36,87,59,2.6,-999,0,-999,-999
6088007,20150710000000,43.738667,7.279167,238,2,22.6,29.6,25.8,41,61,50,2.7,-999,0,-999,-999
6088007,20150711000000,43.738667,7.279167,238,2,20.2,28.5,24.9,43,94,60,2.6,-999,0,-999,-999
6088007,20150712000000,43.738667,7.279167,238,2,20.1,29.3,24.6,53,91,75,2.3,-999,0,-999,-999
6088007,20150713000000,43.738667,7.279167,238,2,20.6,28.5,24.5,62,91,80,2.3,-999,0,-999,-999
6088007,20150714000000,43.738667,7.279167,238,2,22.2,28.6,25.3,58,91,73,2.2,-999,0,-999,-999
6088007,20150715000000,43.738667,7.279167,238,2,21.5,28.3,25.1,65,89,75,2.4,-999,0,-999,-999
6088007,20150716000000,43.738667,7.279167,238,2,21.5,28.9,25.5,59,91,74,2.7,-999,0,-999,-999
6088007,20150717000000,43.738667,7.279167,238,2,21.1,30.7,25.7,45,93,71,2.3,-999,0,-999,-999
6088007,20150718000000,43.738667,7.279167,238,2,21,29.5,25.9,44,71,60,2.4,-999,0,-999,-999
6088007,20150719000000,43.738667,7.279167,238,2,21.7,30.1,26.1,41,81,60,2.6,-999,0,-999,-999
6088007,20150720000000,43.738667,7.279167,238,2,21.3,29.9,25.7,55,89,72,2.1,-999,0,-999,-999
6088007,20150721000000,43.738667,7.279167,238,2,23.1,29.5,25.8,57,91,74,2.7,-999,0,-999,-999
6088007,20150722000000,43.738667,7.279167,238,2,21,30,25.8,44,86,70,2.6,-999,0,-999,-999
6088007,20150723000000,43.738667,7.279167,238,2,21.5,29.1,25.7,44,82,68,2.4,-999,0,-999,-999
6088007,20150724000000,43.738667,7.279167,238,2,22.5,29.5,25.9,54,81,68,2.5,-999,0,-999,-999
6088007,20150725000000,43.738667,7.279167,238,2,21.8,35.3,28.1,8,76,41,3.9,-999,0,-999,-999
6088007,20150726000000,43.738667,7.279167,238,2,20.3,28.8,24.3,33,77,55,2.5,-999,0,-999,-999
6088007,20150727000000,43.738667,7.279167,238,2,19.4,35.4,27.7,10,77,41,4.3,-999,0,-999,-999
6088007,20150728000000,43.738667,7.279167,238,2,20.3,28.7,24,44,85,66,2.3,-999,0,-999,-999
6088007,20150729000000,43.738667,7.279167,238,2,18.2,34.6,26.2,19,86,56,3.4,-999,0,-999,-999
6088007,20150730000000,43.738667,7.279167,238,2,20.8,28.6,24.5,45,91,68,2.5,-999,0,-999,-999
6088007,20150731000000,43.738667,7.279167,238,2,19.6,28.4,24.3,45,89,64,2.6,-999,0,-999,-999
6088007,20150801000000,43.738667,7.279167,238,2,21.1,26.6,23,44,84,67,2.4,-999,0,-999,-999
6088007,20150802000000,43.738667,7.279167,238,2,19.7,25.5,22.5,60,85,73,2.6,-999,0,-999,-999
6088007,20150803000000,43.738667,7.279167,238,2,20.1,28.9,25.1,39,72,55,2.7,-999,0,-999,-999
6088007,20150804000000,43.738667,7.279167,238,2,21.7,30.5,25.7,26,86,58,2.2,-999,0,-999,-999
6088007,20150805000000,43.738667,7.279167,238,2,20.4,29.2,25.8,42,80,60,2.6,-999,0,-999,-999
6088007,20150806000000,43.738667,7.279167,238,2,23.4,31.9,28.4,39,66,50,2.7,-999,0,-999,-999
6088007,20150807000000,43.738667,7.279167,238,2,26,33.2,29.7,30,54,42,2.7,-999,0,-999,-999
6088007,20150808000000,43.738667,7.279167,238,2,26.6,33.8,30.1,28,58,40,3.1,-999,0,-999,-999
6088007,20150809000000,43.738667,7.279167,238,2,24.3,29.4,26.1,45,79,62,2.3,-999,0,-999,-999
6088007,20150810000000,43.738667,7.279167,238,2,20.1,24.1,22.1,57,94,76,1.4,-999,11.7,-999,-999
6088007,20150811000000,43.738667,7.279167,238,2,19.1,29.9,25.2,34,86,54,2.8,-999,0,-999,-999
6088007,20150812000000,43.738667,7.279167,238,2,22.1,32.1,27.5,25,55,38,2.9,-999,0,-999,-999
6088007,20150813000000,43.738667,7.279167,238,2,24.2,31.3,27.2,31,70,43,2.6,-999,0,-999,-999
6088007,20150814000000,43.738667,7.279167,238,2,21.8,28.1,24.1,38,86,62,2.5,-999,0,-999,-999
6088007,20150815000000,43.738667,7.279167,238,2,17.7,25.5,20.4,43,80,68,2.7,-999,1.4,-999,-999
6088007,20150816000000,43.738667,7.279167,238,2,15.6,25,19.5,55,93,74,2.2,-999,8.3,-999,-999
6088007,20150817000000,43.738667,7.279167,238,2,14.9,26,20.8,42,92,65,2.2,-999,0,-999,-999
6088007,20150818000000,43.738667,7.279167,238,2,16,25,20.3,42,87,67,2.5,-999,0,-999,-999
6088007,20150819000000,43.738667,7.279167,238,2,15.5,25,20.9,40,78,61,2.4,-999,0,-999,-999
6088007,20150820000000,43.738667,7.279167,238,2,17.2,26.4,22,41,76,59,2.8,-999,0,-999,-999
6088007,20150821000000,43.738667,7.279167,238,2,17.7,26.5,22.5,41,69,57,2.5,-999,0,-999,-999
6088007,20150822000000,43.738667,7.279167,238,2,19.6,26.5,22.6,36,72,59,2.4,-999,0.8,-999,-999
6088007,20150823000000,43.738667,7.279167,238,2,17,24.1,19.8,51,95,74,2.4,-999,8.6,-999,-999
6088007,20150824000000,43.738667,7.279167,238,2,17.4,26.2,20.9,62,94,82,2.1,-999,3,-999,-999
6088007,20150825000000,43.738667,7.279167,238,2,17.2,27.3,22.2,31,93,66,2.3,-999,0,-999,-999
6088007,20150826000000,43.738667,7.279167,238,2,17,25,21.6,53,89,71,2.5,-999,0,-999,-999
6088007,20150827000000,43.738667,7.279167,238,2,18.4,26.5,22.5,42,78,60,2.7,-999,0,-999,-999
6088007,20150828000000,43.738667,7.279167,238,2,17.9,27,22.8,31,76,53,2.8,-999,0,-999,-999
6088007,20150829000000,43.738667,7.279167,238,2,19.4,30.6,24.7,34,61,49,2.7,-999,0,-999,-999
6088007,20150830000000,43.738667,7.279167,238,2,19.8,28.8,24.4,33,76,57,2.8,-999,0,-999,-999
6088007,20150831000000,43.738667,7.279167,238,2,19,28.1,23.3,48,90,69,2.5,-999,0,-999,-999
6088007,20150901000000,43.738667,7.279167,238,2,19.8,30.2,23.4,25,89,62,2.4,-999,0.4,-999,-999
6088007,20150902000000,43.738667,7.279167,238,2,18,26.3,22.4,43,85,65,2.2,-999,0,-999,-999
6088007,20150903000000,43.738667,7.279167,238,2,16.5,25.2,20.8,48,77,66,2.7,-999,0,-999,-999
6088007,20150904000000,43.738667,7.279167,238,2,16.6,24.4,20.8,45,73,57,2,-999,0,-999,-999
6088007,20150905000000,43.738667,7.279167,238,2,16.7,29.7,22,14,67,46,2.4,-999,0,-999,-999
6088007,20150906000000,43.738667,7.279167,238,2,15.6,25,19.9,25,70,52,2.4,-999,0,-999,-999
6088007,20150907000000,43.738667,7.279167,238,2,15.1,24.3,20,36,62,48,2.7,-999,0,-999,-999
6088007,20150908000000,43.738667,7.279167,238,2,16.3,24.9,20.8,29,60,48,2.4,-999,0,-999,-999
6088007,20150909000000,43.738667,7.279167,238,2,16.8,24.8,20.4,37,68,52,2.6,-999,0,-999,-999
6088007,20150910000000,43.738667,7.279167,238,2,16.7,24,20,42,73,61,2,-999,0,-999,-999
6088007,20150911000000,43.738667,7.279167,238,2,14.7,22.7,18.7,47,77,67,2.5,-999,0,-999,-999
6088007,20150912000000,43.738667,7.279167,238,2,14.6,25.7,20.3,47,80,64,1.9,-999,49.9,-999,-999
6088007,20150913000000,43.738667,7.279167,238,2,15.3,22,19,57,98,81,2.7,-999,23,-999,-999
6088007,20150914000000,43.738667,7.279167,238,2,18.4,24.4,21.2,48,95,79,2.2,-999,0,-999,-999
6088007,20150915000000,43.738667,7.279167,238,2,15,24.5,18.9,33,81,64,2.1,-999,2,-999,-999
6088007,20150916000000,43.738667,7.279167,238,2,15.6,24.5,20.2,63,92,81,2,-999,1.4,-999,-999
6088007,20150917000000,43.738667,7.279167,238,2,18.2,24.7,20.8,68,97,85,2.1,-999,0,-999,-999
6088007,20150918000000,43.738667,7.279167,238,2,15.4,26.3,20.4,34,93,62,2.7,-999,0,-999,-999
6088007,20150919000000,43.738667,7.279167,238,2,15,22.6,19.3,50,78,65,2.3,-999,0,-999,-999
6088007,20150920000000,43.738667,7.279167,238,2,14.1,25.1,19.8,26,74,52,2.6,-999,0,-999,-999
6088007,20150921000000,43.738667,7.279167,238,2,15.4,24.8,19,28,93,64,2.4,-999,0,-999,-999
6088007,20150922000000,43.738667,7.279167,238,2,13.1,21.3,17.5,47,92,74,2.4,-999,0,-999,-999
6088007,20150923000000,43.738667,7.279167,238,2,15.5,24.3,17.4,21,87,54,3.5,-999,0.4,-999,-999
6088007,20150924000000,43.738667,7.279167,238,2,11.6,23.1,17.1,24,84,51,3.2,-999,0,-999,-999
6088007,20150925000000,43.738667,7.279167,238,2,14.6,23.5,18.9,26,67,47,2.8,-999,0,-999,-999
6088007,20150926000000,43.738667,7.279167,238,2,14,22.7,18.6,48,76,63,2.3,-999,0,-999,-999
6088007,20150927000000,43.738667,7.279167,238,2,15.3,23.1,18.6,56,87,70,2.3,-999,0,-999,-999
6088007,20150928000000,43.738667,7.279167,238,2,14.3,21.8,17.8,48,89,67,2.3,-999,0,-999,-999
6088007,20150929000000,43.738667,7.279167,238,2,15.8,19.4,16.8,30,70,37,3.5,-999,0,-999,-999
6088007,20150930000000,43.738667,7.279167,238,2,12.6,21.8,17,29,50,40,2.8,-999,0,-999,-999
6088007,20151001000000,43.738667,7.279167,238,2,12.8,19.6,14.9,30,86,53,3.3,-999,32.3,-999,-999
6088007,20151002000000,43.738667,7.279167,238,2,11.3,13.1,12.2,73,98,87,5.1,-999,51.6,-999,-999
6088007,20151003000000,43.738667,7.279167,238,2,11.1,19.1,14.4,68,99,89,2,-999,67.4,-999,-999
6088007,20151004000000,43.738667,7.279167,238,2,13.3,21.4,17.1,39,100,79,2.3,-999,0,-999,-999
6088007,20151005000000,43.738667,7.279167,238,2,14,20.8,17.2,66,94,82,1.9,-999,0,-999,-999
6088007,20151006000000,43.738667,7.279167,238,2,16.8,23.1,18.6,55,94,80,1.7,-999,0,-999,-999
6088007,20151007000000,43.738667,7.279167,238,2,14.2,22.2,18.1,53,85,71,2.6,-999,0,-999,-999
6088007,20151008000000,43.738667,7.279167,238,2,13.1,21.7,17,61,93,81,2.3,-999,0,-999,-999
6088007,20151009000000,43.738667,7.279167,238,2,13.6,20.5,17.1,52,79,67,2.3,-999,0,-999,-999
6088007,20151010000000,43.738667,7.279167,238,2,13.4,22,17.4,45,82,65,2.7,-999,0,-999,-999
6088007,20151011000000,43.738667,7.279167,238,2,13.5,21.8,16.9,49,91,74,2,-999,0,-999,-999
6088007,20151012000000,43.738667,7.279167,238,2,13.4,18.7,15.2,70,99,89,1.7,-999,15.9,-999,-999
6088007,20151013000000,43.738667,7.279167,238,2,13.6,19.5,16.1,65,98,88,2.2,-999,1.2,-999,-999
6088007,20151014000000,43.738667,7.279167,238,2,12.5,19.6,15,64,97,84,2,-999,0,-999,-999
6088007,20151015000000,43.738667,7.279167,238,2,10.4,16,12.4,33,97,70,2.4,-999,0,-999,-999
6088007,20151016000000,43.738667,7.279167,238,2,6.8,16.4,11.7,41,84,65,2.1,-999,0,-999,-999
6088007,20151017000000,43.738667,7.279167,238,2,8.6,17.2,12.7,52,89,75,2.4,-999,0,-999,-999
6088007,20151018000000,43.738667,7.279167,238,2,11.1,13.5,12.8,77,99,92,1.3,-999,1.6,-999,-999
6088007,20151019000000,43.738667,7.279167,238,2,12.9,19,14.6,60,97,84,1.9,-999,0.2,-999,-999
6088007,20151020000000,43.738667,7.279167,238,2,10.2,18.6,14,51,94,76,2.5,-999,0,-999,-999
6088007,20151021000000,43.738667,7.279167,238,2,10.1,18.3,13.9,55,88,72,2.7,-999,0,-999,-999
6088007,20151022000000,43.738667,7.279167,238,2,8.8,18,13.2,53,92,77,2.8,-999,0,-999,-999
6088007,20151023000000,43.738667,7.279167,238,2,9.9,18.9,14.3,66,91,80,2.4,-999,0,-999,-999
6088007,20151024000000,43.738667,7.279167,238,2,10.5,19.1,14.6,50,88,75,2.1,-999,0,-999,-999
6088007,20151025000000,43.738667,7.279167,238,2,11.7,18.2,14.8,64,93,82,1.9,-999,0,-999,-999
6088007,20151026000000,43.738667,7.279167,238,2,12,18.8,14.6,57,96,79,2.2,-999,0,-999,-999
6088007,20151027000000,43.738667,7.279167,238,2,12.6,17.5,14.4,33,100,66,1.9,-999,12.2,-999,-999
6088007,20151028000000,43.738667,7.279167,238,2,11.6,16,13.7,72,100,91,2.2,-999,24.3,-999,-999
6088007,20151029000000,43.738667,7.279167,238,2,9.7,17.5,13.2,60,96,81,2.4,-999,0,-999,-999
6088007,20151030000000,43.738667,7.279167,238,2,10.6,20.6,15.1,49,92,71,2.5,-999,0,-999,-999
6088007,20151031000000,43.738667,7.279167,238,2,11.8,23.5,17,22,82,50,2,-999,0,-999,-999
6088007,20151101000000,43.738667,7.279167,238,2,11.3,21.2,15.9,30,61,43,2.2,-999,0,-999,-999
6088007,20151102000000,43.738667,7.279167,238,2,8.3,18.4,13.4,39,77,57,2.5,-999,0,-999,-999
6088007,20151103000000,43.738667,7.279167,238,2,9.9,15.5,12.7,31,99,75,1.7,-999,5.6,-999,-999
6088007,20151104000000,43.738667,7.279167,238,2,11.1,19.5,14,57,99,84,2.2,-999,0,-999,-999
6088007,20151105000000,43.738667,7.279167,238,2,11.1,17.6,14.1,68,98,84,2.1,-999,0,-999,-999
6088007,20151106000000,43.738667,7.279167,238,2,10.6,18,13.8,73,98,90,2.1,-999,0,-999,-999
6088007,20151107000000,43.738667,7.279167,238,2,10.6,19.9,14.9,55,98,78,2.5,-999,0,-999,-999
6088007,20151108000000,43.738667,7.279167,238,2,11.6,18.7,14.3,55,99,80,2.1,-999,0.2,-999,-999
6088007,20151109000000,43.738667,7.279167,238,2,9.4,17.7,13.4,64,94,82,2.2,-999,0,-999,-999
6088007,20151110000000,43.738667,7.279167,238,2,10.2,18.5,14.3,66,97,84,2.1,-999,0,-999,-999
6088007,20151111000000,43.738667,7.279167,238,2,13.2,16.7,14.8,67,91,81,1.3,-999,0,-999,-999
6088007,20151112000000,43.738667,7.279167,238,2,11.4,18.6,14.1,58,94,77,2.1,-999,0,-999,-999
6088007,20151113000000,43.738667,7.279167,238,2,10.3,17.4,13.4,68,96,88,1.9,-999,0,-999,-999
6088007,20151114000000,43.738667,7.279167,238,2,10.4,18.6,13.5,61,97,83,2.1,-999,0,-999,-999
6088007,20151115000000,43.738667,7.279167,238,2,9.9,18.9,13.1,56,97,84,2,-999,0,-999,-999
6088007,20151116000000,43.738667,7.279167,238,2,9.1,17,12.9,54,97,84,1.8,-999,0,-999,-999
6088007,20151117000000,43.738667,7.279167,238,2,11.3,17.2,13.2,61,92,80,1.9,-999,0,-999,-999
6088007,20151118000000,43.738667,7.279167,238,2,10.6,18.1,13.7,57,96,81,2.2,-999,0,-999,-999
6088007,20151119000000,43.738667,7.279167,238,2,11.2,18.5,13.8,54,92,79,2.1,-999,0,-999,-999
6088007,20151120000000,43.738667,7.279167,238,2,9.3,20.1,14.6,38,94,72,2.6,-999,0,-999,-999
6088007,20151121000000,43.738667,7.279167,238,2,10.4,16.3,13.1,12,68,39,6.3,-999,1,-999,-999
6088007,20151122000000,43.738667,7.279167,238,2,5.2,14.1,8.7,22,80,48,3.2,-999,0.8,-999,-999
6088007,20151123000000,43.738667,7.279167,238,2,5.3,10.2,7.9,32,75,45,2.7,-999,0,-999,-999
6088007,20151124000000,43.738667,7.279167,238,2,4.1,12.7,7.7,20,75,48,2.8,-999,0,-999,-999
6088007,20151125000000,43.738667,7.279167,238,2,5,12.8,7.8,46,82,63,2,-999,0,-999,-999
6088007,20151126000000,43.738667,7.279167,238,2,3.6,14,8.4,21,83,47,3,-999,0,-999,-999
6088007,20151127000000,43.738667,7.279167,238,2,5.6,15.2,9.2,14,56,36,2.8,-999,0,-999,-999
6088007,20151128000000,43.738667,7.279167,238,2,4.5,13.9,8.2,36,85,59,2.3,-999,0,-999,-999
6088007,20151129000000,43.738667,7.279167,238,2,4.8,14.5,9.3,54,79,67,2.3,-999,0,-999,-999
6088007,20151130000000,43.738667,7.279167,238,2,5.9,15.1,9.6,45,91,69,2.2,-999,0,-999,-999
6088007,20151201000000,43.738667,7.279167,238,2,6.5,15.6,10.1,58,96,81,2.3,-999,0.2,-999,-999
6088007,20151202000000,43.738667,7.279167,238,2,6.1,14.7,10.3,63,96,81,1.9,-999,0,-999,-999
6088007,20151203000000,43.738667,7.279167,238,2,8.1,14,10.7,64,86,76,1.5,-999,0,-999,-999
6088007,20151204000000,43.738667,7.279167,238,2,7.2,14.2,10.4,55,80,70,2.2,-999,0,-999,-999
6088007,20151205000000,43.738667,7.279167,238,2,8.9,11.7,10.3,69,100,90,1.7,-999,6.9,-999,-999
6088007,20151206000000,43.738667,7.279167,238,2,9.7,13.7,11.6,81,99,91,1.3,-999,0,-999,-999
6088007,20151207000000,43.738667,7.279167,238,2,9.9,13.7,11.3,65,96,81,2.1,-999,2.2,-999,-999
6088007,20151208000000,43.738667,7.279167,238,2,8.8,16,10.9,50,94,76,2.2,-999,0,-999,-999
6088007,20151209000000,43.738667,7.279167,238,2,7.4,15.9,11,54,94,82,2.1,-999,0,-999,-999
6088007,20151210000000,43.738667,7.279167,238,2,7,16.4,10.5,37,88,63,2.5,-999,0,-999,-999
6088007,20151211000000,43.738667,7.279167,238,2,5.8,13.9,8.9,44,89,67,2.2,-999,0,-999,-999
6088007,20151212000000,43.738667,7.279167,238,2,4.7,13.6,8.1,62,93,81,2.3,-999,0,-999,-999
6088007,20151213000000,43.738667,7.279167,238,2,5.5,13.7,9.6,57,91,79,1.9,-999,0,-999,-999
6088007,20151214000000,43.738667,7.279167,238,2,9.4,14.5,11.1,57,86,72,1.7,-999,0,-999,-999
6088007,20151215000000,43.738667,7.279167,238,2,6.7,13.9,10.3,50,87,76,2.3,-999,0,-999,-999
6088007,20151216000000,43.738667,7.279167,238,2,7.3,15.7,11,63,93,80,1.9,-999,0,-999,-999
6088007,20151217000000,43.738667,7.279167,238,2,7.6,16.1,11,66,97,88,2,-999,0,-999,-999
6088007,20151218000000,43.738667,7.279167,238,2,10.5,13.3,11.2,68,93,76,1.8,-999,0,-999,-999
6088007,20151219000000,43.738667,7.279167,238,2,8.4,15.3,11.8,61,87,74,1.9,-999,0,-999,-999
6088007,20151220000000,43.738667,7.279167,238,2,10,15.7,12,57,92,76,2.7,-999,0,-999,-999
6088007,20151221000000,43.738667,7.279167,238,2,9.2,14.6,11.1,63,95,86,1.8,-999,0,-999,-999
6088007,20151222000000,43.738667,7.279167,238,2,7.5,15.1,10.7,60,95,83,2.2,-999,0,-999,-999
6088007,20151223000000,43.738667,7.279167,238,2,7.1,15,10.8,66,98,84,2,-999,0,-999,-999
6088007,20151224000000,43.738667,7.279167,238,2,9.2,14.1,10.9,76,93,87,1.5,-999,0,-999,-999
6088007,20151225000000,43.738667,7.279167,238,2,6.9,13.2,9.9,70,91,84,1.9,-999,0,-999,-999
6088007,20151226000000,43.738667,7.279167,238,2,8.1,14.8,10.2,50,92,76,2.5,-999,0,-999,-999
6088007,20151227000000,43.738667,7.279167,238,2,6.1,14.2,9.2,69,95,82,2.2,-999,0,-999,-999
6088007,20151228000000,43.738667,7.279167,238,2,5.9,14,9.6,56,97,82,2.1,-999,0,-999,-999
6088007,20151229000000,43.738667,7.279167,238,2,4.8,13.9,8.9,52,94,83,2,-999,0,-999,-999
6088007,20151230000000,43.738667,7.279167,238,2,6.4,15,9.7,44,87,69,2.1,-999,0,-999,-999
6088007,20151231000000,43.738667,7.279167,238,2,6.7,9.9,8.8,66,85,75,1.2,-999,0,-999,-999
6088007,20160101000000,43.738667,7.279167,238,2,7.8,10,8.6,73,100,83,1.2,-999,5.8,-999,-999
6088007,20160102000000,43.738667,7.279167,238,2,7.2,10.2,8.7,93,100,100,1.5,-999,7.9,-999,-999
6088007,20160103000000,43.738667,7.279167,238,2,3.9,12.5,7.6,48,100,81,2.2,-999,0,-999,-999
6088007,20160104000000,43.738667,7.279167,238,2,6.9,14.3,9.7,38,88,61,2.6,-999,0.6,-999,-999
6088007,20160105000000,43.738667,7.279167,238,2,6.2,13.6,8.9,39,96,78,1.7,-999,0,-999,-999
6088007,20160106000000,43.738667,7.279167,238,2,4,12.3,7.2,39,95,72,2.2,-999,0,-999,-999
6088007,20160107000000,43.738667,7.279167,238,2,4.3,14.3,9.5,39,77,60,2.6,-999,0,-999,-999
6088007,20160108000000,43.738667,7.279167,238,2,7.1,15.4,10.7,52,92,76,1.8,-999,0,-999,-999
6088007,20160109000000,43.738667,7.279167,238,2,8.2,12.2,10.6,87,99,94,1.4,-999,0.4,-999,-999
6088007,20160110000000,43.738667,7.279167,238,2,7.3,15.3,10.9,53,95,81,2.6,-999,0,-999,-999
6088007,20160111000000,43.738667,7.279167,238,2,8.5,14.2,11.4,27,100,67,3.5,-999,1.6,-999,-999
6088007,20160112000000,43.738667,7.279167,238,2,7.8,14.8,10.7,23,61,39,4.6,-999,0,-999,-999
6088007,20160114000000,43.738667,7.279167,238,2,4.5,9.5,6.8,16,100,74,2,-999,6.7,-999,-999
6088007,20160115000000,43.738667,7.279167,238,2,2.7,12.5,6.6,11,99,49,3.2,-999,0,-999,-999
6088007,20160116000000,43.738667,7.279167,238,2,0.1,10.7,5.5,13,50,30,3,-999,0,-999,-999
6088007,20160117000000,43.738667,7.279167,238,2,2.5,9.9,5.5,15,61,35,3.3,-999,0,-999,-999
6088007,20160118000000,43.738667,7.279167,238,2,1.3,5.3,3.9,33,57,45,2.4,-999,0,-999,-999
6088007,20160119000000,43.738667,7.279167,238,2,3.1,7.5,4.8,47,72,58,2,-999,0,-999,-999
6088007,20160120000000,43.738667,7.279167,238,2,3,7.7,5.8,57,78,69,1.5,-999,0,-999,-999
6088007,20160121000000,43.738667,7.279167,238,2,4.9,12.8,7.6,53,92,72,2,-999,0,-999,-999
6088007,20160122000000,43.738667,7.279167,238,2,4.4,11.1,7.5,49,90,70,1.8,-999,0,-999,-999
6088007,20160123000000,43.738667,7.279167,238,2,5.5,10.7,7.3,62,94,80,1.7,-999,0,-999,-999
6088007,20160124000000,43.738667,7.279167,238,2,4.2,12.7,7.6,49,94,76,2.2,-999,0,-999,-999
6088007,20160125000000,43.738667,7.279167,238,2,5.7,12.4,9.2,61,91,81,2.4,-999,0,-999,-999
6088007,20160126000000,43.738667,7.279167,238,2,7.7,13.6,9.9,62,88,79,2,-999,0,-999,-999
6088007,20160127000000,43.738667,7.279167,238,2,7.7,13.8,10.6,62,90,82,1.4,-999,0,-999,-999
6088007,20160128000000,43.738667,7.279167,238,2,6.3,14.4,10.5,62,96,87,2.2,-999,0,-999,-999
6088007,20160129000000,43.738667,7.279167,238,2,7.2,14.4,10.1,73,98,88,1.9,-999,0,-999,-999
6088007,20160130000000,43.738667,7.279167,238,2,7.1,16.1,10.8,44,97,71,2.1,-999,0,-999,-999
6088007,20160131000000,43.738667,7.279167,238,2,7.1,16,11,53,97,73,1.8,-999,0.2,-999,-999
6088007,20160201000000,43.738667,7.279167,238,2,7.7,16.7,11.8,61,99,88,2,-999,0,-999,-999
6088007,20160202000000,43.738667,7.279167,238,2,9.8,12.9,11.2,84,100,93,1.4,-999,0,-999,-999
6088007,20160203000000,43.738667,7.279167,238,2,8.9,18.9,11.9,10,97,54,4,-999,0,-999,-999
6088007,20160204000000,43.738667,7.279167,238,2,3.7,15.5,9.7,11,46,29,2.9,-999,0,-999,-999
6088007,20160205000000,43.738667,7.279167,238,2,5.4,14.6,9.6,34,91,66,2.4,-999,0,-999,-999
6088007,20160206000000,43.738667,7.279167,238,2,5.8,11.8,9.9,73,90,81,1.8,-999,1.6,-999,-999
6088007,20160207000000,43.738667,7.279167,238,2,8.6,10.6,9.6,73,97,88,3.3,-999,20.8,-999,-999
6088007,20160208000000,43.738667,7.279167,238,2,6.5,13.6,10.7,56,95,73,2.4,-999,0,-999,-999
6088007,20160209000000,43.738667,7.279167,238,2,7.4,12.5,10.5,25,100,77,3.2,-999,10.7,-999,-999
6088007,20160210000000,43.738667,7.279167,238,2,5.9,12.4,8.5,19,55,36,5.6,-999,0,-999,-999
6088007,20160211000000,43.738667,7.279167,238,2,3,12.3,7.6,22,69,42,2.7,-999,0,-999,-999
6088007,20160212000000,43.738667,7.279167,238,2,2.7,9.9,5.1,51,100,79,2.6,-999,11.9,-999,-999
6088007,20160213000000,43.738667,7.279167,238,2,3.4,14.4,10.6,36,84,60,3.7,-999,2.8,-999,-999
6088007,20160214000000,43.738667,7.279167,238,2,8.7,14.3,10,61,94,81,1.8,-999,0,-999,-999
6088007,20160215000000,43.738667,7.279167,238,2,4.5,14.2,9.1,36,95,64,2.6,-999,0,-999,-999
6088007,20160216000000,43.738667,7.279167,238,2,7,13.5,10.5,35,67,51,2.4,-999,0,-999,-999
6088007,20160217000000,43.738667,7.279167,238,2,7.9,10.3,8.6,64,94,81,1.6,-999,0.2,-999,-999
6088007,20160218000000,43.738667,7.279167,238,2,4.3,11.4,7.3,42,100,77,2.4,-999,0,-999,-999
6088007,20160219000000,43.738667,7.279167,238,2,3.4,13.1,8.3,25,75,51,2.5,-999,0,-999,-999
6088007,20160220000000,43.738667,7.279167,238,2,5.2,13.3,9,21,62,40,2.9,-999,0,-999,-999
6088007,20160221000000,43.738667,7.279167,238,2,5,14.2,9.5,54,94,72,2.4,-999,0,-999,-999
6088007,20160222000000,43.738667,7.279167,238,2,7.1,11.5,9.6,71,100,94,2.3,-999,2,-999,-999
6088007,20160223000000,43.738667,7.279167,238,2,6.8,14.8,10.5,66,99,86,2.2,-999,0,-999,-999
6088007,20160224000000,43.738667,7.279167,238,2,6.4,14.3,10.5,67,98,84,1.8,-999,0,-999,-999
6088007,20160225000000,43.738667,7.279167,238,2,9.3,13.4,10.3,65,95,83,1.3,-999,0.2,-999,-999
6088007,20160226000000,43.738667,7.279167,238,2,6.3,12.3,8.4,64,96,84,2.1,-999,4.6,-999,-999
6088007,20160227000000,43.738667,7.279167,238,2,5.8,9.3,7.8,63,99,79,6.4,-999,19.1,-999,-999
6088007,20160228000000,43.738667,7.279167,238,2,5.5,11.8,9.1,43,97,69,3.4,-999,4.2,-999,-999
6088007,20160229000000,43.738667,7.279167,238,2,8.1,14.3,10.6,48,90,69,2.4,-999,0,-999,-999
6088007,20160301000000,43.738667,7.279167,238,2,6.4,15.8,11.1,46,94,66,2.4,-999,0,-999,-999
6088007,20160302000000,43.738667,7.279167,238,2,7,14.4,11.1,19,74,54,3.1,-999,0,-999,-999
6088007,20160303000000,43.738667,7.279167,238,2,7.7,14.6,10.6,16,37,25,5.2,-999,0,-999,-999
6088007,20160304000000,43.738667,7.279167,238,2,4.5,14.2,9.6,17,100,50,3.3,-999,30.8,-999,-999
6088007,20160305000000,43.738667,7.279167,238,2,7.9,14.8,10.7,24,100,74,5.4,-999,7.1,-999,-999
6088007,20160306000000,43.738667,7.279167,238,2,4.2,11.7,8,41,76,59,2.6,-999,0,-999,-999
6088007,20160307000000,43.738667,7.279167,238,2,5.1,11.7,7.9,28,63,44,3.1,-999,0,-999,-999
6088007,20160308000000,43.738667,7.279167,238,2,2.6,11.8,6.5,28,71,49,2.6,-999,0,-999,-999
6088007,20160309000000,43.738667,7.279167,238,2,2.6,11.6,7.1,18,73,46,3,-999,0,-999,-999
6088007,20160310000000,43.738667,7.279167,238,2,3.9,15.9,9.3,29,68,47,2.5,-999,0,-999,-999
6088007,20160311000000,43.738667,7.279167,238,2,6.1,14.4,10.3,34,72,53,2.2,-999,0,-999,-999
6088007,20160312000000,43.738667,7.279167,238,2,7.4,15.5,11.3,34,71,52,2.6,-999,0,-999,-999
6088007,20160313000000,43.738667,7.279167,238,2,7.3,16.3,11.6,32,70,47,2.4,-999,0,-999,-999
6088007,20160314000000,43.738667,7.279167,238,2,9.6,16,11.8,33,51,41,1.8,-999,0,-999,-999
6088007,20160315000000,43.738667,7.279167,238,2,6.5,13.1,10.2,33,75,55,3.1,-999,0,-999,-999
6088007,20160316000000,43.738667,7.279167,238,2,5.4,9.5,7.2,51,90,73,7,-999,7.3,-999,-999
6088007,20160317000000,43.738667,7.279167,238,2,6.1,15.4,11.4,29,75,41,4.3,-999,0,-999,-999
6088007,20160318000000,43.738667,7.279167,238,2,6.8,15.1,10.6,27,78,50,2.9,-999,0,-999,-999
6088007,20160319000000,43.738667,7.279167,238,2,6.1,14.3,10,50,91,72,2.6,-999,0,-999,-999
6088007,20160320000000,43.738667,7.279167,238,2,5.7,14.4,9.9,59,89,77,1.8,-999,0,-999,-999
6088007,20160321000000,43.738667,7.279167,238,2,7.4,16.6,11.8,49,91,74,2.2,-999,0,-999,-999
6088007,20160322000000,43.738667,7.279167,238,2,8.9,20.5,14.4,25,84,44,2.8,-999,0,-999,-999
6088007,20160323000000,43.738667,7.279167,238,2,8.1,15.6,11.5,33,77,58,2.9,-999,0,-999,-999
6088007,20160324000000,43.738667,7.279167,238,2,6,14.2,10.3,49,86,66,2.9,-999,0,-999,-999
6088007,20160325000000,43.738667,7.279167,238,2,6.6,15,10.8,56,92,80,1.7,-999,0,-999,-999
6088007,20160326000000,43.738667,7.279167,238,2,6.2,15.3,10.9,55,96,75,2.5,-999,0,-999,-999
6088007,20160327000000,43.738667,7.279167,238,2,6.3,13.5,9.7,63,100,84,1.8,-999,7.3,-999,-999
6088007,20160328000000,43.738667,7.279167,238,2,7.5,14.6,11,57,100,86,2.5,-999,0,-999,-999
6088007,20160329000000,43.738667,7.279167,238,2,7.1,16.1,11.8,56,96,84,2.4,-999,0,-999,-999
6088007,20160330000000,43.738667,7.279167,238,2,8.6,15.4,11.9,74,97,87,2.3,-999,0,-999,-999
6088007,20160331000000,43.738667,7.279167,238,2,8.7,18.4,14,54,92,71,2,-999,0.2,-999,-999
6088007,20160401000000,43.738667,7.279167,238,2,12.5,19.4,14.8,37,93,74,2.2,-999,2.2,-999,-999
6088007,20160402000000,43.738667,7.279167,238,2,14.1,22.8,19,21,67,42,2.7,-999,0,-999,-999
6088007,20160403000000,43.738667,7.279167,238,2,14,19.9,15.7,33,85,65,1.7,-999,0,-999,-999
6088007,20160404000000,43.738667,7.279167,238,2,11.9,17.3,13.9,68,96,81,1.5,-999,0.4,-999,-999
6088007,20160405000000,43.738667,7.279167,238,2,12.2,20.2,15.8,57,84,71,2,-999,0,-999,-999
6088007,20160406000000,43.738667,7.279167,238,2,11.9,21.9,16.6,35,85,55,2.6,-999,0,-999,-999
6088007,20160407000000,43.738667,7.279167,238,2,12.9,21.3,16.7,36,67,55,2.7,-999,0,-999,-999
6088007,20160408000000,43.738667,7.279167,238,2,11.6,19.4,14.1,42,78,63,2.5,-999,0,-999,-999
6088007,20160409000000,43.738667,7.279167,238,2,8.7,13,10.3,60,91,76,2.6,-999,1.4,-999,-999
6088007,20160410000000,43.738667,7.279167,238,2,6.5,15.6,11.4,62,91,78,2.5,-999,0,-999,-999
6088007,20160411000000,43.738667,7.279167,238,2,8,17.8,12.8,39,91,72,2.5,-999,0,-999,-999
6088007,20160412000000,43.738667,7.279167,238,2,8.3,18.1,13.2,45,82,67,2.6,-999,0,-999,-999
6088007,20160413000000,43.738667,7.279167,238,2,9.2,17,13.4,44,89,74,3.1,-999,0.4,-999,-999
6088007,20160414000000,43.738667,7.279167,238,2,8.6,20.8,15.3,30,80,51,2.4,-999,0,-999,-999
6088007,20160415000000,43.738667,7.279167,238,2,8.9,17.4,13.4,57,92,80,2.9,-999,0,-999,-999
6088007,20160416000000,43.738667,7.279167,238,2,9.8,20.1,14.5,39,91,68,3,-999,0,-999,-999
6088007,20160417000000,43.738667,7.279167,238,2,10.3,18,13.9,69,95,86,2,-999,1,-999,-999
6088007,20160418000000,43.738667,7.279167,238,2,11.3,22,15.9,16,94,41,5.1,-999,0,-999,-999
6088007,20160419000000,43.738667,7.279167,238,2,7.8,19.7,14.6,29,78,51,2.4,-999,0,-999,-999
6088007,20160420000000,43.738667,7.279167,238,2,11.1,20.7,16.2,34,61,49,2.4,-999,0,-999,-999
6088007,20160421000000,43.738667,7.279167,238,2,13.6,21.3,16.4,34,79,54,2.5,-999,0.2,-999,-999
6088007,20160422000000,43.738667,7.279167,238,2,11,17.8,14.7,50,97,75,2.5,-999,0.8,-999,-999
6088007,20160423000000,43.738667,7.279167,238,2,10.8,19.7,13.6,47,97,83,2.2,-999,10.3,-999,-999
6088007,20160424000000,43.738667,7.279167,238,2,9.5,19.6,14.4,33,99,64,2.7,-999,0.2,-999,-999
6088007,20160425000000,43.738667,7.279167,238,2,6.7,15,11.4,37,68,51,3.7,-999,0,-999,-999
6088007,20160426000000,43.738667,7.279167,238,2,6.9,19.8,14.2,27,67,42,2.7,-999,0,-999,-999
6088007,20160427000000,43.738667,7.279167,238,2,10.3,21.2,15.9,9,59,30,5.4,-999,0,-999,-999
6088007,20160428000000,43.738667,7.279167,238,2,9.4,17.6,12.7,42,78,63,2.4,-999,0,-999,-999
6088007,20160429000000,43.738667,7.279167,238,2,8.1,17.4,12.9,47,81,65,2.8,-999,0.4,-999,-999
6088007,20160430000000,43.738667,7.279167,238,2,9.3,17.4,13.3,45,72,58,2.9,-999,0,-999,-999
6088007,20160501000000,43.738667,7.279167,238,2,8.2,16.4,12.3,42,77,60,3.2,-999,0,-999,-999
6088007,20160502000000,43.738667,7.279167,238,2,9.8,19.7,14.6,29,74,50,2.6,-999,0,-999,-999
6088007,20160503000000,43.738667,7.279167,238,2,11.5,22.3,16.9,31,62,48,2.7,-999,0,-999,-999
6088007,20160504000000,43.738667,7.279167,238,2,11.6,21,16.4,22,62,40,3,-999,0,-999,-999
6088007,20160505000000,43.738667,7.279167,238,2,10.6,20.6,15.9,34,58,45,2.7,-999,0,-999,-999
6088007,20160506000000,43.738667,7.279167,238,2,11.5,21.3,16.8,31,53,42,2.6,-999,0,-999,-999
6088007,20160507000000,43.738667,7.279167,238,2,13.1,20.9,17.2,33,55,45,3.1,-999,0.8,-999,-999
6088007,20160508000000,43.738667,7.279167,238,2,15.1,19.6,16.1,43,95,59,2.7,-999,6.8,-999,-999
6088007,20160509000000,43.738667,7.279167,238,2,11.8,21,16.2,42,98,71,2.6,-999,3.2,-999,-999
6088007,20160510000000,43.738667,7.279167,238,2,13.7,22.9,17.9,54,90,71,2.5,-999,13.7,-999,-999
6088007,20160511000000,43.738667,7.279167,238,2,13.9,17.7,15,71,99,93,2.4,-999,1.2,-999,-999
6088007,20160512000000,43.738667,7.279167,238,2,11.5,21.1,16.4,40,98,64,3.6,-999,0,-999,-999
6088007,20160513000000,43.738667,7.279167,238,2,13.4,19.1,15.8,49,94,72,1.9,-999,0.2,-999,-999
6088007,20160514000000,43.738667,7.279167,238,2,11.8,-999,15.3,65,95,85,2.4,-999,-999,-999,-999
6088007,20160515000000,43.738667,7.279167,238,2,12,21,16.4,47,93,69,2.4,-999,0,-999,-999
6088007,20160516000000,43.738667,7.279167,238,2,11.5,18.5,15.1,55,86,73,2.4,-999,0.4,-999,-999
6088007,20160517000000,43.738667,7.279167,238,2,9.8,19.5,15.2,41,87,64,2.5,-999,0,-999,-999
6088007,20160518000000,43.738667,7.279167,238,2,10.6,18.4,14.9,56,87,74,2.5,-999,0.4,-999,-999
6088007,20160519000000,43.738667,7.279167,238,2,11.1,24,16,20,86,57,2.7,-999,0,-999,-999
6088007,20160520000000,43.738667,7.279167,238,2,10.9,23.1,18.1,25,68,42,2.8,-999,0,-999,-999
6088007,20160521000000,43.738667,7.279167,238,2,14.2,22.3,18.1,31,80,56,2.8,-999,0,-999,-999
6088007,20160522000000,43.738667,7.279167,238,2,12.6,22.2,17.3,30,83,68,2.3,-999,0,-999,-999
6088007,20160523000000,43.738667,7.279167,238,2,14.1,22.1,17.1,22,72,43,4.3,-999,0,-999,-999
6088007,20160524000000,43.738667,7.279167,238,2,13.1,21.6,17,22,80,47,3.3,-999,0,-999,-999
6088007,20160525000000,43.738667,7.279167,238,2,10.5,19.5,15.6,55,84,72,2.5,-999,0,-999,-999
6088007,20160526000000,43.738667,7.279167,238,2,12,22.4,17.3,47,91,68,2.3,-999,0,-999,-999
6088007,20160527000000,43.738667,7.279167,238,2,15.4,26.6,20.5,15,76,46,2.1,-999,0,-999,-999
6088007,20160528000000,43.738667,7.279167,238,2,14.7,24.4,18.9,35,95,61,2.9,-999,1,-999,-999
6088007,20160529000000,43.738667,7.279167,238,2,13.8,20.7,16.7,51,98,83,2.1,-999,24.6,-999,-999
6088007,20160530000000,43.738667,7.279167,238,2,12.4,25.7,19.8,29,81,51,4.8,-999,0,-999,-999
6088007,20160531000000,43.738667,7.279167,238,2,13.7,22.5,17.9,50,82,67,2.8,-999,0,-999,-999
6088007,20160601000000,43.738667,7.279167,238,2,13.4,19.2,16.3,55,81,72,2.3,-999,0,-999,-999
6088007,20160602000000,43.738667,7.279167,238,2,12.5,18.6,16.1,65,95,81,1.9,-999,0.4,-999,-999
6088007,20160603000000,43.738667,7.279167,238,2,14.7,20.8,17.1,66,96,85,1.6,-999,0.8,-999,-999
6088007,20160604000000,43.738667,7.279167,238,2,15.8,19.3,16.9,71,97,88,1.5,-999,1.8,-999,-999
6088007,20160605000000,43.738667,7.279167,238,2,13.7,21.2,16.9,66,94,87,1.7,-999,0.2,-999,-999
6088007,20160606000000,43.738667,7.279167,238,2,13.9,22.6,18.5,63,96,81,2.4,-999,0,-999,-999
6088007,20160607000000,43.738667,7.279167,238,2,16.8,24.2,20.3,51,90,73,2.3,-999,0,-999,-999
6088007,20160608000000,43.738667,7.279167,238,2,16.8,23.2,19.7,64,96,80,2.7,-999,1.2,-999,-999
6088007,20160609000000,43.738667,7.279167,238,2,16.7,23.5,18.9,57,96,81,2.5,-999,26.4,-999,-999
6088007,20160610000000,43.738667,7.279167,238,2,14.1,23.1,19.3,50,86,69,2.5,-999,0,-999,-999
6088007,20160611000000,43.738667,7.279167,238,2,15.8,23.4,20,57,94,75,2.1,-999,0.2,-999,-999
6088007,20160612000000,43.738667,7.279167,238,2,16.5,24.2,19.8,54,95,78,2.2,-999,0,-999,-999
6088007,20160613000000,43.738667,7.279167,238,2,15.5,23.1,19.4,58,91,77,2.7,-999,0,-999,-999
6088007,20160614000000,43.738667,7.279167,238,2,16.3,24.2,20.5,32,93,65,2.5,-999,0,-999,-999
6088007,20160615000000,43.738667,7.279167,238,2,14.8,21.5,17.3,38,97,73,1.9,-999,3.6,-999,-999
6088007,20160616000000,43.738667,7.279167,238,2,15.7,22.1,18,62,98,84,2,-999,12.2,-999,-999
6088007,20160617000000,43.738667,7.279167,238,2,13.4,22.3,17.8,49,86,66,4.5,-999,0,-999,-999
6088007,20160618000000,43.738667,7.279167,238,2,13,21.8,17.5,52,85,68,2.6,-999,0,-999,-999
6088007,20160619000000,43.738667,7.279167,238,2,14.6,21.1,17.3,53,93,76,2,-999,1.8,-999,-999
6088007,20160620000000,43.738667,7.279167,238,2,14.8,24,20.2,35,79,52,3,-999,0,-999,-999
6088007,20160621000000,43.738667,7.279167,238,2,16.6,24.2,20.2,39,86,65,2.6,-999,0,-999,-999
6088007,20160622000000,43.738667,7.279167,238,2,16.7,27.5,23.4,35,72,53,2.6,-999,0,-999,-999
6088007,20160623000000,43.738667,7.279167,238,2,21,29.8,26.3,37,69,52,2.5,-999,0,-999,-999
6088007,20160624000000,43.738667,7.279167,238,2,23.2,31.8,27.2,22,64,47,2.3,-999,0,-999,-999
6088007,20160625000000,43.738667,7.279167,238,2,20,28.1,23.3,42,95,69,2.7,-999,0,-999,-999
6088007,20160626000000,43.738667,7.279167,238,2,18.7,26.4,22,41,94,77,2.4,-999,0,-999,-999
6088007,20160627000000,43.738667,7.279167,238,2,17.1,24.7,21.5,59,91,72,2.8,-999,0,-999,-999
6088007,20160628000000,43.738667,7.279167,238,2,17.6,26.3,22,57,82,70,2.4,-999,0,-999,-999
6088007,20160629000000,43.738667,7.279167,238,2,17.3,25,21.3,55,84,72,2.2,-999,0,-999,-999
6088007,20160630000000,43.738667,7.279167,238,2,17.9,25.5,21.2,56,96,78,2.3,-999,3.2,-999,-999
6088007,20160701000000,43.738667,7.279167,238,2,17.8,25.8,21.8,63,93,79,2.4,-999,0,-999,-999
6088007,20160702000000,43.738667,7.279167,238,2,18.2,27.7,22.3,54,93,80,2.2,-999,0,-999,-999
6088007,20160703000000,43.738667,7.279167,238,2,18.4,26.5,22.8,60,94,78,2.3,-999,0,-999,-999
6088007,20160704000000,43.738667,7.279167,238,2,18.6,26.9,23,58,94,76,2.5,-999,0,-999,-999
6088007,20160705000000,43.738667,7.279167,238,2,20.4,28.8,24.4,48,82,66,2.7,-999,0,-999,-999
6088007,20160706000000,43.738667,7.279167,238,2,18.8,29.3,24.7,47,80,61,2.5,-999,0,-999,-999
6088007,20160707000000,43.738667,7.279167,238,2,20.2,28.4,24.3,53,83,67,2.7,-999,0,-999,-999
6088007,20160708000000,43.738667,7.279167,238,2,21,26.8,23.4,59,85,74,2.1,-999,0,-999,-999
6088007,20160709000000,43.738667,7.279167,238,2,19.6,27.3,23.7,66,93,80,2.3,-999,0,-999,-999
6088007,20160710000000,43.738667,7.279167,238,2,20,27.8,24.3,63,93,80,2.5,-999,0,-999,-999
6088007,20160711000000,43.738667,7.279167,238,2,21.3,28.3,24.8,41,82,70,2.3,-999,0,-999,-999
6088007,20160712000000,43.738667,7.279167,238,2,20.2,27.6,23.9,62,91,77,2.2,-999,0,-999,-999
6088007,20160713000000,43.738667,7.279167,238,2,18.9,32.4,24.7,8,88,39,4.7,-999,0,-999,-999
6088007,20160714000000,43.738667,7.279167,238,2,17.8,25.4,21.3,25,54,36,4.2,-999,0,-999,-999
6088007,20160715000000,43.738667,7.279167,238,2,16.7,25.3,21.2,19,46,33,4.1,-999,0,-999,-999
6088007,20160716000000,43.738667,7.279167,238,2,16.6,26,21.4,23,65,41,2.8,-999,0,-999,-999
6088007,20160717000000,43.738667,7.279167,238,2,15.8,24.9,20.9,45,78,60,2.4,-999,0,-999,-999
6088007,20160718000000,43.738667,7.279167,238,2,17.4,25.2,21.2,48,76,68,2.5,-999,0,-999,-999
6088007,20160719000000,43.738667,7.279167,238,2,17.5,26.6,22.4,43,79,65,2.4,-999,0,-999,-999
6088007,20160720000000,43.738667,7.279167,238,2,19.3,27.1,23.1,38,73,61,2.7,-999,0,-999,-999
6088007,20160721000000,43.738667,7.279167,238,2,19.9,28.1,22.9,42,91,72,2.2,-999,0,-999,-999
6088007,20160722000000,43.738667,7.279167,238,2,19.4,28.5,23.3,50,89,71,2.2,-999,1.8,-999,-999
6088007,20160723000000,43.738667,7.279167,238,2,20.4,28.9,25.1,39,79,53,3.2,-999,0,-999,-999
6088007,20160724000000,43.738667,7.279167,238,2,21.9,28.6,25,44,61,52,2.7,-999,0,-999,-999
6088007,20160725000000,43.738667,7.279167,238,2,21.2,29.5,25.7,36,63,50,2.7,-999,0,-999,-999
6088007,20160726000000,43.738667,7.279167,238,2,20.9,29.6,25.4,41,70,57,2.4,-999,0,-999,-999
6088007,20160727000000,43.738667,7.279167,238,2,20.9,28.5,24,50,84,70,2.8,-999,0,-999,-999
6088007,20160728000000,43.738667,7.279167,238,2,18.7,27.5,23.4,55,84,70,2.4,-999,0,-999,-999
6088007,20160729000000,43.738667,7.279167,238,2,18.8,27.6,23.3,61,90,76,2.3,-999,0,-999,-999
6088007,20160730000000,43.738667,7.279167,238,2,19.5,27,22.9,64,93,82,2,-999,0,-999,-999
6088007,20160731000000,43.738667,7.279167,238,2,19.8,27.3,23.7,39,93,73,2.3,-999,0.4,-999,-999
6088007,20160801000000,43.738667,7.279167,238,2,20,27.4,24,54,89,65,2.8,-999,0,-999,-999
6088007,20160802000000,43.738667,7.279167,238,2,20,27.4,24.1,46,72,62,2.2,-999,0,-999,-999
6088007,20160803000000,43.738667,7.279167,238,2,19.5,28.8,24,55,85,71,2.3,-999,0,-999,-999
6088007,20160804000000,43.738667,7.279167,238,2,20.2,28.6,23.8,36,91,73,2.7,-999,1.4,-999,-999
6088007,20160805000000,43.738667,7.279167,238,2,18.9,31.4,23.6,29,84,55,3.2,-999,0,-999,-999
6088007,20160806000000,43.738667,7.279167,238,2,17.2,27.8,23.4,28,69,44,3,-999,0,-999,-999
6088007,20160807000000,43.738667,7.279167,238,2,19.4,29,24.6,28,55,42,2.9,-999,0,-999,-999
6088007,20160808000000,43.738667,7.279167,238,2,19.8,28.5,24.4,33,60,44,2.7,-999,0,-999,-999
6088007,20160809000000,43.738667,7.279167,238,2,19.6,27.4,23.1,44,87,65,2.4,-999,0,-999,-999
6088007,20160810000000,43.738667,7.279167,238,2,17.9,25.7,21.3,44,88,72,2.5,-999,0,-999,-999
6088007,20160811000000,43.738667,7.279167,238,2,17.3,26.9,22.6,34,86,52,2.4,-999,0,-999,-999
6088007,20160812000000,43.738667,7.279167,238,2,16.9,25.5,21.6,39,65,53,2.5,-999,0,-999,-999
6088007,20160813000000,43.738667,7.279167,238,2,18.2,26.5,22.7,39,67,54,2.8,-999,0,-999,-999
6088007,20160814000000,43.738667,7.279167,238,2,18.8,28.3,23.8,34,67,51,2.5,-999,0,-999,-999
6088007,20160815000000,43.738667,7.279167,238,2,18.8,26.9,22.9,36,79,60,2.4,-999,0,-999,-999
6088007,20160816000000,43.738667,7.279167,238,2,18.5,26,22.3,49,83,70,2.3,-999,0,-999,-999
6088007,20160817000000,43.738667,7.279167,238,2,17.6,25.9,21.6,50,91,78,2.4,-999,0.2,-999,-999
6088007,20160818000000,43.738667,7.279167,238,2,17.6,26.9,22,52,88,76,2.7,-999,0,-999,-999
6088007,20160819000000,43.738667,7.279167,238,2,18.4,27,22.6,60,91,80,2.3,-999,0,-999,-999
6088007,20160820000000,43.738667,7.279167,238,2,20.3,27,23.2,56,89,75,2.3,-999,0,-999,-999
6088007,20160821000000,43.738667,7.279167,238,2,19.2,28.7,23.6,51,86,73,2,-999,0,-999,-999
6088007,20160822000000,43.738667,7.279167,238,2,19.2,29.1,23.7,33,91,61,2.5,-999,0,-999,-999
6088007,20160823000000,43.738667,7.279167,238,2,19,28.2,24.1,27,64,45,2.5,-999,0,-999,-999
6088007,20160824000000,43.738667,7.279167,238,2,20,29.2,24.9,37,58,50,2.9,-999,0,-999,-999
6088007,20160825000000,43.738667,7.279167,238,2,21,27.7,24.8,47,66,56,2.6,-999,0,-999,-999
6088007,20160826000000,43.738667,7.279167,238,2,20.4,28.5,24.6,40,71,57,2.7,-999,0,-999,-999
6088007,20160827000000,43.738667,7.279167,238,2,21.6,28,25,47,69,59,2.7,-999,0,-999,-999
6088007,20160828000000,43.738667,7.279167,238,2,20.2,28.3,23.5,34,89,69,2.4,-999,0,-999,-999
6088007,20160829000000,43.738667,7.279167,238,2,18.8,26.7,23.1,61,88,78,2.2,-999,1.2,-999,-999
6088007,20160830000000,43.738667,7.279167,238,2,19.8,24.1,21.8,59,93,78,2.5,-999,3.6,-999,-999
6088007,20160831000000,43.738667,7.279167,238,2,18.8,29,23.6,43,90,61,2.6,-999,0,-999,-999
6088007,20160901000000,43.738667,7.279167,238,2,19.7,27.9,23.9,47,75,62,2.7,-999,0,-999,-999
6088007,20160902000000,43.738667,7.279167,238,2,19.3,26.8,23.2,52,83,70,2.3,-999,0,-999,-999
6088007,20160903000000,43.738667,7.279167,238,2,18.8,27.6,23.1,53,81,71,2.1,-999,0,-999,-999
6088007,20160904000000,43.738667,7.279167,238,2,18.5,26.3,22.5,64,90,78,2.1,-999,0,-999,-999
6088007,20160905000000,43.738667,7.279167,238,2,19.8,26.6,23.2,46,91,76,2.6,-999,0,-999,-999
6088007,20160906000000,43.738667,7.279167,238,2,20.2,27.3,23.8,41,76,56,2.6,-999,0,-999,-999
6088007,20160907000000,43.738667,7.279167,238,2,17.7,28.7,23.4,31,84,56,2.5,-999,0,-999,-999
6088007,20160908000000,43.738667,7.279167,238,2,20.5,27.9,23.9,34,59,49,2.7,-999,0,-999,-999
6088007,20160909000000,43.738667,7.279167,238,2,20,28.9,24.9,35,62,47,2.9,-999,0,-999,-999
6088007,20160910000000,43.738667,7.279167,238,2,20.9,29.5,25.3,36,57,47,2.7,-999,0,-999,-999
6088007,20160911000000,43.738667,7.279167,238,2,21.4,30,25.5,33,59,46,3.7,-999,0,-999,-999
6088007,20160912000000,43.738667,7.279167,238,2,22.2,30.2,25,39,63,51,3.4,-999,0,-999,-999
6088007,20160913000000,43.738667,7.279167,238,2,21.4,29,24.5,40,68,54,2.9,-999,0,-999,-999
6088007,20160914000000,43.738667,7.279167,238,2,19.6,27,22.8,55,81,67,2,-999,4.9,-999,-999
6088007,20160915000000,43.738667,7.279167,238,2,19.1,24.8,21.2,39,92,67,3.8,-999,0,-999,-999
6088007,20160916000000,43.738667,7.279167,238,2,16.1,25.1,20,34,80,56,3.2,-999,0,-999,-999
6088007,20160917000000,43.738667,7.279167,238,2,15.4,24.9,19.9,36,67,52,3.5,-999,0,-999,-999
6088007,20160918000000,43.738667,7.279167,238,2,14.3,22.1,17.5,41,89,66,2.5,-999,0,-999,-999
6088007,20160919000000,43.738667,7.279167,238,2,12.8,23.5,18.7,37,88,63,2.4,-999,0,-999,-999
6088007,20160920000000,43.738667,7.279167,238,2,16.5,24.1,19.8,44,78,63,2.4,-999,0,-999,-999
6088007,20160921000000,43.738667,7.279167,238,2,15.7,23.4,17.9,55,91,73,2.4,-999,4.4,-999,-999
6088007,20160922000000,43.738667,7.279167,238,2,13.8,22.9,18.8,50,85,70,2.7,-999,0,-999,-999
6088007,20160923000000,43.738667,7.279167,238,2,16.2,23.3,19.4,45,86,69,2.2,-999,0,-999,-999
6088007,20160924000000,43.738667,7.279167,238,2,16,23.3,18.8,54,85,70,1.9,-999,0.8,-999,-999
6088007,20160925000000,43.738667,7.279167,238,2,15.3,24,19.4,38,83,63,2.7,-999,0,-999,-999
6088007,20160926000000,43.738667,7.279167,238,2,15,24.4,19.4,44,81,63,2.6,-999,0,-999,-999
6088007,20160927000000,43.738667,7.279167,238,2,16.2,24.4,19.7,34,72,53,2.4,-999,0.4,-999,-999
6088007,20160928000000,43.738667,7.279167,238,2,16.1,24.8,20.1,33,67,50,3,-999,0,-999,-999
6088007,20160929000000,43.738667,7.279167,238,2,14.9,23.8,18.8,52,89,74,2.6,-999,0.2,-999,-999
6088007,20160930000000,43.738667,7.279167,238,2,14.8,22.3,18.7,49,89,75,3,-999,0,-999,-999
6088007,20161001000000,43.738667,7.279167,238,2,15.4,21.2,17.7,64,90,78,1.9,-999,0.8,-999,-999
6088007,20161002000000,43.738667,7.279167,238,2,14.1,26.5,19.6,31,85,59,2.9,-999,0,-999,-999
6088007,20161003000000,43.738667,7.279167,238,2,14.9,24.8,19.4,35,64,46,2.2,-999,0,-999,-999
6088007,20161004000000,43.738667,7.279167,238,2,15.4,24.1,18.8,26,60,46,2.6,-999,0,-999,-999
6088007,20161005000000,43.738667,7.279167,238,2,13.3,22.2,18.3,32,70,54,2.7,-999,0,-999,-999
6088007,20161006000000,43.738667,7.279167,238,2,13.5,19.2,16.3,41,81,58,1.8,-999,0.6,-999,-999
6088007,20161007000000,43.738667,7.279167,238,2,11.5,20.6,16.1,48,79,65,2.1,-999,0,-999,-999
6088007,20161008000000,43.738667,7.279167,238,2,12.8,21.1,16.4,52,76,67,2.3,-999,0,-999,-999
6088007,20161009000000,43.738667,7.279167,238,2,13.6,20.3,15.7,50,91,71,2.1,-999,2.8,-999,-999
6088007,20161010000000,43.738667,7.279167,238,2,11.9,19.1,14.5,38,96,71,3.1,-999,3.6,-999,-999
6088007,20161011000000,43.738667,7.279167,238,2,10,17.4,12.2,43,94,71,2.3,-999,0.6,-999,-999
6088007,20161012000000,43.738667,7.279167,238,2,8.8,17.4,13,46,78,62,2.3,-999,1,-999,-999
6088007,20161013000000,43.738667,7.279167,238,2,10.1,17.9,12.8,56,96,76,3.4,-999,16.3,-999,-999
6088007,20161014000000,43.738667,7.279167,238,2,12.2,20.3,15.9,62,96,80,2.9,-999,42.2,-999,-999
6088007,20161015000000,43.738667,7.279167,238,2,10.9,20.2,15.1,57,96,84,2.1,-999,0,-999,-999
6088007,20161016000000,43.738667,7.279167,238,2,12,19.3,15.5,64,94,81,2.1,-999,0,-999,-999
6088007,20161017000000,43.738667,7.279167,238,2,13.1,18.3,15.6,62,88,76,1.7,-999,0,-999,-999
6088007,20161018000000,43.738667,7.279167,238,2,11.5,20.4,15.6,61,90,79,2.3,-999,0,-999,-999
6088007,20161019000000,43.738667,7.279167,238,2,12.2,19.1,15.2,63,93,79,2.1,-999,0,-999,-999
6088007,20161020000000,43.738667,7.279167,238,2,11,20.1,14.5,60,91,80,1.9,-999,0,-999,-999
6088007,20161021000000,43.738667,7.279167,238,2,9.9,17.5,13.5,53,90,73,2.8,-999,0,-999,-999
6088007,20161022000000,43.738667,7.279167,238,2,9.7,18.6,13.6,50,93,74,2.1,-999,1.6,-999,-999
6088007,20161023000000,43.738667,7.279167,238,2,11.7,15.4,13.2,71,97,89,2.1,-999,9.7,-999,-999
6088007,20161024000000,43.738667,7.279167,238,2,13.6,23.8,17.9,62,95,84,1.8,-999,0.4,-999,-999
6088007,20161025000000,43.738667,7.279167,238,2,15.4,20.1,17.5,75,96,88,2,-999,0.8,-999,-999
6088007,20161026000000,43.738667,7.279167,238,2,13.9,20,16.4,76,95,89,1.6,-999,0.2,-999,-999
6088007,20161027000000,43.738667,7.279167,238,2,13.3,21.9,16.9,49,92,72,2.5,-999,0,-999,-999
6088007,20161028000000,43.738667,7.279167,238,2,11.6,19.5,15.2,64,92,81,2.4,-999,0,-999,-999
6088007,20161029000000,43.738667,7.279167,238,2,11.2,20,15.4,49,92,76,2.3,-999,0,-999,-999
6088007,20161030000000,43.738667,7.279167,238,2,11.6,22,16.1,33,78,59,2.4,-999,0,-999,-999
6088007,20161031000000,43.738667,7.279167,238,2,12,21.1,15.3,37,87,67,2.4,-999,0,-999,-999
6088007,20161101000000,43.738667,7.279167,238,2,10.3,18.6,14.2,61,92,78,2.7,-999,0,-999,-999
6088007,20161102000000,43.738667,7.279167,238,2,10.3,19.8,14.4,45,91,68,2,-999,0,-999,-999
6088007,20161103000000,43.738667,7.279167,238,2,10.6,19.2,14.6,58,86,73,2.3,-999,0,-999,-999
6088007,20161104000000,43.738667,7.279167,238,2,11.1,17.6,14.2,62,96,84,1.7,-999,14.3,-999,-999
6088007,20161105000000,43.738667,7.279167,238,2,12.3,16.3,14.5,87,97,94,1.7,-999,4,-999,-999
6088007,20161106000000,43.738667,7.279167,238,2,12.3,16.8,13.2,31,94,64,3,-999,0,-999,-999
6088007,20161107000000,43.738667,7.279167,238,2,4.2,14.9,9.2,28,70,45,2.6,-999,0,-999,-999
6088007,20161108000000,43.738667,7.279167,238,2,5.6,14.3,9.3,35,70,49,3.1,-999,0,-999,-999
6088007,20161109000000,43.738667,7.279167,238,2,5.6,10.8,8.2,35,73,53,3,-999,0,-999,-999
6088007,20161110000000,43.738667,7.279167,238,2,5.6,16.2,11.5,31,74,49,2.1,-999,0,-999,-999
6088007,20161111000000,43.738667,7.279167,238,2,7.6,17.7,12.5,23,74,47,4.2,-999,0,-999,-999
6088007,20161112000000,43.738667,7.279167,238,2,7.2,16.6,10.5,20,60,37,3.1,-999,0,-999,-999
